title,danceability,energy,key,loudness,mode,speechiness,acousticness,instrumentalness,liveness,time_signature,valence,tempo
Se Eu Quiser Falar Com Deus                                                                                                                                                       - Gilberto Gil                                    ,0.7017017017017017,0.14614614614614616,1.0,0.1871871871871872,0.0,0.6156156156156156,0.7912912912912913,0.38538538538538536,0.998998998998999,0.5385385385385385,0.3763763763763764,0.4094268986950502
Saudade De Bahia                                                                                                                                                                  - Antônio Carlos Jobim                            ,0.8343343343343343,0.20686366840212997,0.27127127127127126,0.20364126959037668,1.0,0.15565565565565564,0.6101266726913056,0.2679269194212694,0.36936936936936937,0.5385385385385385,0.7627627627627628,0.5934620066075451
"Canta Canta, Minha Gente                                                                                                                                                        - Martinho Da Vila                                ",0.9623430962343116,0.4904904904904905,0.27127127127127126,0.26090857733659456,1.0,0.986986986986987,0.7170503837170503,0.38873381877987245,0.49199199199199195,0.5385385385385385,0.9419419419419419,0.19644975118845626
Mulher Eu Sei                                                                                                                                                                     - Chico César                                     ,0.7802802802802802,0.03795277927770042,0.3918918918918919,0.09628509601618934,1.0,0.3993993993993994,0.8648648648648649,0.37361725663716816,0.9192688139504094,0.5385385385385385,0.6096096096096096,0.3713601625450588
Rosa Morena                                                                                                                                                                       - Kurt Elling                                     ,0.6891891891891893,0.07980459298476225,0.5445445445445445,0.07548902850455264,1.0,0.23023023023023023,0.8833811186752363,0.4429782728544462,0.3433433433433434,0.5385385385385385,0.48648648648648646,0.5301189846273279
Desafinado                                                                                                                                                                        - Stan Getz                                       ,0.4084084084084084,0.0965965965965966,0.3383383383383384,0.1041741549733877,1.0,0.577077077077077,0.8948948948948949,0.6555062620636392,0.36936936936936937,0.5385385385385385,0.5055055055055055,0.8204089349340746
Madalena                                                                                                                                                                          - Maria Gasolina                                  ,0.7312312312312312,0.12462462462462463,1.0,0.16811229712253603,0.0,0.48848848848848847,0.9219219219219219,0.7087087087087087,0.4169169169169169,0.5385385385385385,0.7562925244084664,0.19481933107872626
O Meu Amor É Glòria                                                                                                                                                               - Sílvia Pérez Cruz                               ,0.45345345345345345,0.4934934934934935,0.6341341341341341,0.27427427427427425,1.0,0.992992992992993,0.7920420420420421,0.384182776801406,0.9780142601256162,0.5385385385385385,0.9294294294294294,0.2531658118055833
Brigas Nunca Mais                                                                                                                                                                 - Paula Morelenbaum                               ,0.7602602602602602,0.29929929929929927,0.8883883883883883,0.2440085716784746,1.0,0.26976976976976974,0.696363029696363,0.6285897641585112,0.5965965965965966,0.5385385385385385,0.7184394788147945,0.9312253493719779
Previsao                                                                                                                                                                          - Bossacucanova                                   ,0.7292292292292293,0.6951951951951951,0.16616616616616617,0.439283676199564,1.0,0.23473473473473472,0.7755607323330667,0.6972687790765592,0.5540540540540541,0.5385385385385385,0.6206206206206206,0.29558984327542304
The Girl From Ipanema                                                                                                                                                             - Stan Getz                                       ,0.6711711711711712,0.0920920920920921,0.7217217217217218,0.11607603284378501,1.0,0.25075075075075076,0.8568568568568569,0.4956216058578264,0.35235235235235235,0.5385385385385385,0.4701130856219709,0.6960318726514346
Blue Bossa - Remastered                                                                                                                                                           - Joe Henderson                                   ,0.42342342342342343,0.2222222222222222,0.4664664664664665,0.31683242842643444,0.0,0.4750853480236499,0.7648327491597313,0.7631569291009576,0.37887887887887883,0.5385385385385385,0.936995153473344,0.09876452087674718
Aqua De Coco                                                                                                                                                                      - Marcos Valle                                    ,0.8573573573573574,0.4924924924924925,0.8883883883883883,0.3326192707636007,0.0,0.582082082082082,0.7287287287287287,0.4768689382180722,0.943943943943944,0.5385385385385385,0.8773773773773774,0.13976393858948452
Samba de Verão                                                                                                                                                                    - Marcos Valle                                    ,0.7657657657657657,0.2097097097097097,0.0,0.15015015015015015,1.0,0.09259259259259259,0.8338338338338338,0.4162814006785638,0.8613613613613613,0.5385385385385385,0.9019019019019019,0.45532945397863944
Mas Que Nada                                                                                                                                                                      - Rio Combo                                       ,0.6251251251251251,0.2932932932932933,0.4664664664664665,0.20136042556902414,0.0,0.08208208208208209,0.5615615615615616,0.5044207362963719,0.6771771771771772,0.5385385385385385,0.948948948948949,0.14267201788065134
Nova Bossa Nova                                                                                                                                                                   - Marcos Valle                                    ,0.5925925925925926,0.5015015015015015,0.7217217217217218,0.27930525788404265,1.0,0.36686686686686687,0.7367367367367368,0.7722722722722724,0.575075075075075,0.5385385385385385,0.924924924924925,0.2255346632939991
Não Sei                                                                                                                                                                           - Sílvia Pérez Cruz                               ,0.3283283283283283,0.06224211594934028,0.16616616616616617,0.16159258979335664,0.0,0.26226226226226224,0.9419419419419419,0.5015356182868873,0.7457457457457457,0.05005005005005005,0.1971971971971972,0.41648431627950855
A Força Que Nunca Seca (feat. Maria Bethânia)                                                                                                                                     - Chico César                                     ,0.5410410410410411,0.07678030142818874,0.27127127127127126,0.24992710188240913,1.0,0.29979979979979976,0.8708091193562808,0.0,0.8673673673673674,0.5385385385385385,0.38365445737708503,0.3855804689829151
Aquarela Do Brasil                                                                                                                                                                - Carlos Barbosa-Lima                             ,0.36436436436436437,0.14296858842313387,0.3918918918918919,0.08266794914876435,0.0,0.39289289289289286,0.9219219219219219,0.8983983983983983,0.35235235235235235,0.5385385385385385,0.5225225225225225,0.08699586897224662
Brigas Nunca Mais                                                                                                                                                                 - Brazilian Jazz                                  ,0.48598598598598597,0.15480371570011062,0.0,0.14428964887680484,1.0,0.3758758758758759,0.9324324324324325,0.8763763763763763,0.5325325325325325,0.5385385385385385,0.34434434434434436,0.24948865709027865
Águas De Março                                                                                                                                                                    - Antônio Carlos Jobim                            ,0.6666666666666666,0.30430430430430433,0.3383383383383384,0.3523255443417141,1.0,0.8273273273273274,0.8428428428428428,0.0,0.4824824824824825,0.5385385385385385,0.5545545545545546,0.8229365461354117
Aquarela Do Brasil                                                                                                                                                                - Voyager                                         ,0.39039039039039036,0.09559559559559559,0.8058058058058057,0.07631822861096135,1.0,0.4184184184184184,0.8988988988988988,0.9319319319319319,0.14664664664664664,0.05005005005005005,0.3738738738738739,0.16757224690783706
Chega De Saudade                                                                                                                                                                  - João Gilberto                                   ,0.3683683683683684,0.14014014014014015,0.3918918918918919,0.12575259022176266,0.0,0.13313313313313313,0.8070643133840163,0.0,0.6821821821821822,0.5385385385385385,0.7577577577577578,0.9615026304659545
Don't Stop the Carnival                                                                                                                                                           - Sonny Rollins                                   ,0.4244244244244244,0.28196434139057086,0.0,0.25401348378876465,1.0,0.5305305305305306,0.7506254064923065,0.0,0.9782898940837198,0.5385385385385385,0.8788788788788788,0.3470115050739614
Rebel Rebel                                                                                                                                                                       - Seu Jorge                                       ,0.8853853853853855,0.12362362362362363,0.5445445445445445,0.13100813415424462,0.0,0.47297297297297297,0.8648648648648649,0.4401660956099614,0.5560560560560561,0.5385385385385385,0.6356356356356356,0.5247607439060693
Rosa Morena - Live At Carnegie Hall/1964                                                                                                                                          - Stan Getz                                       ,0.48598598598598597,0.08886268142658538,0.6341341341341341,0.027164304120622543,1.0,0.7027027027027027,0.8768768768768769,0.6457564575645757,0.9816583874665648,0.5385385385385385,0.5545545545545546,0.7449490077227303
Karoliina Kaunis                                                                                                                                                                  - Maria Gasolina                                  ,0.8538538538538538,0.12866576253673026,1.0,0.13081649290666011,0.0,0.973973973973974,0.7669654141972944,0.5309111465131816,0.23969078969078975,0.5385385385385385,0.46196196196196193,0.7178348734206322
"Brigas, Nunca Mais                                                                                                                                                              - João Gilberto                                   ",0.44394394394394393,0.13813813813813813,0.3918918918918919,0.15083336220010407,1.0,0.12062062062062062,0.7940147635935471,0.0,0.6451451451451451,0.5385385385385385,0.7987987987987988,0.1023004524471366
Aquarela Do Brasil                                                                                                                                                                - Gal Costa                                       ,0.5245245245245245,0.3023023023023023,0.16616616616616617,0.17942482605239204,1.0,0.9945357497435638,0.8283415288332588,0.46877362770300923,0.996320978613719,0.5385385385385385,0.7517517517517518,0.77479575300325
Kaipuusamba                                                                                                                                                                       - Maria Gasolina                                  ,0.5060060060060061,0.13158669719443203,0.5445445445445445,0.12394888055658786,1.0,0.5345345345345345,0.8186174630619075,0.6353420065574937,0.4314314314314314,0.5385385385385385,0.6172381206563929,0.07406688414315611
Batida Diferente                                                                                                                                                                  - Cannonball Adderley                             ,0.6036036036036035,0.25425425425425424,0.6341341341341341,0.266375747915418,1.0,0.45345345345345345,0.8628628628628628,0.8278278278278278,0.5025025025025025,0.5385385385385385,0.7637637637637638,0.2869545060209622
Team Zissou                                                                                                                                                                       - Seu Jorge                                       ,0.6266266266266266,0.20831475482638273,0.6341341341341341,0.2388401641803629,1.0,0.17267267267267267,0.8588588588588588,0.6234871932678161,0.2882882882882883,0.5385385385385385,0.8538538538538538,0.1907170877147886
Parabens                                                                                                                                                                          - Marcos Valle                                    ,0.8268268268268268,0.5955955955955956,0.6341341341341341,0.43006413006413,1.0,0.31731731731731727,0.3337337337337338,0.6955409929461827,0.2272272272272272,0.5385385385385385,0.5565565565565566,0.39919199137196376
O Amor Em Paz                                                                                                                                                                     - Cannonball Adderley                             ,0.7422422422422423,0.15780062583817614,0.8058058058058057,0.2072072072072072,0.0,0.14164164164164164,0.933933933933934,0.8743743743743744,0.43843843843843844,0.5385385385385385,0.5202322778944304,0.48811745762496106
Once Again                                                                                                                                                                        - Stan Getz                                       ,0.6341341341341342,0.1781781781781782,0.7217217217217218,0.155151223173546,1.0,0.21521521521521522,0.848211881338929,0.6296296296296297,0.1518184851518185,0.5385385385385385,0.6626626626626626,0.1596606343567214
Mariana                                                                                                                                                                           - Bïa                                             ,0.9469469469469469,0.22022022022022023,1.0,0.4183652218943915,0.0,0.7672672672672672,0.7326776933392938,0.0,0.7442457517758723,0.5385385385385385,0.8773773773773774,0.8015786579616372
Mariana                                                                                                                                                                           - Seu Jorge                                       ,0.6231231231231231,0.2826309675624744,0.8058058058058057,0.27759178969321113,0.0,0.22072072072072074,0.7419634220786959,0.703953953953954,0.35235235235235235,0.5385385385385385,0.9604604604604605,0.9218355668359219
Carnaval Inesquecível Na Cidade Alta                                                                                                                                              - Mundo Livre S/A                                 ,0.8413413413413413,0.3078078078078078,0.0,0.3257438054056735,1.0,0.5459265837443146,0.44035846724351047,0.4997879960473477,0.039166985097439815,0.5385385385385385,0.7627627627627628,0.8663170180334053
Garota De Ipanema                                                                                                                                                                 - Leila Pinheiro                                  ,0.8178178178178178,0.09559559559559559,0.8058058058058057,0.09009009009009009,1.0,0.45145145145145144,0.8618618618618619,0.3383383383383383,0.5245245245245245,0.5385385385385385,0.6411411411411412,0.7733652655046892
Corcovado - Remastered                                                                                                                                                            - Cannonball Adderley                             ,0.8798798798798799,0.15589660743134087,0.6341341341341341,0.11173976911487049,1.0,0.3993993993993994,0.8023023023023024,0.7540530003687899,0.8148148148148149,0.5385385385385385,0.8078078078078078,0.5645660365412014
O Pato (The Duck) - Live At Carnegie Hall/1964                                                                                                                                    - João Gilberto                                   ,0.6306306306306306,0.11041573535985694,0.27127127127127126,0.043032907843900764,1.0,0.5535535535535535,0.8618618618618619,0.8178178178178178,0.9830037082818294,0.5385385385385385,0.9269269269269269,0.928928462246255
August Day Song                                                                                                                                                                   - Bebel Gilberto                                  ,0.7997997997997998,0.16227070443937913,0.3918918918918919,0.18182689383513273,0.0,0.24074074074074076,0.7631450257597048,0.5480943137314221,0.496996996996997,0.5385385385385385,0.29979979979979976,0.3285764832565633
Os Grilos                                                                                                                                                                         - Marcos Valle                                    ,0.555055055055055,0.6011011011011012,0.8058058058058057,0.250295508485403,0.0,0.6396396396396397,0.687937937937938,0.7222264448070901,0.18164076366566895,0.5385385385385385,0.7637637637637638,0.2995537735238957
Saudade Fez Um Samba                                                                                                                                                              - João Gilberto                                   ,0.7822822822822824,0.16490938377730827,0.27127127127127126,0.14746991206852147,1.0,0.47647647647647645,0.8363880196692,0.0,0.20887554220887558,0.5385385385385385,0.9269269269269269,0.1360475203210297
OBI                                                                                                                                                                               - Toots Thielemans                                ,0.5460460460460461,0.16916916916916916,0.3918918918918919,0.09923252237596158,0.0,0.6451451451451451,0.8139812637629231,0.45036085945176857,0.1881881881881882,0.5385385385385385,0.4144144144144144,0.09626299339492467
Mas Que Nada                                                                                                                                                                      - Jorge Ben Jor                                   ,0.45345345345345345,0.3163163163163163,0.27127127127127126,0.48350607841594057,0.0,0.03303303303303303,0.7491136174342282,0.34431202600216687,0.22940582792190384,0.5385385385385385,0.6526526526526526,0.14825513121724163
Laia Ladia                                                                                                                                                                        - Brazilian Jazz                                  ,0.33270770770770774,0.24224224224224225,0.8058058058058057,0.17738532894464112,0.0,0.3088088088088088,0.6160807109360165,0.6057208670140468,0.12912912912912913,0.5385385385385385,0.5925925925925926,0.124492235188491
Triste                                                                                                                                                                            - Brazilian Jazz                                  ,0.6116116116116116,0.18146382674364586,0.27127127127127126,0.23492419289561348,1.0,0.13863863863863862,0.8768768768768769,0.8428428428428428,0.2902902902902903,0.5385385385385385,0.5415415415415415,0.33814078977393436
Só Danço Samba                                                                                                                                                                    - Stan Getz                                       ,0.6131131131131131,0.1567043618739903,0.7217217217217218,0.22405163279259468,1.0,0.4974974974974975,0.8451785118451784,0.7119166249156014,0.5245245245245245,0.5385385385385385,0.7497497497497497,0.09109760254516545
Samba Triste                                                                                                                                                                      - Stan Getz                                       ,0.6631631631631631,0.11661661661661661,0.8058058058058057,0.05005962105325514,0.0,0.5945945945945946,0.8465626917239822,0.6833172043286873,0.47047047047047047,0.5385385385385385,0.7582582582582583,0.822152289068797
País Tropical                                                                                                                                                                     - Wilson Simonal                                  ,0.7857857857857857,0.34411435336647367,0.4664664664664665,0.337118002715069,1.0,0.13113113113113112,0.7907907907907907,0.0,0.8178178178178178,0.5385385385385385,0.9494494494494494,0.6938382615562579
Coracao Vagabundo                                                                                                                                                                 - Toots Thielemans                                ,0.5735735735735736,0.03833860912309966,0.7217217217217218,0.07088657712094866,1.0,0.5765765765765766,0.8742075408742075,0.6596596596596597,0.1061061061061061,1.0,0.15815815815815815,0.2667318749113634
Pais Tropical                                                                                                                                                                     - Sergio Mendes & Brasil '66                      ,0.7732732732732732,0.3333333333333333,0.4664664664664665,0.31184372808321964,1.0,0.35235235235235235,0.7277277277277278,0.0,0.9926164627411457,0.5385385385385385,0.9019019019019019,0.5479789348127959
Life On Mars?                                                                                                                                                                     - Seu Jorge                                       ,0.7052052052052051,0.09759759759759759,0.8883883883883883,0.11792715250054513,1.0,0.4344344344344344,0.8718718718718719,0.49752426369070285,0.44994994994994997,0.5385385385385385,0.33483483483483484,0.571852370916109
Apelo                                                                                                                                                                             - Brazilian Jazz                                  ,0.45545545545545546,0.14296858842313387,0.27127127127127126,0.1611264039485269,0.0,0.44094094094094094,0.8853853853853855,0.8478478478478478,0.4074074074074074,0.5385385385385385,0.25425425425425424,0.04018064116454331
"O Que É, O Que É                                                                                                                                                                - Cesar Camargo Mariano & Romero Lubambo          ",0.7637637637637638,0.17378817932323473,0.4664664664664665,0.12730236453149418,1.0,0.21521521521521522,0.9419419419419419,0.8678678678678678,0.12812812812812813,0.5385385385385385,0.7322322322322322,0.36135939244789417
Maroca                                                                                                                                                                            - Mundo Livre                                     ,0.6916916916916918,0.4844844844844845,0.16616616616616617,0.45637380916376835,0.0,0.09109109109109109,0.40182765886090704,0.5932555123216602,0.6561561561561562,0.5385385385385385,0.6601601601601601,0.8511699746923459
Apelo                                                                                                                                                                             - Jenny Chi                                       ,0.4894894894894895,0.09961939046226244,0.27127127127127126,0.2243535688225256,1.0,0.17717717717717718,0.8883883883883883,0.4119508827295197,0.496996996996997,0.5385385385385385,0.2077077077077077,0.0955296172372872
Samba Da Minha Terra - Live At Carnegie Hall/1964                                                                                                                                 - Stan Getz                                       ,0.5615615615615616,0.17378817932323473,0.3918918918918919,0.044879062112546046,0.0,0.9059059059059059,0.8648648648648649,0.7414944013781223,0.9816583874665648,0.5385385385385385,0.8653803287823907,0.10926653167805972
Corcovado                                                                                                                                                                         - Stan Getz                                       ,0.4874874874874875,0.06444661772721336,0.8058058058058057,0.09395036572910415,0.0,0.39539539539539537,0.8908908908908909,0.5507899505127777,0.8048048048048048,0.5385385385385385,0.44544544544544545,0.6239207389031051
Chega de Saudade                                                                                                                                                                  - Jenny Chi                                       ,0.8393393393393394,0.1931931931931932,0.0,0.24573275286255175,1.0,0.43543543543543545,0.8417507589482113,0.5152717951492212,0.5910910910910911,0.5385385385385385,0.6616616616616616,0.2819723100730854
Coisa Feita                                                                                                                                                                       - Toots Thielemans                                ,0.5655655655655656,0.1820291178685752,0.6341341341341341,0.10728441009251787,1.0,0.3103103103103103,0.8648648648648649,0.8088088088088088,0.3868868868868869,0.5385385385385385,0.8368328448089167,0.47680217852871143
Felicia and Bianca                                                                                                                                                                - Toots Thielemans                                ,0.5590590590590591,0.15415415415415415,0.27127127127127126,0.09148339227992665,0.0,0.4014014014014014,0.7887887887887888,0.6946914985230691,0.3278278278278278,0.5385385385385385,0.7072072072072072,0.36083128130744346
Rosa Morena                                                                                                                                                                       - Dorival Caymmi                                  ,0.482982982982983,0.25725725725725723,0.0,0.23913438999867845,0.0,0.17267267267267267,0.6006006006006006,0.0,0.35235235235235235,0.5385385385385385,0.7832832832832832,0.24196822924962993
Insensatez                                                                                                                                                                        - Stan Getz                                       ,0.7212212212212212,0.11511511511511512,0.4664664664664665,0.12556866284680043,1.0,0.2102102102102102,0.9059059059059059,0.74608434886642,0.3433433433433434,0.5385385385385385,0.37559756017699925,0.636885554987786
Menina Moca                                                                                                                                                                       - Stan Getz                                       ,0.5855855855855856,0.24724724724724725,0.3918918918918919,0.27257506303696755,0.0,0.13113113113113112,0.8268268268268268,0.4458914770327723,0.516016016016016,0.5385385385385385,0.8513513513513513,0.36963403080222385
So Nice (Summer Samba)                                                                                                                                                            - Marcos Valle                                    ,0.8818818818818819,0.2586232203141053,0.5445445445445445,0.24285159999927142,1.0,0.26476476476476474,0.7447447447447447,0.0,0.3353353353353353,0.5385385385385385,0.8838838838838838,0.5455150887244775
Santa Maria de Feira                                                                                                                                                              - Devendra Banhart                                ,0.5060060060060061,0.1971971971971972,0.27127127127127126,0.2179902191693893,1.0,0.11761761761761762,0.8963646989192492,0.6918087191931545,0.5880880880880881,0.5385385385385385,0.7947947947947948,0.3758108608794048
Já Sei Namorar - 2004 Digital Remaster                                                                                                                                            - Tribalistas                                     ,0.7212212212212212,0.6236236236236237,0.8058058058058057,0.5707451252905797,0.0,0.5125125125125125,0.78363880196692,0.48348348348348347,0.529029029029029,0.5385385385385385,0.8923482305835245,0.8391739723589207
Blue Bossa                                                                                                                                                                        - Tete Montoliu                                   ,0.5940940940940941,0.27544846170673976,0.7217217217217218,0.1786127570869839,1.0,0.495961227786753,0.8385130572841577,0.8558558558558559,0.6996996996996997,0.5385385385385385,0.9834834834834835,0.41308603762782437
Aguas De Março                                                                                                                                                                    - Tempo Rei                                       ,0.914914914914915,0.2122991347342398,0.0,0.30612849319241925,0.0,0.7127127127127127,0.823871256146625,0.0,0.31931931931931934,0.5385385385385385,0.6846846846846847,0.7654987286236411
Bossa Dorado                                                                                                                                                                      - Pete Krebs & The Kung Pao Chi                   ,0.8923923923923924,0.22822822822822822,0.0,0.18223180426882124,1.0,0.4369369369369369,0.7974076300256557,0.8288288288288288,0.45545545545545546,0.5385385385385385,0.8903903903903905,0.7431093953700704
Orange Afternoon                                                                                                                                                                  - Bebe                                            ,0.6201201201201201,0.37237237237237236,0.8883883883883883,0.270515944317725,1.0,0.35985985985985985,0.7107107107107107,0.6793342565363291,0.4244244244244244,0.5385385385385385,0.6396396396396397,0.1662769097296929
Homens                                                                                                                                                                            - Manu Chao                                       ,0.8255250403877221,0.22522522522522523,0.8058058058058057,0.2231431337153023,0.0,0.46996996996997,0.8263263263263263,0.4535253402787066,0.26472149147516194,0.5385385385385385,0.9967766361208987,0.8631026768564747
"Lisboa, Menina E Moça                                                                                                                                                           - Som Ibérico                                     ",0.478978978978979,0.32732732732732733,0.3918918918918919,0.2772624993139784,0.0,0.44544544544544545,0.8008008008008007,0.7652892561983471,0.21021021021021022,0.5385385385385385,0.6476476476476476,0.06526495297155772
Lisboa menina e moça                                                                                                                                                              - Various Artists                                 ,0.7857857857857857,0.17888714662908214,0.5445445445445445,0.2773173810438505,0.0,0.03453453453453453,0.8542691104157353,0.462487292432521,0.24233662492955324,0.5385385385385385,0.8208208208208209,0.3137575332284908
Para Machuchar Meu Coracao                                                                                                                                                        - Stan Getz                                       ,0.6231231231231231,0.08742075408742075,0.3383383383383384,0.09989937468649492,1.0,0.24524524524524524,0.9194194194194194,0.558361195331275,0.3003003003003003,0.5385385385385385,0.5325325325325325,0.7293323598096538
Esperando Na Janela - Versão Acústica                                                                                                                                             - Gilberto Gil                                    ,0.6201201201201201,0.10135970333745364,0.27127127127127126,0.16118898037195958,1.0,0.2817817817817818,0.8936510430066155,0.5007065161576905,0.4314314314314314,0.5385385385385385,0.5985985985985985,0.8578479159726302
Água de beber                                                                                                                                                                     - Tania Maria                                     ,0.8798798798798799,0.3063063063063063,0.6341341341341341,0.2132132132132132,1.0,0.43043043043043044,0.8598598598598598,0.7097534674235942,0.17951284617951285,0.5385385385385385,0.6356356356356356,0.2757602113919335
Mama África                                                                                                                                                                       - Chico César                                     ,0.7332332332332332,0.24224224224224225,0.16616616616616617,0.3837433662895675,0.0,0.41491491491491495,0.7767767767767768,0.0,1.0,0.5385385385385385,0.9281119354648762,0.9119158142610765
Á Primeira Vista                                                                                                                                                                  - Chico César                                     ,0.5060060060060061,0.09759759759759759,1.0,0.1930908026219326,1.0,0.25875875875875876,0.8213213213213213,0.0,0.9843112031262923,0.5385385385385385,0.3113113113113113,0.1491697589720908
Tambores                                                                                                                                                                          - Chico César                                     ,0.5925925925925926,0.15589660743134087,0.0,0.24113103018707246,1.0,0.4014014014014014,0.8023023023023024,0.41677508919097644,0.9895682576022745,0.5385385385385385,0.6476476476476476,0.5924189495618053
Guarda-me A Vida Na Mão                                                                                                                                                           - Ana Moura                                       ,0.42542542542542544,0.09009009009009009,0.5445445445445445,0.1281404448231583,0.0,0.0945945945945946,0.9071066258566258,0.47030808354722686,0.3433433433433434,0.5385385385385385,0.3203203203203203,0.7615633240577877
A Prosa Impúrpura do Caicó                                                                                                                                                        - Chico César                                     ,0.45473291210285444,0.12612612612612611,0.27127127127127126,0.14214804063471534,1.0,0.24524524524524524,0.8492338966622921,0.5564018178968814,0.9839307787391841,0.5385385385385385,0.5860860860860861,0.7643516824111218
Paraíba                                                                                                                                                                           - Chico César                                     ,0.5495495495495496,0.11411411411411411,0.16616616616616617,0.14456765832912624,0.0,0.1991991991991992,0.9169169169169169,0.6503145432666707,0.9880666574433512,0.5385385385385385,0.6206206206206206,0.1130965330416383
Berekerê - Voice                                                                                                                                                                  - Geraldo Azevedo                                 ,0.3763763763763764,0.3213213213213213,0.3918918918918919,0.25525280182142923,0.0,0.5875875875875876,0.8417507589482113,0.0,0.060560560560560556,0.5385385385385385,0.8468468468468469,0.9419410559675658
Pagode da Saidera                                                                                                                                                                 - Martinho Da Vila                                ,0.5735735735735736,0.5810810810810811,0.6341341341341341,0.2772624993139784,1.0,0.7672672672672672,0.8032900135214386,0.25725725725725723,0.7082082082082082,0.5385385385385385,0.9660843544338689,0.33636659614409353
Disfarça e Chora                                                                                                                                                                  - Djavan                                          ,0.8428428428428428,0.1136136136136136,0.4664664664664665,0.23352905621276226,1.0,0.43543543543543545,0.8758758758758759,0.5777607948032097,0.3353353353353353,0.5385385385385385,0.6676676676676676,0.8708706058037529
Tudo isto é fado                                                                                                                                                                  - Quatro Ventos                                   ,0.34634634634634637,0.1708581646662142,0.27127127127127126,0.26972727055167284,1.0,0.057057057057057055,0.8738738738738738,0.3740320796460177,0.47047047047047047,0.5385385385385385,0.3883883883883884,0.7907910790832146
Quando Te Vi                                                                                                                                                                      - Luisa Sobral                                    ,0.5085085085085085,0.08638483989607586,0.8058058058058057,0.15518640821240368,1.0,0.14464464464464466,0.9284284284284283,0.569235902569236,0.6091091091091092,0.5385385385385385,0.4339339339339339,0.7523806422875265
Sr. Vinho                                                                                                                                                                         - Luisa Sobral                                    ,0.2952952952952953,0.1801606922126081,0.4664664664664665,0.292319449751624,1.0,0.16016016016016016,0.8359409924005365,0.473554315919986,0.3353353353353353,0.05005005005005005,0.48148148148148145,0.9918703827306328
Inês                                                                                                                                                                              - Luisa Sobral                                    ,0.4044044044044044,0.06012149453797486,0.0,0.18401206404170045,1.0,0.2127127127127127,0.924924924924925,0.45549507219336444,0.4074074074074074,0.5385385385385385,0.28428428428428426,0.7587587587587588
Seja Agora                                                                                                                                                                        - Deolinda                                        ,0.7122122122122122,0.5685685685685686,1.0,0.6518284654667044,1.0,0.6851851851851852,0.8428428428428428,0.0,0.1991991991991992,0.5385385385385385,0.8903903903903905,0.2766097412906974
Algo Novo                                                                                                                                                                         - Deolinda                                        ,0.9459459459459459,0.22075497957850904,0.0,0.34137281747037845,1.0,0.22572572572572575,0.8547161376843987,0.35435435435435436,0.45545545545545546,0.5385385385385385,0.5895895895895896,0.7294772138691888
Pois Foi                                                                                                                                                                          - Deolinda                                        ,0.40040040040040037,0.14380886282635444,0.5445445445445445,0.24730103644731283,0.0,0.027527527527527528,0.9079079079079079,0.5399198080762327,0.4824824824824825,0.5385385385385385,0.5755755755755756,0.07508054151471766
Há-De Passar                                                                                                                                                                      - Deolinda                                        ,0.8868868868868869,0.1841841841841842,0.3918918918918919,0.3253253253253253,1.0,0.5045045045045045,0.9194194194194194,0.4473433643299286,0.25625625625625625,0.5385385385385385,0.5935935935935935,0.5625343925627212
Xico                                                                                                                                                                              - Luisa Sobral                                    ,0.38238238238238237,0.3113113113113113,0.8058058058058057,0.41749064632077293,1.0,0.8553553553553553,0.7227227227227228,0.340674007340674,0.8818818818818819,0.5385385385385385,0.7007007007007007,0.9739426751147069
O Engraxador                                                                                                                                                                      - Luisa Sobral                                    ,0.8118118118118118,0.16188737757365207,0.8058058058058057,0.2951252850946833,1.0,0.3123123123123123,0.8398398398398398,0.4541007804904687,0.7607607607607607,0.5385385385385385,0.4209209209209209,0.355360328844678
Clandestino                                                                                                                                                                       - Chico César                                     ,0.6601601601601601,0.2062062062062062,0.27127127127127126,0.22495237121773523,0.0,0.6076076076076076,0.8011344678011344,0.2983697405452359,0.9773439010386801,0.5385385385385385,0.5865865865865866,0.9419538690059962
Trem das Onze                                                                                                                                                                     - Demonios Da Garoa                               ,0.5460460460460461,0.21688355021688355,0.27127127127127126,0.323953218436185,0.0,0.2952952952952953,0.7477477477477478,0.3163962631516708,0.5690690690690691,0.5385385385385385,0.7517517517517518,0.16966342934018028
Chove Chuva                                                                                                                                                                       - Jorge Ben Jor                                   ,0.7942942942942943,0.23123123123123124,0.8883883883883883,0.3963963963963964,1.0,0.24074074074074076,0.757119188153671,0.0,0.21421421421421422,0.5385385385385385,0.5993660583069639,0.7553245926102545
Menina Mulher Da Pele Preta                                                                                                                                                       - Jorge Ben Jor                                   ,0.5830830830830831,0.3078078078078078,0.16616616616616617,0.30472306477331607,0.0,0.5255255255255256,0.7767767767767768,0.6091613279244747,0.743069434910298,0.5385385385385385,0.9992492492492493,0.7626662337345547
Agua De Beber                                                                                                                                                                     - Astrud Gilberto                                 ,0.6766766766766766,0.18820678513731828,0.3918918918918919,0.13229055218630048,0.0,0.17717717717717718,0.7090906796789149,0.0,0.12394234759062724,0.5385385385385385,0.9119119119119119,0.850968250623975
Agua De Beber                                                                                                                                                                     - Sophie Milman                                   ,0.7052052052052051,0.5315315315315315,0.6341341341341341,0.3938858829279907,1.0,0.3408408408408409,0.6246246246246246,0.5064884674976418,0.13723737147966025,0.5385385385385385,0.7687687687687688,0.21234368820291286
Lá Vem O Brasil Descendo A Ladeira                                                                                                                                                - Moraes Moreira                                  ,0.7352352352352352,0.8468468468468469,1.0,0.5803185876178577,0.0,0.647147147147147,0.6923590256923591,0.0,0.18852185518852183,0.5385385385385385,0.8858858858858859,0.9188186599752375
Amiga Da Minha Mulher                                                                                                                                                             - Seu Jorge                                       ,0.9024024024024024,0.7932932932932932,0.8058058058058057,0.7600682216989172,0.0,0.8143143143143143,0.7997997997997998,0.0,0.2042042042042042,0.5385385385385385,0.8888888888888888,0.341149775712911
O Leãozinho                                                                                                                                                                       - Caetano Veloso                                  ,0.5505505505505506,0.10233239019366185,0.0,0.11018160270486947,1.0,0.43543543543543545,0.8726226226226226,0.33847728512172026,0.6116116116116116,0.5385385385385385,0.6411411411411412,0.6233335332042442
Já Sei Namorar - 2004 Digital Remaster                                                                                                                                            - Tribalistas                                     ,0.7212212212212212,0.6236236236236237,0.8058058058058057,0.5707451252905797,0.0,0.5125125125125125,0.78363880196692,0.48348348348348347,0.529029029029029,0.5385385385385385,0.8923482305835245,0.8391739723589207
Coração Vagabundo                                                                                                                                                                 - Gal Costa                                       ,0.5625625625625625,0.16816816816816815,0.0,0.1782210045096643,0.0,0.35985985985985985,0.8225759696347933,0.6384101884461855,0.5505505505505506,0.005005005005005005,0.45245245245245247,0.08382512785787231
Fotografia                                                                                                                                                                        - Vanessa Da Mata                                 ,0.7962962962962963,0.16677806210880142,0.8058058058058057,0.21224959799473836,0.0,0.0895895895895896,0.8062669264105764,0.5302453491429869,0.6431431431431431,0.5385385385385385,0.6446446446446447,0.27534021979176565
Fotografia                                                                                                                                                                        - João Gilberto                                   ,0.3783783783783784,0.12012012012012012,0.3918918918918919,0.09886195219411366,1.0,0.3338338338338338,0.9160036749077841,0.3713178233706818,0.6431431431431431,0.05005005005005005,0.6256256256256256,0.7454653709215754
"Rosa, Menina Rosa                                                                                                                                                               - Jorge Ben Jor                                   ",0.5735735735735736,0.3843843843843844,0.27127127127127126,0.491841814159292,0.0,0.7091564593639282,0.6886886886886887,0.0,0.45545545545545546,0.5385385385385385,0.7977977977977978,0.2510239158287632
Fado Toninho                                                                                                                                                                      - Deolinda                                        ,0.7577577577577578,0.12684971512757331,0.0,0.33643040244002875,1.0,0.3228228228228228,0.8554836935931093,0.0,0.617117117117117,0.5385385385385385,0.8085746789734519,0.05956030668799664
Mal Por Mal                                                                                                                                                                       - Deolinda                                        ,0.6766766766766766,0.14967993471178187,0.27127127127127126,0.28168442843677305,1.0,0.5639050936182084,0.7687687687687688,0.4689248450022682,0.3963963963963964,0.5385385385385385,0.47092084006462037,0.8438060271919055
Violão Vadio                                                                                                                                                                      - Raphael Rabello                                 ,0.31257585018646966,0.06301985532023555,0.4664664664664665,0.06011713118581324,1.0,0.28978978978978975,0.8918918918918919,0.7508597630875047,0.507007007007007,0.5385385385385385,0.1891891891891892,0.14719409608165546
Chorinho Pra Voce                                                                                                                                                                 - Paulo Moura                                     ,0.6961961961961962,0.20742065265981227,0.8058058058058057,0.18325215675039,0.0,0.27877877877877877,0.8221988957283076,0.7997997997997998,0.3083083083083083,0.5385385385385385,0.9062344119506192,0.36925602366599775
Chorando Baixinho                                                                                                                                                                 - Raphael Rabello                                 ,0.4394394394394394,0.07157157157157157,0.27127127127127126,0.09307768736658037,0.0,0.5495495495495496,0.8833811186752363,0.5872418312031839,0.24124124124124124,0.5385385385385385,0.6526526526526526,0.99899949968829
Samba da Bênção                                                                                                                                                                   - Maria Bethânia                                  ,0.5910910910910911,0.3013013013013013,0.0,0.23004348867368862,1.0,0.48648648648648646,0.6876876876876877,0.4774614632864405,0.30430430430430433,0.5385385385385385,0.9160036749077841,0.8976744078092901
Acabou Chorare                                                                                                                                                                    - Sílvia Pérez Cruz                               ,0.5815815815815816,0.09759759759759759,0.27127127127127126,0.16482983216534317,1.0,0.48648648648648646,0.934934934934935,0.5695695695695696,0.3868868868868869,0.5385385385385385,0.3588588588588588,0.30522392242587304
Ui! (Voce Inventa)                                                                                                                                                                - Tom Zé                                          ,0.8428428428428428,0.09843176509843177,0.27127127127127126,0.10218627156814371,1.0,0.7917917917917918,0.7586120935117091,0.38808884421900114,0.47047047047047047,0.5385385385385385,0.8788788788788788,0.11344990987313605
"Augusta, Angélica e Consolação                                                                                                                                                  - Tom Zé                                          ",0.6986986986986987,0.1961961961961962,0.4664664664664665,0.28265724882385107,1.0,0.5639050936182084,0.7927927927927928,0.28947564816658883,0.6026026026026026,0.5385385385385385,0.8893893893893894,0.7806440190613342
Todos os olhos                                                                                                                                                                    - Tom Zé                                          ,0.935527703162558,0.2137189195138675,0.4664664664664665,0.4157268282703389,1.0,0.5145145145145145,0.7818112342376767,0.3924255915736214,0.2736811544640726,0.5385385385385385,0.9629629629629629,0.5784130125941523
Vai (Menina amanhã de manhã)                                                                                                                                                      - Tom Zé                                          ,0.7237237237237237,0.37237237237237236,0.4664664664664665,0.2924149789835689,1.0,0.9515767129279662,0.8684710041766738,0.0,0.529029029029029,0.5385385385385385,0.8558558558558559,0.6366610783442186
Desde Que o Samba é Samba                                                                                                                                                         - Gilberto Gil                                    ,0.9038718951509653,0.1502526785545654,0.5445445445445445,0.12923601589682004,0.0,0.4124124124124124,0.8378378378378378,0.6642825212337953,0.4074074074074074,0.5385385385385385,0.7557557557557557,0.5965784873214292
Insensatez: A Mulher Que Fez                                                                                                                                                      - Graveola                                        ,0.9038718951509653,0.25475475475475473,0.3383383383383384,0.2567375511850498,1.0,0.4804804804804805,0.6688206785137318,0.0,0.37887887887887883,0.5385385385385385,0.9714714714714714,0.18050782147830668
Ponto De Marinheiro / Marinheiro Só                                                                                                                                               - Zé Maurício Machline                            ,0.8853853853853855,0.2695132679992635,0.27127127127127126,0.22622622622622623,1.0,0.8223223223223224,0.7481602890018733,0.0,0.8653653653653655,0.5385385385385385,0.8903903903903905,0.26243442940608347
Tanto Mar                                                                                                                                                                         - Chico Buarque                                   ,0.3691508409818269,0.26676676676676675,0.6341341341341341,0.4274274274274274,1.0,0.5425425425425425,0.7762907894124482,0.3595263064289613,0.6581581581581581,0.05005005005005005,0.9281119354648762,0.9791991847601825
Diz Que Eu Fui Por Aí                                                                                                                                                             - Eva Fernández                                   ,0.7512512512512513,0.23023023023023023,0.8883883883883883,0.32223048247892977,0.0,0.6246246246246246,0.8558558558558559,0.5195782073813708,0.2807807807807808,0.5385385385385385,0.5810810810810811,0.14713112701166764
Argumento                                                                                                                                                                         - Paulinho Da Viola                               ,0.8198198198198198,0.5355355355355356,0.27127127127127126,0.5614881157423355,1.0,0.49300716053160726,0.8313313313313313,0.0,0.507007007007007,0.5385385385385385,0.9563012192520388,0.4479882608280127
Chuck Berry Fields Forever                                                                                                                                                        - Gilberto Gil                                    ,0.5735735735735736,0.43243243243243246,0.0,0.3033181110104187,1.0,0.8338338338338338,0.6846846846846847,0.4345778025023308,0.9916497641494013,0.5385385385385385,0.7817817817817818,0.878231577544259
Brasil Pandeiro                                                                                                                                                                   - Novos Baianos                                   ,0.5185185185185185,0.3063063063063063,1.0,0.51824477091381,1.0,0.15165165165165165,0.8243182834152883,0.43992387688645407,0.44994994994994997,0.5385385385385385,0.9229229229229229,0.2674671153609266
Preta Pretinha                                                                                                                                                                    - Novos Baianos                                   ,0.7787787787787788,0.3123123123123123,0.6341341341341341,0.5163134514986367,1.0,0.11761761761761762,0.8478478478478478,0.31914800529861087,0.37887887887887883,0.5385385385385385,0.8358358358358359,0.579140028046329
Swing de Campo Grande                                                                                                                                                             - Novos Baianos                                   ,0.8693693693693694,0.4494494494494494,1.0,0.4986172566371682,0.0,0.46768982229402234,0.8208208208208209,0.0,0.6251251251251251,0.5385385385385385,0.9652665589660748,0.34122400925162416
Máquina de Ritmo - Ao Vivo                                                                                                                                                        - Gilberto Gil                                    ,0.5775775775775776,0.16316316316316315,0.27127127127127126,0.12058719366984166,1.0,0.9454821240535527,0.8648648648648649,0.7422566371681416,0.9223201501682515,0.5385385385385385,0.5925925925925926,0.9446920955656432
Back In Bahia (Ao Vivo)                                                                                                                                                           - Gilberto Gil                                    ,0.7157157157157157,0.23423423423423423,0.5445445445445445,0.1861464968152866,0.0,0.974974974974975,0.7985485485485485,0.2989762912933152,0.9985682327136403,0.5385385385385385,0.6721721721721721,0.8313201878585328
"Sabor Colorido / Moça Bonita                                                                                                                                                      - Elomar, Geraldo Azevedo, Vital Farias, Xangai ",0.4694694694694695,0.13232007152436298,0.4664664664664665,0.1002022112566581,1.0,0.5225225225225225,0.8318318318318318,0.29980831937396213,0.9825659365221278,0.5385385385385385,0.6116116116116116,0.06766382307177744
O Namorado Da Viúva                                                                                                                                                               - Jorge Ben Jor                                   ,0.8343343343343343,0.512012012012012,0.27127127127127126,0.18802456786044125,0.0,0.35785785785785784,0.7457457457457457,0.4353129164449919,0.04504504504504504,0.5385385385385385,0.995995995995996,0.13844574167797036
Taj Mahal                                                                                                                                                                         - Jorge Ben Jor                                   ,0.5775775775775776,0.45945945945945943,0.5445445445445445,0.6838023223064774,0.0,0.4984984984984985,0.7472472472472473,0.0,0.9669185314346607,0.5385385385385385,0.7907907907907907,0.7723280196695411
Manada                                                                                                                                                                            - Bagunço                                         ,0.6891891891891893,0.25425425425425424,0.8058058058058057,0.24183384734052554,0.0,0.26976976976976974,0.522022022022022,0.7640427970959114,0.2085418752085419,0.5385385385385385,0.8028028028028028,0.3904885113703705
Dolcenera                                                                                                                                                                         - Fabrizio De André                               ,0.7387387387387387,0.2586232203141053,1.0,0.40931094648760813,0.0,0.33933933933933935,0.5785785785785785,0.38432337434094904,0.7022022022022022,0.5385385385385385,0.6746746746746747,0.6016040933676925
Nomes de Favela                                                                                                                                                                   - Moyseis Marques                                 ,0.8538538538538538,0.27427427427427425,0.0,0.3294979393720923,0.0,0.5850966173546818,0.6876876876876877,0.0,0.08658658658658655,0.5385385385385385,0.9129129129129129,0.17716763804104615
Magalenha                                                                                                                                                                         - Sérgio Mendes                                   ,0.9379379379379379,0.3758758758758759,0.8058058058058057,0.16818399171340348,1.0,0.6386386386386387,0.535035035035035,0.0,0.2866527695207898,0.5385385385385385,0.7817817817817818,0.4724873767430971
Deixa A Gira Girar                                                                                                                                                                - Os Tincoãs                                      ,0.46296296296296297,0.34734734734734735,0.16616616616616617,0.3002138902043733,1.0,0.2182182182182182,0.7677677677677678,0.418993051147207,0.130603983002507,0.5385385385385385,0.6446446446446447,0.43677574539139485
Senhora liberdade                                                                                                                                                                 - Zezé Motta                                      ,0.5841670141553456,0.2867867867867868,0.27127127127127126,0.2654158115073377,1.0,0.17467467467467468,0.7144622991347342,0.0,0.2481059849028935,0.5385385385385385,0.6686686686686687,0.17753400035316397
Berekerê - Voice                                                                                                                                                                  - Geraldo Azevedo                                 ,0.3763763763763764,0.3213213213213213,0.3918918918918919,0.25525280182142923,0.0,0.5875875875875876,0.8417507589482113,0.0,0.060560560560560556,0.5385385385385385,0.8468468468468469,0.9419410559675658
Catendé - Live                                                                                                                                                                   - Vinícius de Moraes                              ,0.3917609046849758,0.17660297941988085,0.27127127127127126,0.1552885515194635,1.0,0.40290290290290287,0.720643080753884,0.3216257437523572,0.13634331694233345,0.5385385385385385,0.2652652652652653,0.7914763302923353
Coração Imprudente                                                                                                                                                                - Paulinho Da Viola                               ,0.7902902902902902,0.21814658524695696,0.27127127127127126,0.2571773532741098,0.0,0.7757757757757757,0.8605889885510738,0.49406370854761533,0.2866527695207898,0.5385385385385385,0.9854854854854855,0.1954396561682204
Dimokránsa                                                                                                                                                                        - Mayra Andrade                                   ,0.7472472472472473,0.17757321750062224,0.5445445445445445,0.3021477791468529,0.0,0.3868868868868869,0.8547161376843987,0.3313313313313313,0.521021021021021,0.5385385385385385,0.8078078078078078,0.8820075571926669
Kenha Ki Ben Ki Ta Bai - Live                                                                                                                                                     - Mayra Andrade                                   ,0.5460460460460461,0.252514973445206,0.7217217217217218,0.22825724305941858,1.0,0.5565565565565566,0.7167167167167167,0.4244244244244244,0.9809181415929203,0.5385385385385385,0.7060393727060393,0.7357383588953307
Baião Destemperado                                                                                                                                                                - Barbatuques                                     ,0.968355414694043,0.505005005005005,0.16616616616616617,0.4124124124124124,1.0,0.8833833833833833,0.7087087087087087,0.7478080149764063,0.7232232232232232,0.5385385385385385,0.8098098098098098,0.23627394517805483
Adeus Até Mais Ver                                                                                                                                                                - Homem ao Mar                                    ,0.5105105105105106,0.13756331537515673,0.3918918918918919,0.13584030854368698,1.0,0.04104104104104104,0.8610637772648946,0.5295295295295295,0.4074074074074074,0.5385385385385385,0.3303303303303303,0.11120454313201657
Baianá                                                                                                                                                                            - Barbatuques                                     ,0.8883883883883883,0.3213213213213213,0.8883883883883883,0.22238966067550958,0.0,0.984485170665593,0.7227227227227228,0.570999570999571,0.6561561561561562,0.5385385385385385,0.7007007007007007,0.23124197307502053
Meu Esquema                                                                                                                                                                       - Mundo Livre S/A                                 ,0.8378378378378378,0.2431240764574099,1.0,0.22319022578028933,0.0,0.2977977977977978,0.8636755406361258,0.6273580428794656,0.2952952952952953,0.5385385385385385,0.7317317317317317,0.782201556029544
Oração                                                                                                                                                                            - A Banda Mais Bonita da Cidade                   ,0.36686686686686687,0.24624624624624625,0.6341341341341341,0.45546650536821415,1.0,0.08758758758758758,0.7660817696215927,0.27695817194623873,0.7397397397397397,0.5385385385385385,0.45945945945945943,0.6876936010691395
Trem Das Onze                                                                                                                                                                     - Adoniran Barbosa                                ,0.7312312312312312,0.2305638972305639,0.3918918918918919,0.159135164666818,0.0,0.5495495495495496,0.7426284630895582,0.5200702987697715,0.1048861177893436,0.5385385385385385,0.8634894991922459,0.17044994119252188
O Leaozinho                                                                                                                                                                       - Caetano Veloso                                  ,0.5910910910910911,0.08054315746623436,0.0,0.0883777328138311,1.0,0.5005005005005005,0.8412957998945261,0.27155727155727155,0.7677677677677678,0.5385385385385385,0.6506506506506506,0.630743784149315
Sonho Meu                                                                                                                                                                         - Dona Ivone Lara                                 ,0.5910910910910911,0.2272272272272272,0.4664664664664665,0.37712678967537394,0.0,0.2857857857857858,0.7747747747747747,0.30207085073659196,0.487987987987988,0.5385385385385385,0.5288621955288622,0.8528546378691265
Samba De Verao                                                                                                                                                                    - Caetano Veloso                                  ,0.8198198198198198,0.16387221539667773,0.4664664664664665,0.11025131583533755,1.0,0.4194194194194194,0.8703620920876173,0.6753814298169137,0.3963963963963964,0.5385385385385385,0.5425425425425425,0.5058744000340853
Sonhos                                                                                                                                                                            - Caetano Veloso                                  ,0.6406406406406406,0.06531742298165656,0.0,0.07015512288786997,0.0,0.6946946946946947,0.8398398398398398,0.4119508827295197,0.4244244244244244,0.5385385385385385,0.5510510510510511,0.5324766649392001
Shimbalaiê - Live                                                                                                                                                                 - Caetano Veloso                                  ,0.5475475475475475,0.11001236093943138,0.8058058058058057,0.14762188197847936,0.0,0.09259259259259259,0.8370863348318258,0.3396494940536391,0.9961369114660235,0.5385385385385385,0.4724724724724725,0.064916218984309
Sampa - Live                                                                                                                                                                      - Caetano Veloso                                  ,0.7422422422422423,0.12012012012012012,0.6341341341341341,0.1854564755838641,1.0,0.8118118118118118,0.8348348348348348,0.0,0.9825659365221278,0.5385385385385385,0.39539539539539537,0.44645308816977686
Nega Maluca / Billie Jean / Eleanor Rigby                                                                                                                                         - Caetano Veloso                                  ,0.9264264264264264,0.12245578912245579,1.0,0.19128776602689646,0.0,0.36186186186186187,0.8699150648189538,0.37945033349153795,0.5505505505505506,0.5385385385385385,0.5685685685685685,0.43982930013048577
Get Out Of Town                                                                                                                                                                   - Caetano Veloso                                  ,0.8093093093093093,0.11811811811811812,0.27127127127127126,0.18389807794800386,0.0,0.39039039039039036,0.8928928928928929,0.4927981109799292,0.4764764764764765,0.5385385385385385,0.25225225225225223,0.3876040095992019
Coração Vagabundo                                                                                                                                                                 - Caetano Veloso                                  ,0.53003003003003,0.08886268142658538,0.7217217217217218,0.08170250151486108,1.0,0.4444444444444444,0.9259259259259259,0.6856856856856857,0.4074074074074074,1.0,0.2602602602602603,0.6226928263228613
Life On Mars - 1999 Remaster                                                                                                                                                      - David Bowie                                     ,0.3838838838838839,0.34934934934934936,0.8883883883883883,0.45345345345345345,1.0,0.1991991991991992,0.7322306660706304,0.3094699405967723,0.6481481481481481,0.5385385385385385,0.45045045045045046,0.5523115654694601
Rebel Rebel                                                                                                                                                                       - Seu Jorge                                       ,0.7922922922922924,0.14914914914914915,0.5445445445445445,0.16190971148159725,0.0,0.5235235235235235,0.8758758758758759,0.0,0.7327327327327328,0.5385385385385385,0.3893291221607308,0.5973695617877915
Alegria                                                                                                                                                                           - Batida                                          ,0.7962962962962963,0.44244244244244246,0.6341341341341341,0.3683638843502218,1.0,0.7027027027027027,0.2614582479344866,0.6736736736736737,0.529029029029029,0.5385385385385385,0.8128128128128128,0.7667667667667668
Pobre e Rico                                                                                                                                                                      - Batida                                          ,0.8883883883883883,0.7477477477477478,0.3918918918918919,0.5513410276966758,1.0,0.73136565847272,0.3053113167591914,0.7362477032288354,0.8243243243243243,0.5385385385385385,0.7862862862862863,0.6906859332823594
Tirei o Chapéu                                                                                                                                                                    - Batida                                          ,0.8118118118118118,0.8153153153153153,0.6341341341341341,0.5003541912632822,1.0,0.6655795777479218,0.2061672722750238,0.0,0.019146123314610606,0.5385385385385385,0.8848848848848849,0.7574023894842506
"Canta Canta, Minha Gente                                                                                                                                                        - Martinho Da Vila                                ",0.8242677824267791,0.5685685685685686,0.27127127127127126,0.22832122940899735,1.0,0.986612735489981,0.6720389220389221,0.0,0.6836836836836837,0.5385385385385385,0.8888888888888888,0.2124445038935003
Burguesinha                                                                                                                                                                       - Seu Jorge                                       ,0.7422422422422423,0.8668668668668669,0.27127127127127126,0.7328734156906787,1.0,0.3123123123123123,0.7491136174342282,0.5259043425341242,0.8724910669183115,0.5385385385385385,0.978978978978979,0.3159717188452821
Mina Do Condomínio                                                                                                                                                                - Seu Jorge                                       ,0.7332332332332332,0.7032032032032032,1.0,0.8613708260105448,0.0,0.1016016016016016,0.7607607607607607,0.0,0.28428428428428426,0.5385385385385385,0.991991991991992,0.24109573788279787
Alma Não Tem Cor                                                                                                                                                                  - Perotá Chingó                                   ,0.6831831831831832,0.24824824824824826,0.6341341341341341,0.5537276629618972,1.0,0.9484729067565777,0.7627627627627628,0.0,0.02102102102102102,0.5385385385385385,0.45245245245245247,0.08407580350708314
Homens                                                                                                                                                                            - Manu Chao                                       ,0.8393393393393394,0.22922922922922923,0.8058058058058057,0.2210748787476579,0.0,0.46646646646646645,0.8247653106839518,0.4576084023097573,0.24324324324324323,0.5385385385385385,0.997997997997998,0.8640017307289133
Se eu quiser falar com Deus - Ao vivo                                                                                                                                             - Gilberto Gil                                    ,0.7017017017017017,0.14614614614614616,1.0,0.1871871871871872,0.0,0.6156156156156156,0.7912912912912913,0.38538538538538536,0.998998998998999,0.5385385385385385,0.3763763763763764,0.4094268986950502
Aquele Abraço                                                                                                                                                                     - Gilberto Gil                                    ,0.3883883883883884,0.5825825825825826,0.27127127127127126,0.8138138138138138,1.0,0.7987987987987988,0.5465465465465466,0.0,0.9634886240520043,0.5385385385385385,0.93993993993994,0.12775528114020013
Aquele abraço - Ao vivo                                                                                                                                                           - Gilberto Gil                                    ,0.8293293293293293,0.503003003003003,0.0,0.3429417846004154,1.0,0.7572572572572572,0.6781781781781782,0.3048240085614744,0.9845426310364983,0.5385385385385385,0.8529969558247195,0.2127011256513594
Maria Bethânia                                                                                                                                                                    - Caetano Veloso                                  ,0.6306306306306306,0.24394184168012928,0.8058058058058057,0.1688108158696394,1.0,0.92992992992993,0.8128128128128128,0.5787485242030697,0.3278278278278278,0.5385385385385385,0.7457457457457457,0.6977180511525379
Maria Bethânia                                                                                                                                                                    - Caetano Veloso                                  ,0.6286286286286287,0.25325325325325326,0.8058058058058057,0.1749720834279658,1.0,0.9069069069069069,0.8448448448448448,0.6966966966966966,0.30430430430430433,0.5385385385385385,0.7157157157157157,0.7193722053151289
Sampa                                                                                                                                                                             - Caetano Veloso                                  ,0.7772772772772774,0.15589660743134087,0.0,0.25048059084705393,1.0,0.5850966173546818,0.7430932703659976,0.0,0.575075075075075,0.5385385385385385,0.7022022022022022,0.4511821523236463
O Ciúme - Remixed Original Album                                                                                                                                                  - Caetano Veloso                                  ,0.5765765765765766,0.12612612612612611,0.27127127127127126,0.2339727906820559,1.0,0.01901901901901902,0.6616616616616616,0.3328783328783329,0.3128128128128128,0.5385385385385385,0.18218218218218218,0.2521452596988553
Lindeza                                                                                                                                                                           - Caetano Veloso                                  ,0.478978978978979,0.07157157157157157,0.8058058058058057,0.08496994354756489,1.0,0.23473473473473472,0.8684710041766738,0.6596596596596597,0.43843843843843844,0.5385385385385385,0.17417417417417416,0.10278226147944995
Get Out Of Town                                                                                                                                                                   - Caetano Veloso                                  ,0.7077077077077077,0.08258258258258258,0.8058058058058057,0.1313668480655045,0.0,0.5500500500500501,0.8988988988988988,0.4861843289531206,0.3433433433433434,0.5385385385385385,0.18568568568568566,0.3832920020759484
Quando Eu Penso Na Bahia                                                                                                                                                          - Caetano Veloso                                  ,0.7477477477477478,0.14781448114781448,0.4664664664664665,0.22023563574484645,1.0,0.6239468882640689,0.848211881338929,0.503984879838432,0.9561913276709878,0.5385385385385385,0.5245245245245245,0.15010881373473156
The Storms Are On The Ocean                                                                                                                                                       - Great Lake Swimmers                             ,0.4894894894894895,0.23423423423423423,0.4664664664664665,0.38383670211185605,1.0,0.01001001001001001,0.8313313313313313,0.0,0.4074074074074074,0.05005005005005005,0.5485485485485485,0.8170041211591109
La Leyenda Del Pájaro Antiguo (feat. Nacho Vegas)                                                                                                                                 - Carlos Madrid                                   ,0.36036036036036034,0.18820678513731828,0.8058058058058057,0.3660967583661442,1.0,0.1016016016016016,0.8394422255257245,0.25425425425425424,0.1961961961961962,0.5385385385385385,0.30430430430430433,0.47204226353467593
Paranoid Android                                                                                                                                                                  - Brad Mehldau                                    ,0.3308308308308308,0.3213213213213213,0.6341341341341341,0.19124428776602692,0.0,0.36186186186186187,0.7831917746982567,0.8778778778778779,0.25625625625625625,0.5385385385385385,0.15165165165165168,0.3074049665568789
There Is An End                                                                                                                                                                   - Craig James Fox                                 ,0.7562562562562563,0.3233233233233233,1.0,0.6566685613248808,0.0,0.018018018018018018,0.5245245245245245,0.39200017781117164,0.5540540540540541,0.5385385385385385,0.9079497907949786,0.3749706260661564
Yegelle Tezeta                                                                                                                                                                    - Mulatu Astatke                                  ,0.9526192859526192,0.18462725020102067,0.3383383383383384,0.47700591537368797,1.0,0.1886886886886887,0.8168168168168168,0.822426782499378,0.3073073073073073,0.5385385385385385,0.8468468468468469,0.5996700382740445
Different Pulses                                                                                                                                                                  - Asaf Avidan                                     ,0.6601601601601601,0.2852852852852853,0.3383383383383384,0.6576092318886111,1.0,0.00149162447627558,0.6682201538555129,0.6157229187644618,0.6516516516516516,0.5385385385385385,0.11503288945932938,0.2590498692093494
Far From Any Road                                                                                                                                                                 - The Handsome Family                             ,0.7822822822822824,0.30430430430430433,0.8058058058058057,0.30931799001406446,0.0,0.08208208208208209,0.6202767416660127,0.5639678615574784,0.9499321460472875,0.5385385385385385,0.8048048048048048,0.51590875703118
Lead Me Home - The Walking Dead Soundtrack                                                                                                                                        - Jamie N Commons                                 ,0.4974974974974975,0.1567043618739903,0.5445445445445445,0.26126126126126126,1.0,0.04004004004004004,0.8258258258258259,0.414408185840708,0.45545545545545546,0.5385385385385385,0.21371371371371373,0.3448079175780615
Shadows                                                                                                                                                                           - Au Revoir Simone                                ,0.36290525052740047,0.3558558558558559,0.3383383383383384,0.3016460810918977,0.0,0.15165165165165165,0.5875875875875876,0.7377377377377378,0.1971971971971972,0.5385385385385385,0.6786786786786787,0.9159161839933131
Warm Shadow                                                                                                                                                                       - Fink                                            ,0.8278278278278278,0.30680680680680683,0.3918918918918919,0.24113103018707246,0.0,0.26226226226226224,0.7734555996761527,0.6796796796796797,0.4169169169169169,0.05005005005005005,0.35235235235235235,0.3042166606734089
Guns Of Brixton                                                                                                                                                                   - Nouvelle Vague                                  ,0.8538538538538538,0.26126126126126126,0.3918918918918919,0.33748378728923484,0.0,0.17717717717717718,0.769019019019019,0.3090994012395026,0.13003822003822005,0.5385385385385385,0.4164164164164164,0.5101728594265915
This Is Not A Love Song                                                                                                                                                           - Nouvelle Vague                                  ,0.7842842842842843,0.24774774774774777,0.16616616616616617,0.284288868896704,0.0,0.08758758758758758,0.8103709770376436,0.3014538524333373,0.521021021021021,0.5385385385385385,0.6676676676676676,0.29305308974285593
Imik Si Mik                                                                                                                                                                       - Hindi Zahra                                     ,0.8988988988988988,0.25625625625625625,0.8058058058058057,0.41110844231425936,1.0,0.15765765765765766,0.8062669264105764,0.0,0.5445445445445445,0.5385385385385385,0.8433433433433433,0.42735718969308806
Sushi                                                                                                                                                                             - Cocoon                                          ,0.5965965965965966,0.2520282520282521,0.4664664664664665,0.19920790123338092,0.0,0.044044044044044044,0.8229043683589139,0.6446280991735538,0.3868868868868869,0.5385385385385385,0.5725725725725725,0.28200307173175393
Reunite                                                                                                                                                                           - Isbells                                         ,0.5815815815815816,0.24774774774774777,0.16616616616616617,0.19817362108931738,0.0,0.04654654654654655,0.8139812637629231,0.6709328464038474,0.36036036036036034,0.5385385385385385,0.6806806806806807,0.015928063564009186
Oats In The Water                                                                                                                                                                 - Ben Howard                                      ,0.31257585018646966,0.24724724724724725,0.27127127127127126,0.3429417846004154,0.0,0.04004004004004004,0.6468309877864801,0.715702479338843,0.6791791791791792,0.5385385385385385,0.12012012012012012,0.6387827241453145
Hey! Wake Up                                                                                                                                                                      - Luthea Salom                                    ,0.9898815273681393,0.20426535558114503,0.0,0.4005931026014252,1.0,0.4369369369369369,0.8268268268268268,0.5175175175175175,0.36936936936936937,0.5385385385385385,0.9634634634634635,0.201189195261159
A Real Hero                                                                                                                                                                       - College & Electric Youth                        ,0.8013013013013013,0.22075497957850904,0.8883883883883883,0.35455829134293654,1.0,0.18018018018018017,0.8438438438438438,0.777297877145438,0.572072072072072,0.5385385385385385,0.4587586886115268,0.42645180264012383
Under Your Spell                                                                                                                                                                  - Desire                                          ,0.5530530530530531,0.34411435336647367,0.7217217217217218,0.30153030461767727,1.0,0.12462462462462463,0.38104771438104773,0.7516239969430646,0.26226226226226224,0.5385385385385385,0.5545545545545546,0.36013133003351205
Eme n'gui mona n'gola                                                                                                                                                             - Carlitos Vieira Dias                            ,0.861876669568977,0.549049049049049,0.4664664664664665,0.2809890506862721,1.0,0.3883883883883884,0.7357579895331573,0.40266788261903264,0.6266266266266266,0.5385385385385385,0.9029029029029029,0.3813474762389359
La Vuelta Al Mundo                                                                                                                                                                - Calle 13                                        ,0.8448448448448449,0.2927927927927928,0.0,0.3148536762853211,1.0,0.944648417350073,0.5640819668813448,0.2621837704863535,0.632132132132132,0.5385385385385385,0.8408408408408409,0.5840884109957123
Canción Del Extranjero                                                                                                                                                            - Nacho Vegas                                     ,0.38538538538538536,0.16716716716716717,0.5445445445445445,0.19641033376877193,0.0,0.6786786786786787,0.8848848848848849,0.0,0.487987987987988,0.5385385385385385,0.6898308454628317,0.18905296592923354
I Wish You Were Here                                                                                                                                                              - Alpha Blondy                                    ,0.9139139139139139,0.3163163163163163,0.6341341341341341,0.45084518087433534,1.0,0.6086086086086087,0.3562157336055923,0.5796673385714481,0.44494494494494496,0.5385385385385385,0.6586586586586587,0.8278278278278278
El Partisano                                                                                                                                                                      - Espaldamaceta                                   ,0.34034034034034033,0.14064064064064064,0.0,0.14535321573342785,0.0,0.23673673673673673,0.8898898898898899,0.5532393921140724,0.3353353353353353,0.5385385385385385,0.5310310310310311,0.1075536172628749
Criminals                                                                                                                                                                         - The Tallest Man On Earth                        ,0.6096096096096096,0.21291718170580964,0.8883883883883883,0.7115698172399204,1.0,0.13113113113113112,0.8610637772648946,0.5955955955955956,0.4074074074074074,0.5385385385385385,0.508008008008008,0.6242141742559749
La Nueva Reconquista de Graná                                                                                                                                                     - Grupo De Expertos Solynieve                     ,0.13213213213213212,0.3833833833833834,0.8058058058058057,0.49637480653916244,1.0,0.39539539539539537,0.7036209208761735,0.7822618585940718,0.25225225225225223,0.05005005005005005,0.6296296296296297,0.9193743491569281
Ballad of Hollis Brown                                                                                                                                                            - Bob Dylan                                       ,0.7442442442442443,0.16816816816816815,0.3383383383383384,0.17372861822307484,1.0,0.2127127127127127,0.8808808808808809,0.4099450776975207,0.3073073073073073,0.5385385385385385,0.6056056056056056,0.4205217666001143
How to Disappear Completely                                                                                                                                                       - Radiohead                                       ,0.05655655655655656,0.16463984199833256,0.5445445445445445,0.23517325114411136,0.0,0.15165165165165165,0.6664164164164168,0.7967967967967968,0.3963963963963964,0.5385385385385385,0.2602602602602603,0.31875185523405447
Sigur 1 (Untitled)                                                                                                                                                                - Sigur Rós                                       ,0.23423423423423423,0.08494134940770172,0.7217217217217218,0.16586577495245505,1.0,0.12062062062062062,0.882875605815832,0.7847847847847848,0.12312312312312312,0.5385385385385385,0.04604200323101776,0.12327457472971509
Sort Of Revolution                                                                                                                                                                - Fink                                            ,0.7902902902902902,0.15415415415415415,1.0,0.11119283665159979,0.0,0.17467467467467468,0.7925425425425425,0.7242267167565972,0.17608015255074078,0.5385385385385385,0.26676676676676675,0.8363657059950239
Something About Us                                                                                                                                                                - Daft Punk                                       ,0.9767545820295038,0.24724724724724725,0.8058058058058057,0.20205807970698525,0.0,0.7497497497497497,0.7131872477052216,0.7703926286922237,0.0232599337076949,0.5385385385385385,0.46446446446446443,0.29217034726688945
Vultures                                                                                                                                                                          - Cocoon                                          ,0.7237237237237237,0.23823823823823823,0.5445445445445445,0.4904904904904905,1.0,0.04854854854854855,0.7643367621712184,0.0,0.3433433433433434,0.5385385385385385,0.6666666666666666,0.10045065657990375
Animal Salvatge                                                                                                                                                                   - Sanjosex                                        ,0.6231231231231231,0.27483324576672813,0.6341341341341341,0.2847795861617731,1.0,0.011011011011011011,0.7697697697697697,0.42495343165418986,0.6116116116116116,0.5385385385385385,0.6696696696696697,0.8107416252999484
Ain't No Sunshine                                                                                                                                                                 - Nancy Sinatra                                   ,0.24824824824824826,0.14014014014014015,0.8883883883883883,0.2364849435460123,0.0,0.05855855855855856,0.8658658658658659,0.5495054176287861,0.7597597597597597,0.5385385385385385,0.3163163163163163,0.7903729984978274
However Many Takes it Takes                                                                                                                                                       - Vandaveer                                       ,0.6081081081081081,0.28428428428428426,0.0,0.42880148996791956,0.0,0.05055055055055055,0.8084591321673388,0.0,0.6626626626626626,0.5385385385385385,0.7850889216742875,0.4328922268532381
"Welcome Home, Son                                                                                                                                                               - Radical Face                                    ",0.5975975975975976,0.2922922922922923,0.5445445445445445,0.3412708054914347,1.0,0.05055055055055055,0.8095144760826981,0.7747747747747747,0.5665665665665666,0.05005005005005005,0.4774774774774775,0.8358472690823155
All the Trees of the Field Will Clap Their Hands                                                                                                                                  - Sufjan Stevens                                  ,0.6541541541541542,0.13193200106183534,0.3918918918918919,0.17883956121069522,1.0,0.05055055055055055,0.950950950950951,0.7775519421860884,0.4169169169169169,0.5385385385385385,0.7557557557557557,0.8328028920476565
The Dress Looks Nice on You                                                                                                                                                       - Sufjan Stevens                                  ,0.7637637637637638,0.15115115115115116,0.4664664664664665,0.12157390047769719,0.0,0.11561561561561562,0.9109109109109109,0.5907957674687228,0.3963963963963964,0.5385385385385385,0.8433433433433433,0.637855822429753
Bonatology                                                                                                                                                                        - Richard Bona                                    ,0.27927927927927926,0.03597825329574056,0.7217217217217218,0.055291353245811,0.0,0.5807751299686784,0.950950950950951,0.0,0.5325325325325325,0.5385385385385385,0.5113085621970921,0.1570975769307068
Sugar Man                                                                                                                                                                         - Rodríguez                                       ,0.4224224224224224,0.3388145288145288,0.4664664664664665,0.5881860316330694,1.0,0.30230230230230226,0.8108521207489492,0.0,0.9722506710939101,0.5385385385385385,0.5575575575575575,0.27625324500952203
"Que No Sea Kang, Por Favor                                                                                                                                                      - Los Planetas                                    ",0.3772153025508731,0.2602602602602603,0.27127127127127126,0.3637688845512808,1.0,0.027527527527527528,0.17801727397584424,0.8373373373373374,0.617117117117117,0.5385385385385385,0.2882882882882883,0.20309198086975813
Sunset                                                                                                                                                                            - The xx                                          ,0.94994994994995,0.11211211211211211,0.27127127127127126,0.1270895188592882,1.0,0.6456456456456456,0.7477477477477478,0.715874682361715,0.4244244244244244,0.5385385385385385,0.4494494494494494,0.5119470895235338
Alfonsina Y El Mar                                                                                                                                                                - Mercedes Sosa                                   ,0.46546546546546547,0.08258258258258258,0.8883883883883883,0.16291740509864006,0.0,0.2527527527527528,0.9239239239239239,0.38630394019248887,0.1991991991991992,0.05005005005005005,0.2872872872872873,0.7396287340631295
Someone Else's Song                                                                                                                                                               - Wilco                                           ,0.31431431431431434,0.14449915031310379,0.8058058058058057,0.15137457634766133,1.0,0.15565565565565564,0.8233766233766234,0.7138134592680047,0.3433433433433434,0.05005005005005005,0.4674674674674675,0.9101439823764045
It's Only Me                                                                                                                                                                      - Elvis Perkins                                   ,0.35535535535535534,0.16188737757365207,0.0,0.31465809639093417,1.0,0.02002002002002002,0.7360376315913228,0.0,0.2042042042042042,0.05005005005005005,0.2097097097097097,0.8121769494203802
L'ocell                                                                                                                                                                           - Joan Colomo                                     ,0.7387387387387387,0.29929929929929927,0.0,0.39627134950381154,0.0,0.03303303303303303,0.8176311490643736,0.528191903752945,0.5445445445445445,0.05005005005005005,0.43243243243243246,0.5593044249760667
Koop Island Blues                                                                                                                                                                 - Koop                                            ,0.5275275275275275,0.2922922922922923,0.8883883883883883,0.3625102290023755,0.0,0.08758758758758758,0.8056546384305581,0.6125262132767606,0.8063063063063063,0.5385385385385385,0.6076076076076076,0.07089943125102256
Tell Me Now So I Know                                                                                                                                                             - Holly Golightly                                 ,0.474974974974975,0.10777444110777444,0.8058058058058057,0.1888662735841917,0.0,0.3123123123123123,0.8738738738738738,0.600233638986002,0.3128128128128128,0.05005005005005005,0.25125125125125125,0.7518051424659312
Zamba del carnaval                                                                                                                                                                - Lorena Astudillo & Daniel Maza                  ,0.642142142142142,0.19519519519519518,0.8058058058058057,0.35139915054013077,0.0,0.15165165165165165,0.8648648648648649,0.26126126126126126,0.4764764764764765,0.5385385385385385,0.6768982229402266,0.8350979110933376
Mort d'un heroi romàntic                                                                                                                                                          - Manel                                           ,0.6876876876876877,0.2902902902902903,0.3918918918918919,0.7147147147147147,1.0,0.1046046046046046,0.8798798798798799,0.0,0.47047047047047047,0.5385385385385385,0.7898971357416398,0.45572374349115974
The Blizzard's Never Seen the Desert Sands                                                                                                                                        - The Tallest Man On Earth                        ,0.44594594594594594,0.1941941941941942,0.4664664664664665,0.4616346787928558,0.0,0.08208208208208209,0.8520339740724183,0.0,0.5785785785785786,0.5385385385385385,0.4724724724724725,0.7858997808510726
De Mi Esperanza                                                                                                                                                                   - Jorge Cafrune                                   ,0.4184184184184184,0.08258258258258258,0.4664664664664665,0.12905429785600805,1.0,0.14164164164164164,0.8503097256833747,0.3705404931466693,0.4764764764764765,0.5385385385385385,0.25925925925925924,0.11011011011011011
Assist                                                                                                                                                                            - Vic Chesnutt                                    ,0.6181181181181181,0.12312312312312312,0.5445445445445445,0.2062585098416668,0.0,0.56006006006006,0.8041484424463148,0.3824516807039316,0.9871650890421948,0.5385385385385385,0.4164164164164164,0.700285038809143
Zamba Del Carnaval                                                                                                                                                                - Pedro Aznar                                     ,0.2538198254912136,0.13327293342725438,0.27127127127127126,0.12207896207325267,0.0,0.22072072072072074,0.8788788788788788,0.6112917579654885,0.36036036036036034,0.5385385385385385,0.2872872872872873,0.02393600348566082
Black Mountain                                                                                                                                                                    - Isobel Campbell                                 ,0.7667667667667668,0.12112112112112113,0.3383383383383384,0.09591221306917667,1.0,0.6016016016016016,0.7237237237237237,0.7577255871446228,0.43843843843843844,0.5385385385385385,0.6726726726726726,0.6217891813675527
Deus Ibi Est                                                                                                                                                                      - Isobel Campbell                                 ,0.4724724724724725,0.0920920920920921,0.3383383383383384,0.07768983650911095,1.0,0.4974974974974975,0.8394422255257245,0.8663663663663663,0.14364364364364363,0.05005005005005005,0.18568568568568566,0.16718305898881755
Zamba del Carnaval                                                                                                                                                                - Hernán Ríos                                     ,0.6466466466466466,0.252514973445206,0.0,0.3676919542309542,1.0,0.005005005005005005,0.8408408408408409,0.45375551636341144,0.507007007007007,0.5385385385385385,0.7358731788783605,0.4014307748224955
Ja era fort                                                                                                                                                                       - Manel                                           ,0.4194194194194194,0.15912485420394032,0.8883883883883883,0.377783720974995,1.0,0.3288288288288288,0.8968968968968969,0.26426426426426425,0.45545545545545546,0.5385385385385385,0.45645645645645644,0.30332626080292147
Little River                                                                                                                                                                      - The Tallest Man On Earth                        ,0.2832832832832833,0.13513513513513514,0.0,0.13870444315424585,1.0,0.021521521521521522,0.871172326576314,0.7804005526438986,0.37887887887887883,0.5385385385385385,0.15415415415415415,0.10431221630691487
La Gent Així                                                                                                                                                                      - Nico Roig                                       ,0.44594594594594594,0.11311311311311312,0.6341341341341341,0.15674387650280894,1.0,0.5205205205205206,0.8918918918918919,0.5504661410321787,0.10147518998658912,0.5385385385385385,0.29479479479479476,0.2547796649715922
Les Dones Macabres                                                                                                                                                                - Nico Roig                                       ,0.4724724724724725,0.6616616616616616,0.5445445445445445,0.87737111373475,1.0,0.16716716716716717,0.4797914432916773,0.590158172231986,0.6481481481481481,0.5385385385385385,0.7099850213057759,0.7411922371287691
Dualize                                                                                                                                                                           - L.A.                                            ,0.4174174174174174,0.17660297941988085,0.5445445445445445,0.1376065801655359,0.0,0.07207207207207207,0.819840428663958,0.5535316829434477,0.12512512512512514,0.5385385385385385,0.7507507507507507,0.42945167209545715
California Dreamin' - Remastered                                                                                                                                                  - Bobby Womack                                    ,0.8013013013013013,0.23682516438700182,1.0,0.24983842581607948,0.0,0.2102102102102102,0.3883883883883884,0.8011795242660206,0.08141474808141475,0.5385385385385385,0.12962962962962965,0.41569364374934603
A New Error                                                                                                                                                                       - Moderat                                         ,0.5060060060060061,0.4904904904904905,1.0,0.3275005775005775,0.0,0.2877877877877878,0.42434389470471945,0.0,0.04504504504504504,0.5385385385385385,0.5925925925925926,0.4216834595373654
Across 110th Street - Original                                                                                                                                                    - Bobby Womack                                    ,0.7637637637637638,0.3913913913913914,0.16616616616616617,0.40700705733385467,0.0,0.3088088088088088,0.7607607607607607,0.8213213213213213,0.8018018018018018,0.5385385385385385,0.6426426426426426,0.341149775712911
Cafe de flore                                                                                                                                                                     - Doctor Rockit                                   ,0.6891891891891893,0.26226226226226224,0.6341341341341341,0.17512964645317589,1.0,0.4904904904904905,0.8190569458785292,0.5708565708565708,0.521021021021021,0.5385385385385385,0.5855855855855856,0.13563211114298934
House Of The Rising Sun                                                                                                                                                           - The Be Good Tanyas                              ,0.42542542542542544,0.12112112112112113,0.27127127127127126,0.1315862064422525,0.0,0.4124124124124124,0.7574384729557143,0.6353737425143329,0.4764764764764765,0.5385385385385385,0.38488488488488487,0.5291322250085138
Todo es Mentira                                                                                                                                                                   - Albert Pla & Pascal Comelade                    ,0.988988988988989,0.23089756423089758,0.0,0.43649565661551953,1.0,0.56006006006006,0.5548706240487061,0.4296565160201524,0.6341341341341342,0.5385385385385385,0.994994994994995,0.3347436391594266
A Message to You Rudy - 2002 Remastered Version                                                                                                                                   - The Specials                                    ,0.36436436436436437,0.14914914914914915,0.3918918918918919,0.19353716011691172,0.0,0.5245245245245245,0.8070643133840163,0.3303789503789501,0.5855855855855856,0.5385385385385385,0.5032310177705976,0.17859450111076364
Gallo Rojo                                                                                                                                                                        - Refree                                          ,0.8693693693693694,0.35835835835835833,0.5445445445445445,0.44450611899664316,1.0,0.22322322322322322,0.5985670595462163,0.5501032963297113,0.17657577112203846,0.5385385385385385,0.9209209209209209,0.37958586351337237
In Your Hands                                                                                                                                                                     - Charlie Winston                                 ,0.9823934199577071,0.1770297826635855,0.3383383383383384,0.16557780118022017,0.0,0.5580580580580581,0.7081699156052602,0.7014464807892037,0.6386386386386387,0.5385385385385385,0.7577577577577578,0.5927047750461346
Island (Nôze Remix)                                                                                                                                                               - Dapayk & Padberg                                ,0.6116116116116116,0.3883883883883884,0.6341341341341341,0.4116116116116116,0.0,0.028544556953647864,0.17781418705464197,0.39026154133225943,0.3963963963963964,0.5385385385385385,0.34934934934934936,0.23824148766498074
Devil Or Angel                                                                                                                                                                    - Lou Doillon                                     ,0.6976976976976977,0.6566566566566566,0.5445445445445445,0.8725969265942082,0.0,0.3993993993993994,0.32217573221757356,0.536259176799186,0.5595595595595595,0.5385385385385385,0.7099850213057759,0.3913443696662374
Dusty Men                                                                                                                                                                         - Saule                                           ,0.9104104104104105,0.15215215215215216,0.8883883883883883,0.25425425425425424,0.0,0.8653653653653655,0.7614147829975169,0.6555062620636392,0.3053053053053053,0.5385385385385385,0.03403403403403403,0.7982601186484675
Limit To Your Love                                                                                                                                                                - James Blake                                     ,0.44144144144144143,0.1502526785545654,0.8883883883883883,0.2792141558036002,0.0,0.07607607607607608,0.6866501854140916,0.7034567901234567,0.49199199199199195,0.05005005005005005,0.5510510510510511,0.9399682457164007
It's Real                                                                                                                                                                         - Real Estate                                     ,0.3588588588588588,0.6811811811811812,0.27127127127127126,0.7277277277277278,1.0,0.055055055055055056,0.3083083083083083,0.6377930949565219,0.49199199199199195,0.5385385385385385,0.7877877877877878,0.8724607193409335
Baby Lee                                                                                                                                                                          - Teenage Fanclub                                 ,0.6286286286286287,0.5345345345345345,0.0,0.6669849352853812,1.0,0.016016016016016016,0.5455455455455456,0.5359315013289717,0.8863863863863863,0.5385385385385385,0.9263393828611219,0.4355205928076328
Come Saturday                                                                                                                                                                     - The Pains Of Being Pure At Heart                ,0.04954954954954954,0.8423423423423424,0.5445445445445445,0.7713369965837809,0.0,0.6219238106030559,0.011399195350916408,0.9734734734734735,0.8083083083083082,0.5385385385385385,0.5725725725725725,0.9789838925548366
No Children                                                                                                                                                                       - The Mountain Goats                              ,0.503003003003003,0.2122991347342398,0.16616616616616617,0.4754323969838304,1.0,0.3408408408408409,0.7620003739444655,0.45004299549754095,0.3353353353353353,0.5385385385385385,0.49149149149149146,0.10910697690414974
Odessa                                                                                                                                                                            - Caribou                                         ,0.7822822822822824,0.7872872872872874,0.16616616616616617,0.7028868567330105,1.0,0.2082082082082082,0.2638225473795944,0.6106106106106106,0.8673673673673674,0.5385385385385385,0.7007007007007007,0.4874090789818947
Light My Fire - Mono                                                                                                                                                              - The Doors                                       ,0.42542542542542544,0.3733733733733734,0.6341341341341341,0.2896655626394818,1.0,0.18159255954067272,0.6286286286286287,0.3792405468717994,0.3963963963963964,0.5385385385385385,0.7907907907907907,0.698305451859226
I Think I Need A New Heart                                                                                                                                                        - The Magnetic Fields                             ,0.6231231231231231,0.6671671671671671,0.27127127127127126,0.5863046044864227,1.0,0.35785785785785784,0.7831917746982567,0.6194521617607888,0.6836836836836837,0.5385385385385385,0.948948948948949,0.8975964951213646
The Luckiest Guy On The Lower East Side                                                                                                                                           - The Magnetic Fields                             ,0.4394394394394394,0.6951951951951951,1.0,0.6946926188712204,1.0,0.6476476476476476,0.6571715127864862,0.2901258432251064,0.014014014014014014,0.5385385385385385,0.535035035035035,0.07042328291185326
Game Of Pricks                                                                                                                                                                    - Guided By Voices                                ,0.2772772772772773,0.6981981981981982,0.8058058058058057,0.7165119245807346,1.0,0.37405179942493383,0.19969273557702702,0.589235815818248,0.521021021021021,0.5385385385385385,0.4269269269269269,0.7882957035857925
I Melt With You                                                                                                                                                                   - Modern English                                  ,0.4124124124124124,0.3948948948948949,0.0,0.19686194218953199,1.0,0.24874874874874875,0.28715897124701545,0.3313313313313313,0.007007007007007007,0.5385385385385385,0.6846846846846847,0.8889392224266804
Point of View - Radio Edit                                                                                                                                                        - DB Boulevard                                    ,0.7142142142142143,0.4044044044044044,0.5445445445445445,0.3547343786822568,1.0,0.05855855855855856,0.2399218196065832,0.5665665665665666,0.06304079110012362,0.5385385385385385,0.2042042042042042,0.6927620166750602
Inbetween Days                                                                                                                                                                    - The Cure                                        ,0.49099099099099097,0.7847847847847848,0.8058058058058057,0.9435957470006923,1.0,0.18468468468468469,0.4224305719540033,0.5595595595595596,0.7437437437437437,0.5385385385385385,0.7807807807807807,0.8190496405599548
Your Fucking Sunny Day                                                                                                                                                            - Lambchop                                        ,0.3263263263263263,0.2586232203141053,0.0,0.48793774319066147,1.0,0.013013013013013013,0.47211361385740347,0.7398272352837476,0.8808808808808809,0.5385385385385385,0.2822822822822823,0.3457597666786525
Let’s Explode                                                                                                                                                                     - Clem Snide                                      ,0.4274274274274274,0.37037037037037035,0.6341341341341341,0.5611436445056838,1.0,0.023597735666701192,0.8455121788455122,0.507657625717613,0.8448448448448449,0.5385385385385385,0.7877877877877878,0.16427732349001967
Faithless - B-Side                                                                                                                                                                - City and Colour                                 ,0.3150501494872356,0.92992992992993,1.0,0.9881017876487864,1.0,0.7494214503406887,0.2005823092985896,0.34034034034034033,0.9069069069069069,0.5385385385385385,0.6956956956956957,0.9313956675573148
King Of The Beach                                                                                                                                                                 - Wavves                                          ,0.38691437802907924,0.934934934934935,0.8058058058058057,0.940542123498416,1.0,0.41491491491491495,0.3518585251918585,0.39539539539539537,0.5445445445445445,0.5385385385385385,0.8198198198198198,0.8691528488594102
Just Like Heaven                                                                                                                                                                  - The Cure                                        ,0.5085085085085085,0.4774774774774775,0.27127127127127126,0.4657528834840561,1.0,0.06306306306306306,0.7144622991347342,0.6586586586586587,0.5630630630630631,0.5385385385385385,0.7597597597597597,0.9295427246489691
Days                                                                                                                                                                              - The Drums                                       ,0.3743743743743744,0.8078078078078078,0.0,0.5905905905905906,1.0,0.3758758758758759,0.5028241148524167,0.0,0.6061061061061062,0.5385385385385385,0.9629629629629629,0.9038142801537957
Imperi                                                                                                                                                                            - Vàlius                                          ,0.43043043043043044,0.3003003003003003,0.0,0.24363100965042717,1.0,0.3358358358358358,0.5331179321486269,0.43901445006417383,0.7137137137137137,0.5385385385385385,0.7137137137137137,0.9961561192583895
Objecte Pur                                                                                                                                                                       - Isaac Ulam                                      ,0.3793793793793794,0.9324324324324325,0.16616616616616617,0.7129047457257326,0.0,0.46396396396396394,0.03558635709357509,0.7787787787787788,0.9039039039039038,0.5385385385385385,0.7817817817817818,0.9009131848846227
Plants                                                                                                                                                                            - Beach Beach                                     ,0.6766766766766766,0.5890890890890891,0.3383383383383384,0.8851534854758063,1.0,0.012012012012012012,0.5775775775775776,0.4369110079355612,0.31931931931931934,0.05005005005005005,0.38238238238238237,0.3943049954977619
Gemini (Birthday Song)                                                                                                                                                            - WHY?                                            ,0.7602602602602602,0.3263263263263263,0.3918918918918919,0.14862428681563838,1.0,0.07407407407407407,0.3353353353353353,0.5525372209397328,0.1931931931931932,0.5385385385385385,0.9019019019019019,0.45228485256308515
Heart Of Glass - Special Mix                                                                                                                                                      - Blondie                                         ,0.2810985460420033,0.8128128128128128,0.0,0.49660074165636586,0.0,0.7917917917917918,0.7455455455455455,0.5059969865015737,0.9229229229229229,0.5385385385385385,0.970051430741086,0.9964500655808516
Good for Nothin'                                                                                                                                                                  - Scott Walker                                    ,0.6251251251251251,0.48848848848848847,0.0,0.19906354321938743,1.0,0.2102102102102102,0.46986333110839906,0.3637468108370794,0.13279946613279947,0.5385385385385385,0.6601601601601601,0.3763902274148561
Speeding Motorcycle                                                                                                                                                               - The Pastels                                     ,0.5495495495495496,0.22570925233074315,0.4664664664664665,0.2795112311075236,0.0,0.14164164164164164,0.7549897657136263,0.7722722722722724,0.43843843843843844,0.5385385385385385,0.40040040040040037,0.4904771359664102
Going to Georgia                                                                                                                                                                  - The Mountain Goats                              ,0.27627627627627627,0.5260260260260261,0.0,0.9302931758288902,1.0,0.2057057057057057,0.48348348348348347,0.5298874393362581,0.5965965965965966,0.5385385385385385,0.6616616616616616,0.6905591959244108
Cali in a Cup                                                                                                                                                                     - Woods                                           ,0.14614614614614616,0.6606606606606606,0.0,0.8885515240456789,0.0,0.7282282282282282,0.2835700258635892,0.47557615193202124,0.8148148148148149,0.5385385385385385,0.6821821821821822,0.15009714845817707
Don't Look Back into the Sun                                                                                                                                                      - The Libertines                                  ,0.7732732732732732,0.14714714714714713,0.0,0.07507688397920573,1.0,0.7309514940494438,0.6116116116116116,0.0,0.17417417417417416,0.5385385385385385,0.9329329329329329,0.2622909059041101
Blister in the Sun - 2002 Remastered Version                                                                                                                                      - Violent Femmes                                  ,0.5655655655655656,0.7032032032032032,0.27127127127127126,0.5655055196339599,1.0,0.11311311311311312,0.5210210210210211,0.0,0.8593593593593594,0.5385385385385385,0.950950950950951,0.7702713601225835
The Day That Thatcher Dies                                                                                                                                                        - Hefner                                          ,0.5615615615615616,0.9054054054054055,0.16616616616616617,0.8979535398230087,1.0,0.7632632632632632,0.5910501730750783,0.0,0.20660303160303156,0.5385385385385385,0.980980980980981,0.7769883153001759
You Really Got Me                                                                                                                                                                 - The Kinks                                       ,0.6341341341341342,0.3948948948948949,0.8883883883883883,0.44133021910799686,1.0,0.021521521521521522,0.6259482005750662,0.47700567477231104,0.575075075075075,0.5385385385385385,0.9242957962681146,0.4738294887616891
San Francisco                                                                                                                                                                     - Foxygen                                         ,0.2872872872872873,0.30430430430430433,0.7217217217217218,0.28387839558052325,1.0,0.3153153153153153,0.14630681755577798,0.7456110456399224,0.06354485326447944,0.5385385385385385,0.5665665665665666,0.5339131803733655
Just Like Honey                                                                                                                                                                   - The Jesus and Mary Chain                        ,0.52002002002002,0.5855855855855856,0.6341341341341341,0.5346758793616156,1.0,0.07007007007007007,0.5575575575575575,0.0,0.7317317317317317,0.5385385385385385,0.7007007007007007,0.35843611443132517
Cemetry Gates - 2011 Remaster                                                                                                                                                     - The Smiths                                      ,0.4069069069069069,0.48848848848848847,0.8058058058058057,0.25854039260388906,1.0,0.22322322322322322,0.7407130805189055,0.4323545361124344,0.9069069069069069,0.5385385385385385,0.9189189189189189,0.8256591625043127
Shout                                                                                                                                                                             - Lulu And The Luvvers                            ,0.40490490490490494,0.3199624061360395,0.3918918918918919,0.4292429477596496,0.0,0.4134134134134134,0.32398469898469895,0.7506180469715696,0.5480480480480481,0.5385385385385385,0.4339339339339339,0.0901354114940164
Muizenberg                                                                                                                                                                        - John Wizards                                    ,0.7477477477477478,0.4797677221055696,0.6341341341341341,0.6878262479814873,1.0,0.16216216216216217,0.38038038038038036,0.5595595595595596,0.8988988988988988,0.5385385385385385,0.6936936936936937,0.7716545916856017
The Stars Keep On Calling My Name                                                                                                                                                 - Mac DeMarco                                     ,0.40540540540540543,0.6146146146146146,0.8883883883883883,0.6079570853822083,1.0,0.2057057057057057,0.30478982846654684,0.6691258103022809,0.6226226226226226,0.5385385385385385,0.5475475475475475,0.9079102418795759
Red Eyes                                                                                                                                                                          - The War On Drugs                                ,0.3588588588588588,0.7257257257257257,0.4664664664664665,0.6548629012185863,1.0,0.060560560560560556,0.38712561466249445,0.8633633633633633,0.5405405405405406,0.5385385385385385,0.6076076076076076,0.8681967214892864
Talking Backwards                                                                                                                                                                 - Real Estate                                     ,0.2652652652652653,0.7167167167167168,0.8058058058058057,0.6136136136136137,1.0,0.49199199199199195,0.3233233233233233,0.6528954265957324,0.6656656656656657,0.5385385385385385,0.6556556556556556,0.9350229360226056
Whispering or Singing                                                                                                                                                             - Boomgates                                       ,0.4874874874874875,0.8723723723723724,0.3918918918918919,0.9269733548022233,1.0,0.37987987987987987,0.23523523523523523,0.5550620362433656,0.05905905905905906,0.5385385385385385,0.8048048048048048,0.8282820377863813
Let's Get Out Of Here                                                                                                                                                             - Les Savy Fav                                    ,0.12862862862862862,0.9904904904904905,0.0,0.7753336023212195,1.0,0.9409409409409409,0.24966548233977995,0.6888073367485132,0.7677677677677678,0.5385385385385385,0.26676676676676675,0.9272599427749351
Someone for You                                                                                                                                                                   - Warm Soda                                       ,0.40954084519301914,0.8128128128128128,0.27127127127127126,0.8026699576791209,1.0,0.3913913913913914,0.6166166166166166,0.6851254615960498,0.8243243243243243,0.5385385385385385,0.8988988988988988,0.5362282929423529
Natural Life                                                                                                                                                                      - Cool Ghouls                                     ,0.43043043043043044,0.8648648648648649,0.3918918918918919,0.9967418605294798,0.0,0.1366366366366366,0.7102900123514343,0.7693276831207866,0.8718718718718719,0.5385385385385385,0.7472472472472473,0.8181473372253165
Thine Eyes                                                                                                                                                                        - Pure Bliss                                      ,0.9434434434434434,0.3053363742015537,0.16616616616616617,0.44327898251271186,1.0,0.2922922922922923,0.5575575575575575,0.0,0.03757205481343414,0.5385385385385385,0.9619619619619619,0.682666887214569
You Can Get It If You Really Want                                                                                                                                                 - Desmond Dekker                                  ,0.342676009342676,0.5775775775775776,0.6341341341341341,0.27992317755448554,1.0,0.46850328589459017,0.17017017017017017,0.7679233621755253,0.26076076076076077,0.5385385385385385,0.9294294294294294,0.8485040827156275
Comin' Through                                                                                                                                                                    - The Pastels                                     ,0.5,0.5395395395395395,0.0,0.45084518087433534,1.0,0.5725725725725725,0.24716283653038923,0.7227227227227228,0.507007007007007,0.5385385385385385,0.9584584584584585,0.8860432907690058
I Apologise                                                                                                                                                                       - Teenage Filmstars                               ,0.6726726726726726,0.27977977977977975,0.4664664664664665,0.30430430430430433,1.0,0.10960960960960961,0.8373368358338298,0.3722092511359527,0.3128128128128128,0.5385385385385385,0.45383831150929116,0.46147008376617615
Stranded                                                                                                                                                                          - Sonny & The Sunsets                             ,0.6541541541541542,0.4854854854854855,0.6341341341341341,0.2818002093792299,1.0,0.07607607607607608,0.6386386386386387,0.6105064113816849,0.24024024024024024,0.5385385385385385,0.9729729729729729,0.46764341219054717
Magic                                                                                                                                                                             - Chucho                                          ,0.16166166166166168,0.8968968968968969,0.3918918918918919,0.6481481481481481,1.0,0.5465465465465466,0.22705702101991224,0.5705705705705706,0.5690690690690691,0.5385385385385385,0.924924924924925,0.9167000841897068
Ciencia Ficcion                                                                                                                                                                   - Los Planetas                                    ,0.39789789789789787,0.1826328800988875,0.0,0.29673796454034956,0.0,0.055055055055055056,0.7497497497497497,0.3255015274889499,0.4314314314314314,0.5385385385385385,0.4411057764351178,0.4789421697803477
Thirteen                                                                                                                                                                          - Big Star                                        ,0.3838838838838839,0.4984984984984985,0.0,0.8408446573467592,1.0,0.04504504504504504,0.2346389323133509,0.5185185185185185,0.4764764764764765,0.5385385385385385,0.8118118118118118,0.4619068338601988
Avant Gardener                                                                                                                                                                    - Courtney Barnett                                ,0.8063063063063063,0.2213349107759047,0.8058058058058057,0.384624317733132,0.0,0.16316316316316315,0.8368350469378633,0.6653473970469514,0.17702279839070184,0.5385385385385385,0.8201534868201534,0.4845235516030149
Who Do I Think I Am?                                                                                                                                                              - Woods                                           ,0.555055055055055,0.7122122122122122,0.8058058058058057,0.9098591549295775,1.0,0.10960960960960961,0.7717717717717718,0.33483483483483484,0.6726726726726726,0.5385385385385385,0.9854854854854855,0.08820222198976639
Sanity Or Not                                                                                                                                                                     - Juan Wauters                                    ,0.09759759759759759,0.7062062062062062,0.0,0.4902409894924865,1.0,0.35485485485485485,0.2031086013804003,0.0,0.3868868868868869,0.5385385385385385,0.8348348348348348,0.9639260336820902
Ordinary Girls                                                                                                                                                                    - English Singles                                 ,0.5125125125125125,0.08562197092084005,0.0,0.18625025945838516,1.0,0.25625625625625625,0.9039039039039038,0.5876304249206109,0.3003003003003003,0.5385385385385385,0.40167364016736423,0.4988528024692869
Unfucktheworld                                                                                                                                                                    - Angel Olsen                                     ,0.5275275275275275,0.47697697697697694,0.7217217217217218,0.30047752721187576,1.0,0.5945945945945946,0.8045352896416729,0.7627627627627628,0.7964936325020066,0.5385385385385385,0.08502217038802404,0.6327866031769127
Swinging London                                                                                                                                                                   - The Cleaners From Venus                         ,0.8323323323323324,0.18118118118118118,0.0,0.42292496863327284,1.0,0.16016016016016016,0.8455121788455122,0.0,0.632132132132132,0.5385385385385385,0.6066066066066066,0.6218315622017285
Don't Leave                                                                                                                                                                       - Ben Lee                                         ,0.4289289289289289,0.2832832832832833,0.27127127127127126,0.37704746866323785,1.0,0.007007007007007007,0.6852174497352974,0.8336025848142167,0.5855855855855856,0.5385385385385385,0.44544544544544545,0.2529235513883854
Mirall                                                                                                                                                                            - Les Sueques                                     ,0.1816816816816817,0.44844844844844844,0.7217217217217218,0.6436436436436437,0.0,0.0980980980980981,0.3203203203203203,0.6573239906573239,0.5825825825825826,0.5385385385385385,0.6016016016016016,0.054650680427273134
Lust For Life                                                                                                                                                                     - Girls                                           ,0.43343343343343343,0.7557557557557557,0.6341341341341341,0.7174768839535087,0.0,0.3838838838838839,0.5646292359775505,0.0,0.6001001001001001,0.5385385385385385,0.94994994994995,0.7720273749536501
The Bags                                                                                                                                                                          - Me and the Bees                                 ,0.2902902902902903,0.6326326326326326,0.27127127127127126,0.39666994431287317,1.0,0.5295295295295295,0.2571281750318797,0.5055055055055055,0.516016016016016,0.5385385385385385,0.9522781891202945,0.9815510120483342
Himno Generacional Nº 83                                                                                                                                                          - Los Planetas                                    ,0.6656656656656657,0.3833833833833834,1.0,0.4036951071542953,1.0,0.36536536536536535,0.20838637687906653,0.8208208208208209,0.7197197197197197,0.5385385385385385,0.7738375676520006,0.5601154937082632
Els dies s'allarguen                                                                                                                                                              - Renaldo & Clara                                 ,0.36686686686686687,0.4728033472803356,0.5445445445445445,0.24178826225596523,1.0,0.04654654654654655,0.49830402164124443,0.7187792798822112,0.09208217136859354,0.05005005005005005,0.8578578578578578,0.3482696306503873
Invisible Man                                                                                                                                                                     - The Breeders                                    ,0.2902902902902903,0.8808808808808809,0.0,0.6744748273349459,1.0,0.48148148148148145,0.13010625737898465,0.7638517386320214,0.8908908908908909,0.5385385385385385,0.8068068068068068,0.49004810276041544
Mk Love Triangle                                                                                                                                                                  - Kim                                             ,0.3838838838838839,0.3392907192907193,0.3918918918918919,0.3380025940337228,1.0,0.5165165165165165,0.7931612526306705,0.6373866040328818,0.4314314314314314,0.5385385385385385,0.6178981575235178,0.7898105769123752
Buses Splash With Rain                                                                                                                                                            - Frankie Cosmos                                  ,0.32232232232232233,0.5275275275275275,0.6341341341341341,0.7243290768513321,1.0,0.09109109109109109,0.36554384249933364,0.9364364364364364,0.8778778778778779,0.5385385385385385,0.978978978978979,0.7150863423246866
Number One                                                                                                                                                                        - Colleen Green                                   ,0.7067067067067067,0.40290290290290287,0.6341341341341341,0.37930303570221735,1.0,0.6776776776776777,0.7383799984956054,0.5937576573394306,0.8868868868868869,0.5385385385385385,0.9660843544338689,0.8588257610068912
En Espanol                                                                                                                                                                        - The Memories                                    ,0.4129667361374678,0.21421421421421422,1.0,0.30129791381906446,1.0,0.04654654654654655,0.975975975975976,0.7890031291908808,0.6996996996996997,0.05005005005005005,0.9569569569569569,0.2844985908800564
Absolutely Cuckoo                                                                                                                                                                 - The Magnetic Fields                             ,0.2962962962962963,0.7542542542542543,0.8058058058058057,0.27992317755448554,1.0,0.7757757757757757,0.23323323323323322,0.7741074407741074,0.8063063063063063,0.5385385385385385,0.5605605605605606,0.8129921447887424
Nothing To Be Done                                                                                                                                                                - The Pastels                                     ,0.7037037037037037,0.39289289289289286,0.0,0.12699142314239245,1.0,0.5881860316330694,0.7217217217217217,0.7133472304792101,0.5115115115115114,0.5385385385385385,0.991991991991992,0.17983440080998012
Kana Kapila                                                                                                                                                                       - Cousins                                         ,0.29979979979979976,0.7542542542542543,0.16616616616616617,0.6673032039040954,1.0,0.32432432432432434,0.8041484424463148,0.0,0.6536536536536537,0.5385385385385385,0.8698698698698699,0.8745980374788053
He's a Doll                                                                                                                                                                       - The Honeys                                      ,0.1873951667766101,0.38238238238238237,0.8058058058058057,0.6386972565377828,1.0,0.2727727727727728,0.6818003413748097,0.7057057057057057,0.7757757757757757,0.5385385385385385,0.4954954954954955,0.9710900341559099
Permanent Vacation                                                                                                                                                                - Alba Lua                                        ,0.3053053053053053,0.22022022022022023,0.6341341341341341,0.32028461844357664,1.0,0.0965965965965966,0.7697697697697697,0.6952558489484638,0.6911911911911912,0.5385385385385385,0.6246246246246246,0.5310312846591467
Dancing in the Public Eye                                                                                                                                                         - Frankie Cosmos                                  ,0.33183183183183185,0.6891891891891893,0.8058058058058057,0.6646847345132744,1.0,0.5655655655655656,0.2372742702006483,0.702716049382716,0.14216943330867385,0.5385385385385385,0.7377377377377378,0.9579585845789973
Paella                                                                                                                                                                            - Da Souza                                        ,0.15865865865865864,0.565065065065065,0.6341341341341341,0.5974557031258061,1.0,0.5845845845845846,0.728991402750268,0.3263984861847902,0.7137137137137137,0.5385385385385385,0.3738738738738739,0.9348702923899672
…And Ever                                                                                                                                                                         - Titus Andronicus                                ,0.21571571571571574,0.7587587587587588,0.6341341341341341,0.9970532789694819,1.0,0.23673673673673673,0.4171362663806453,0.9784784784784785,0.981085212074895,0.5385385385385385,0.6906906906906907,0.13106460806135853
Waterfall                                                                                                                                                                         - The Fresh & Onlys                               ,0.11611611611611611,0.7702702702702702,0.3918918918918919,0.7816031259900729,1.0,0.25425425425425424,0.4794794794794795,0.8348348348348348,0.7817817817817818,0.5385385385385385,0.6821821821821822,0.9946769267854624
Think Of You                                                                                                                                                                      - Bleached                                        ,0.5085085085085085,0.8018018018018018,0.8883883883883883,0.9530454837319513,1.0,0.3358358358358358,0.4984984984984985,0.5185185185185185,0.7442457517758723,0.5385385385385385,0.9729729729729729,0.9159301323953841
Stuck in the Middle                                                                                                                                                               - The Elwins                                      ,0.474974974974975,0.8348348348348349,0.27127127127127126,0.6216216216216216,1.0,0.23673673673673673,0.5445445445445445,0.0,0.9486052732136033,0.5385385385385385,0.9974152474152476,0.7923708229223787
Falling Out Of Love (With You)                                                                                                                                                    - The 6ths                                        ,0.7747747747747747,0.3113113113113113,0.3918918918918919,0.21440632661726053,1.0,0.14464464464464466,0.7518940150971065,0.0,0.3868868868868869,0.5385385385385385,0.9324324324324325,0.5985209568055275
Love Minus Zero                                                                                                                                                                   - Bob Dylan                                       ,0.7902902902902902,0.2902902902902903,1.0,0.22326125780357214,1.0,0.18018018018018017,0.5915915915915916,0.27927927927927926,0.6266266266266266,0.5385385385385385,0.9102795956770079,0.4322810584071846
With A Girl Like You                                                                                                                                                              - Thao & The Get Down Stay Down                   ,0.5015015015015015,0.507007007007007,0.16616616616616617,0.2380890461172937,1.0,0.7757757757757757,0.8390446112116091,0.5600666589510404,0.07607607607607608,0.5385385385385385,0.953953953953954,0.7266869958274669
Dirty Dirty Feeling                                                                                                                                                               - Elvis Presley                                   ,0.3763763763763764,0.6931931931931932,0.0,0.8708374557431162,1.0,0.3263263263263263,0.5105008077544425,0.3345845845845846,0.4314314314314314,0.5385385385385385,0.47092084006462037,0.8197101988901803
En Ningún Lugar                                                                                                                                                                   - Charades                                        ,0.36186186186186187,0.44544544544544545,0.3918918918918919,0.836836123873161,0.0,0.8863863863863863,0.522022022022022,0.0,0.7677677677677678,0.5385385385385385,0.6816816816816816,0.09336643428498569
Strange Fruit For David                                                                                                                                                           - The Wave Pictures                               ,0.6831831831831832,0.5935935935935935,0.27127127127127126,0.6539336741211289,1.0,0.06556556556556556,0.6426426426426426,0.3205202017083205,0.9196187089819,0.5385385385385385,0.7957957957957957,0.7553245926102545
Summer Teeth                                                                                                                                                                      - Wilco                                           ,0.5245245245245245,0.5,0.0,0.44021799577355136,1.0,0.3758758758758759,0.6056056056056056,0.0,0.8743743743743744,0.5385385385385385,0.8228228228228228,0.7847847847847848
Do You Believe in Magic?                                                                                                                                                          - The Lovin' Spoonful                             ,0.9264264264264264,0.36536536536536535,1.0,0.7896300085574534,0.0,0.12062062062062062,0.589660743134087,0.5250665379053395,0.7302302302302301,0.5385385385385385,0.6091091091091092,0.5656659988278748
Blackeye                                                                                                                                                                          - Love Inks                                       ,0.3053053053053053,0.647147147147147,1.0,0.5270523929060514,1.0,0.5235235235235235,0.6714349575324096,0.6626626626626626,0.9419126328217237,0.5385385385385385,0.4114114114114114,0.5358515764518923
California Girls                                                                                                                                                                  - The Magnetic Fields                             ,0.7082082082082082,0.27877877877877877,0.16616616616616617,0.38192146621930567,1.0,0.2182182182182182,0.6940704749693514,0.3062881110826316,0.6946946946946947,0.5385385385385385,0.3688688688688689,0.2891741854631095
Every Time the Sun Comes Up                                                                                                                                                       - Sharon Van Etten                                ,0.6081081081081081,0.587087087087087,0.8058058058058057,0.24561087595822514,1.0,0.2277277277277277,0.21238105478200095,0.6462377667254934,0.92992992992993,0.5385385385385385,0.6768982229402266,0.4145977664991742
Clouds                                                                                                                                                                            - The Go-Betweens                                 ,0.34034034034034033,0.6586586586586587,0.3918918918918919,0.7355884603307283,1.0,0.7917917917917918,0.8229043683589139,0.6080112323583013,0.2122122122122122,0.5385385385385385,0.5535535535535535,0.9118789825238256
Lenin                                                                                                                                                                             - Vàlius                                          ,0.1896896896896897,0.6091091091091092,0.0,0.8518518518518519,1.0,0.48348348348348347,0.7801676599959863,0.47571545356649375,0.7197197197197197,0.5385385385385385,0.5765765765765766,0.8987960991311261
Espinàs                                                                                                                                                                           - Vàlius                                          ,0.46146146146146144,0.35435435435435436,0.7217217217217218,0.25124736063103636,0.0,0.9531533537545561,0.5665665665665666,0.7441441441441441,0.9886086628634053,0.5385385385385385,0.5615615615615616,0.31135474708790284
Girl                                                                                                                                                                              - Jamie xx                                        ,0.36436436436436437,0.32732732732732733,0.3918918918918919,0.5292933928470618,1.0,0.5215215215215215,0.27127127127127126,0.48545535827089226,0.8083083083083082,0.5385385385385385,0.53003003003003,0.7409342391927531
The Hymn For The Cigarettes                                                                                                                                                       - Hefner                                          ,0.32374427792061217,0.48348348348348347,0.8058058058058057,0.476334492665961,1.0,0.26226226226226224,0.23072438885920893,0.6206510750151648,0.36936936936936937,0.5385385385385385,0.43993993993993996,0.9103578429635124
Until the Sun Explodes                                                                                                                                                            - The Pains Of Being Pure At Heart                ,0.6666666666666666,0.5105105105105106,0.5445445445445445,0.4072584399381784,0.0,0.2057057057057057,0.3973973973973974,0.45203536870203537,0.9473380302476899,0.5385385385385385,0.8862233816671887,0.67696920542449
My Number                                                                                                                                                                         - Foals                                           ,0.3683683683683684,0.4894894894894895,0.0,0.8302695177695179,1.0,0.05855855855855856,0.265095371157818,0.5565556837771224,0.8673673673673674,0.5385385385385385,0.41004184100418395,0.7998949291757513
Aquellos Ojos                                                                                                                                                                     - Mujeres                                         ,0.4394394394394394,0.23123123123123124,0.6341341341341341,0.4231243505493331,1.0,0.1366366366366366,0.7435655253837072,0.42030696576151116,0.8923923923923924,0.05005005005005005,0.5665665665665666,0.05907390089138127
My Kiss                                                                                                                                                                           - The Wave Pictures                               ,0.3103103103103103,0.38038038038038036,0.3918918918918919,0.4586586586586585,1.0,0.25625625625625625,0.6946946946946947,0.5705705705705706,0.7262262262262262,0.5385385385385385,0.38038038038038036,0.5637115440306172
School                                                                                                                                                                            - Frankie Cosmos                                  ,0.43043043043043044,0.8108108108108109,0.16616616616616617,0.8678678678678678,1.0,0.16466466466466467,0.25725725725725723,0.6929172961781658,0.44994994994994997,0.5385385385385385,0.9834834834834835,0.8946289395494456
Got No Money                                                                                                                                                                      - FIDLAR                                          ,0.9219219219219219,0.5415415415415415,0.5445445445445445,0.3879425681846845,1.0,0.5115115115115115,0.4700825332127393,0.3791027488836501,0.8508508508508509,0.5385385385385385,0.9189189189189189,0.3943789884536326
Dancing Machine - Single Version                                                                                                                                                  - The Jackson 5                                   ,0.93296117128802,0.22822822822822822,0.5445445445445445,0.7167167167167167,1.0,0.12262262262262262,0.819840428663958,0.5942286334373936,0.1991991991991992,0.5385385385385385,0.5765765765765766,0.16071928378474362
Afternoon                                                                                                                                                                         - Baxter Dury                                     ,0.6131131131131131,0.8248248248248249,0.8883883883883883,0.31922281161940524,0.0,0.8038038038038038,0.5365365365365365,0.8613613613613613,0.7757757757757757,0.5385385385385385,0.42492492492492495,0.4370060032802305
"Unbroken, Unshaven                                                                                                                                                              - The Budos Band                                  ",0.6666666666666666,0.3983983983983984,0.27127127127127126,0.5005707309955594,1.0,0.12062062062062062,0.22705702101991224,0.6077210408318939,0.26926926926926925,0.5385385385385385,0.8958958958958959,0.728849512944537
I Miss Your Bones                                                                                                                                                                 - Hospitality                                     ,0.4894894894894895,0.6811811811811812,0.27127127127127126,0.25986219876669314,1.0,0.4588045234248789,0.6956956956956957,0.5417083750417084,0.43843843843843844,0.5385385385385385,0.7437437437437437,0.9440112710587976
Fingerprints                                                                                                                                                                      - Leonard Cohen                                   ,0.4984984984984985,0.7002002002002001,0.0,0.6226533907693328,1.0,0.7477477477477478,0.5635635635635635,0.809595590870178,0.04104104104104104,0.5385385385385385,0.9854854854854855,0.9902094481482114
More Mess on My Thing                                                                                                                                                             - The Poets Of Rhythm                             ,0.34134134134134136,0.6671671671671671,0.8058058058058057,0.9279956142618888,1.0,0.0965965965965966,0.21928156637031707,0.6036036036036035,0.11453540497018753,0.5385385385385385,0.8758758758758759,0.8796849111750591
Weekend                                                                                                                                                                           - Smith Westerns                                  ,0.2177177177177177,0.6511511511511512,0.3918918918918919,0.9069069069069069,1.0,0.4724724724724725,0.6740073406740074,0.7267267267267267,0.8808808808808809,0.5385385385385385,0.5395872516940201,0.9209123845844374
Atop a Cake                                                                                                                                                                       - Alvvays                                         ,0.3283283283283283,0.7232232232232232,0.16616616616616617,0.8948948948948949,1.0,0.18268268268268267,0.1664193948316511,0.5396094418440789,0.8448448448448449,0.5385385385385385,0.7367367367367368,0.7253265574423171
Let's Get Out Of This Country                                                                                                                                                     - Camera Obscura                                  ,0.19569569569569567,0.637137137137137,0.6341341341341341,0.833897399358746,1.0,0.6356356356356356,0.3109811803398502,0.7113386931815575,0.5630630630630631,0.5385385385385385,0.2602602602602603,0.4803161284409632
"Archie, Marry Me                                                                                                                                                                - Alvvays                                         ",0.19119119119119118,0.6656656656656657,0.6341341341341341,0.7281282083044197,1.0,0.2127127127127127,0.15940201004643764,0.9319319319319319,0.9069069069069069,0.5385385385385385,0.8288288288288288,0.8798576470298004
Flirts                                                                                                                                                                            - PUPUT                                           ,0.34534534534534533,0.8838838838838838,0.8883883883883883,0.896325133241613,0.0,0.5215215215215215,0.2743801652892562,0.6078661365950976,0.1856111430579515,0.5385385385385385,0.8328328328328328,0.9201639864191069
For The Feel                                                                                                                                                                      - Bleached                                        ,0.4974974974974975,0.38038038038038036,0.6341341341341341,0.14909808573537686,1.0,0.060560560560560556,0.3190781967377711,0.7280680617185532,0.6671671671671671,0.5385385385385385,0.968355414694043,0.5544592138926993
There She Goes                                                                                                                                                                    - The La's                                        ,0.32432432432432434,0.9669669669669669,0.3918918918918919,0.9998993201515387,1.0,0.4984984984984985,0.5271966527196659,0.7341204250295159,0.6851851851851851,0.5385385385385385,0.30937921161384835,0.2934658005349647
Alright                                                                                                                                                                           - Big Surr                                        ,0.33183183183183185,0.9904904904904905,0.8058058058058057,0.9997124915667653,1.0,0.704371037704371,0.6714349575324096,0.8763763763763763,0.7397397397397397,0.5385385385385385,0.07907907907907907,0.3062822309457857
Gone                                                                                                                                                                              - Big Surr                                        ,0.33891213389121405,0.7527527527527528,0.8883883883883883,0.9928559460889744,0.0,0.6146146146146146,0.39777489834114976,0.5665665665665666,0.6286286286286287,0.5385385385385385,0.23123123123123124,0.2500093160958199
BORN FREE                                                                                                                                                                         - M.I.A.                                          ,0.503003003003003,0.6776776776776776,0.27127127127127126,0.6306898689972187,1.0,0.8793793793793794,0.37268168261054124,0.41041041041041043,0.9742599742599742,0.5385385385385385,0.5375375375375375,0.1264465913742
Paper Planes                                                                                                                                                                      - M.I.A.                                          ,0.5085085085085085,0.7952952952952952,0.16616616616616617,0.9418249206637703,1.0,0.35235235235235235,0.2847697756788666,0.3965091701143203,0.3433433433433434,0.5385385385385385,0.40490490490490494,0.7349422991337028
Read My Mind                                                                                                                                                                      - The Killers                                     ,0.15865865865865864,0.5955955955955956,0.3918918918918919,0.6599614861498269,1.0,0.10760760760760761,0.08258258258258258,0.7044544544544544,0.5480480480480481,0.5385385385385385,0.7697697697697697,0.9064472417678107
Slow Fade                                                                                                                                                                         - Teenage Fanclub                                 ,0.5855855855855856,0.5990990990990991,0.6341341341341341,0.7197197197197197,1.0,0.0965965965965966,0.5105008077544425,0.27427427427427425,0.02503090234857848,0.5385385385385385,0.9834834834834835,0.8576615417331573
I Fought the Law - Single Version                                                                                                                                                 - The Bobby Fuller Four                           ,0.6166166166166166,0.36436436436436437,0.7217217217217218,0.48235409130902335,1.0,0.05855855855855856,0.7577577577577578,0.0,0.47047047047047047,0.5385385385385385,0.7487487487487487,0.1142269006029094
Can I Get A Witness                                                                                                                                                               - Marvin Gaye                                     ,0.3838838838838839,0.8863863863863863,0.27127127127127126,0.630469593713924,1.0,0.45245245245245247,0.13215169293892598,0.8158158158158159,0.5405405405405406,0.5385385385385385,0.944944944944945,0.8453249754587598
Love Will Tear Us Apart                                                                                                                                                           - Joy Division                                    ,0.2677403041641452,0.7342342342342343,0.8058058058058057,0.7586641782234329,1.0,0.47647647647647645,0.046042551279459006,0.40378113050121384,0.4244244244244244,0.5385385385385385,0.7137137137137137,0.8774536077372287
Nosebleed                                                                                                                                                                         - Deerhunter                                      ,0.5410410410410411,0.46546546546546547,0.0,0.4325173229766868,1.0,0.2082082082082082,0.44004944375772553,0.6296296296296297,0.23223223223223222,0.5385385385385385,0.7773067184831889,0.5275224932087678
Consecutive Seasons                                                                                                                                                               - Twerps                                          ,0.23423423423423423,0.33683683683683685,0.27127127127127126,0.46848431266299706,1.0,0.16316316316316315,0.5280074237864755,0.4927981109799292,0.5325325325325325,0.5385385385385385,0.5925925925925926,0.5609820401924119
Anything New                                                                                                                                                                      - Twerps                                          ,0.5335335335335335,0.7587587587587588,0.0,0.6758981203425647,1.0,0.10760760760760761,0.21844608978342714,0.6770162929103325,0.5480480480480481,0.5385385385385385,0.5605605605605606,0.7877643753538741
Head On                                                                                                                                                                           - The Jesus and Mary Chain                        ,0.7187187187187187,0.20266520816348996,0.0,0.23944230235733463,1.0,0.07007007007007007,0.7640961461943175,0.6576576576576576,0.23223223223223222,0.5385385385385385,0.7247247247247247,0.7126584309321355
New Slang                                                                                                                                                                         - The Shins                                       ,0.5855855855855856,0.8528528528528528,0.8058058058058057,0.8414312249486754,1.0,0.31731731731731727,0.5385385385385385,0.37733808118240963,0.02668694690265487,0.5385385385385385,0.9029029029029029,0.7670569723290399
Cien gaviotas                                                                                                                                                                     - Duncan Dhu                                      ,0.24474474474474472,0.7432432432432432,0.3918918918918919,0.8370374806716466,1.0,0.4229229229229229,0.173053152039555,0.4195985832349468,0.8393393393393394,0.5385385385385385,0.7707707707707707,0.8383064974807825
L.A.                                                                                                                                                                              - Mujeres                                         ,0.9900514357138221,0.565065065065065,0.6341341341341341,0.5335335335335335,0.0,0.35235235235235235,0.47361647361647363,0.7845547410764802,0.8828828828828829,0.5385385385385385,0.9329329329329329,0.5117728583187244
Inspector Norse                                                                                                                                                                   - Todd Terje                                      ,0.5940940940940941,0.22022022022022023,0.7217217217217218,0.1499451691108962,1.0,0.7337337337337337,0.7237237237237237,0.0,0.0232599337076949,0.5385385385385385,0.7207207207207207,0.8985578576510509
You Ain't W'oman Enough - Rerecorded Version                                                                                                                                      - Loretta Lynn                                    ,0.7272272272272272,0.3283283283283283,0.8058058058058057,0.2101278756797152,1.0,0.5255255255255256,0.6766766766766766,0.0,0.1881881881881882,0.5385385385385385,0.980980980980981,0.7194708168645136
It's My Party                                                                                                                                                                     - Leslie Gore                                     ,0.8958958958958959,0.5395395395395395,0.3918918918918919,0.8785122439996605,1.0,0.23473473473473472,0.5845845845845846,0.0,0.36936936936936937,0.5385385385385385,0.948948948948949,0.8026571019412557
Novias                                                                                                                                                                            - El Guincho                                      ,0.8573573573573574,0.23923923923923923,0.5445445445445445,0.17071920535378124,1.0,0.5045045045045045,0.7957957957957957,0.25927444459629784,0.8853853853853855,0.5385385385385385,0.9069069069069069,0.5728804908084378
Camarera de Mi Amor                                                                                                                                                               - Antonio Machín                                  ,0.6516516516516516,0.3078078078078078,0.3383383383383384,0.3711675086439678,1.0,0.037037037037037035,0.7457457457457457,0.2920242117117117,0.16616616616616617,0.5385385385385385,0.9874874874874875,0.8078037757539748
Lana (Stereo)                                                                                                                                                                     - The Beach Boys                                  ,0.3933933933933934,0.2782782782782783,0.6341341341341341,0.42845813390768517,1.0,0.05305305305305305,0.7801676599959863,0.0,0.8703703703703705,0.5385385385385385,0.9854854854854855,0.35733510960162895
Crazy Bells                                                                                                                                                                       - The Marcels                                     ,0.6876876876876877,0.5810810810810811,0.8058058058058057,0.46866018322226555,1.0,0.16716716716716717,0.7877877877877878,0.4692272796007863,0.11280080830361904,0.5385385385385385,0.978978978978979,0.49635181032560943
Escucho Mucho                                                                                                                                                                     - Juan Wauters                                    ,0.6266266266266266,0.3833833833833834,0.0,0.4666254635352288,1.0,0.11161161161161161,0.5305305305305306,0.6780116623048558,0.19119119119119118,0.5385385385385385,0.26326326326326327,0.6681681681681753
L'ós                                                                                                                                                                              - La iaia                                         ,0.4224224224224224,0.15780062583817614,0.8058058058058057,0.2829734488027711,1.0,0.01901901901901902,0.78363880196692,0.37285441310457346,0.6026026026026026,0.5385385385385385,0.46596596596596596,0.3972734179805838
Free                                                                                                                                                                              - Angel Olsen                                     ,0.7747747747747747,0.47597597597597596,0.8058058058058057,0.3377431906614788,1.0,0.07007007007007007,0.5323101777059773,0.5055055055055055,0.25325325325325326,0.5385385385385385,0.9009009009009009,0.7874726755395013
This Year                                                                                                                                                                         - The Mountain Goats                              ,0.5515515515515516,0.934934934934935,0.5445445445445445,0.8827735644637053,1.0,0.45645645645645644,0.6186186186186187,0.800519224260231,0.9259259259259259,0.5385385385385385,0.991991991991992,0.8949469276875643
Class Historian                                                                                                                                                                   - BRONCHO                                         ,0.532032032032032,0.4394394394394394,0.6341341341341341,0.5359198160190337,1.0,0.04504504504504504,0.3700118063754427,0.5743176185894633,0.3053053053053053,0.5385385385385385,0.7547547547547547,0.08835575811873674
True Love Will Find You In The End                                                                                                                                                - The Memories                                    ,0.7402402402402402,0.1941941941941942,0.27127127127127126,0.18524416135881103,1.0,0.5105105105105106,0.7727727727727728,0.4827383270006222,0.13513513513513514,0.5385385385385385,0.7022022022022022,0.5636244952991546
I Can See Clearly Now - Edit                                                                                                                                                      - Johnny Nash                                     ,0.5440440440440439,0.8748748748748749,0.3918918918918919,0.6088357564179209,1.0,0.43043043043043044,0.41541541541541543,0.7206091758238997,0.5965965965965966,0.5385385385385385,0.8538538538538538,0.8838770205095888
Mai                                                                                                                                                                               - Vàlius                                          ,0.602102102102102,0.3333333333333333,0.8058058058058057,0.2513569947129382,1.0,0.11561561561561562,0.7011742892459826,0.6353102706006546,0.3868868868868869,0.5385385385385385,0.7427427427427428,0.1802176764057704
The Swimming Song                                                                                                                                                                 - Loudon Wainwright III                           ,0.8078078078078078,0.3033033033033033,0.4664664664664665,0.8481256891735836,1.0,0.1991991991991992,0.7627627627627628,0.5293293293293293,0.6746746746746747,0.5385385385385385,0.9874874874874875,0.4304338569637431
You Make Me Wanna Die                                                                                                                                                             - The Shivas                                      ,0.3253253253253253,0.43243243243243246,0.8883883883883883,0.2995980921861234,1.0,0.8198198198198198,0.4786553036553037,0.27918158009506744,0.05498169783884068,0.5385385385385385,0.9329329329329329,0.9865122186111628
It's Your Thing                                                                                                                                                                   - The Isley Brothers                              ,0.38691437802907924,0.5545545545545546,0.8883883883883883,0.4628346868617229,1.0,0.25875875875875876,0.7947947947947948,0.5248627474019769,0.9109109109109109,0.5385385385385385,0.6116116116116116,0.39062934881146244
She's A Rainbow - Stereo Full Version / With Intro                                                                                                                                - The Rolling Stones                              ,0.23523523523523523,0.7342342342342343,1.0,0.5230219043361644,0.0,0.477977977977978,0.07263724066518792,0.7350738268312141,0.7837837837837838,0.5385385385385385,0.2810966068108926,0.8418058440939267
Tornar a estar bé                                                                                                                                                                 - Súper Gegant                                    ,0.3883883883883884,0.7432432432432432,0.6341341341341341,0.43881638647993787,1.0,0.07407407407407407,0.6426426426426426,0.7540530003687899,0.9429429429429429,0.5385385385385385,0.5645645645645646,0.930220526417901
Sophia So Far                                                                                                                                                                     - Goodnight Radio                                 ,0.4984984984984985,0.42042042042042044,0.0,0.48871559982671087,1.0,0.03003003003003003,0.19914468879986122,0.4184178787952373,0.15507922353435766,0.5385385385385385,0.43243243243243246,0.6281280279077637
I Didn't See It Coming (Richard X Mix)                                                                                                                                            - Belle & Sebastian                               ,0.4069069069069069,0.5445445445445445,0.6341341341341341,0.6090450928215216,1.0,0.03565576749934291,0.7287287287287287,0.5454827348672081,0.496996996996997,0.5385385385385385,0.6006006006006006,0.8151476623148404
El cel de les Illes Caimán                                                                                                                                                        - Senior i el cor brutal                          ,0.4924924924924925,0.2652652652652653,0.8058058058058057,0.2686041861338773,1.0,0.5773273273273273,0.6606606606606606,0.5562992406433873,0.2922922922922923,0.5385385385385385,0.8308308308308309,0.21648727151001526
I'm Still Waiting                                                                                                                                                                 - Bob Marley & The Wailers                        ,0.9479479479479479,0.2137189195138675,0.0,0.3652251795124471,1.0,0.8273273273273274,0.6786786786786787,0.5089017448435459,0.6746746746746747,0.5385385385385385,0.6466466466466466,0.1659691243205342
All In One                                                                                                                                                                        - Bob Marley & The Wailers                        ,0.13913913913913914,0.8278278278278278,0.16616616616616617,0.5647998033319134,0.0,0.9645793485793489,0.3998998998998999,0.488257107540173,0.7702702702702702,0.5385385385385385,0.6886886886886887,0.9980397480150127
The Nun's Litany                                                                                                                                                                  - The Magnetic Fields                             ,0.4109109109109109,0.9074074074074074,0.0,0.9596564879038045,1.0,0.6446446446446447,0.6252812234427467,0.0,0.5785785785785786,0.5385385385385385,0.3333333333333333,0.09069168814893942
All I Want Is to Be Your Girl                                                                                                                                                     - Holly Miranda                                   ,0.4444444444444444,0.5355355355355356,0.27127127127127126,0.5116672604203776,1.0,0.025025025025025023,0.358692025358692,0.6396396396396397,0.7217217217217217,0.5385385385385385,0.6446446446446447,0.8852394504377986
Nosedive                                                                                                                                                                          - Wolf Alice                                      ,0.04454454454454454,0.9474474474474475,0.27127127127127126,0.8958055034849692,1.0,0.6781781781781782,0.14955098897579425,0.8069545654869889,0.966457701941573,0.5385385385385385,0.2872872872872873,0.11394314070516535
Half Bad                                                                                                                                                                          - White Reaper                                    ,0.3838838838838839,0.7167167167167168,0.8883883883883883,0.8342536515853224,1.0,0.4369369369369369,0.7027268663388465,0.0,0.8988988988988988,0.5385385385385385,0.7727727727727728,0.8826137050726562
I’ll Be Loving You                                                                                                                                                                - The King Khan & BBQ Show                        ,0.08208208208208208,0.8248248248248249,0.6341341341341341,0.9986616527545372,1.0,0.501001001001001,0.7907907907907907,0.0,0.7817817817817818,0.5385385385385385,0.5190190190190189,0.8559406457033416
Waddlin Around                                                                                                                                                                    - The King Khan & BBQ Show                        ,0.9614853448099385,0.3303303303303303,0.4664664664664665,0.4198350475054443,0.0,0.48535564853556457,0.6166166166166166,0.5835835835835835,0.17746982565936525,0.5385385385385385,0.9904904904904905,0.5405405405405406
Dolce Vita                                                                                                                                                                        - Ryan Paris                                      ,0.7537537537537538,0.6531531531531531,0.3918918918918919,0.6037704371037703,1.0,0.30230230230230226,0.4856901467948041,0.5936399133149399,0.5245245245245245,0.5385385385385385,0.38038038038038036,0.7501262321491976
Plage                                                                                                                                                                             - Crystal Fighters                                ,0.6566566566566566,0.47597597597597596,0.8058058058058057,0.422069825436409,1.0,0.3208208208208208,0.8268268268268268,0.3079858947602813,0.3098098098098098,0.05005005005005005,0.8328328328328328,0.08513178955564443
"Come On, Let's Go                                                                                                                                                               - Ritchie Valens                                  ",0.45245245245245247,0.22922922922922923,0.7217217217217218,0.184242208932836,1.0,0.965965965965966,0.7813230801300216,0.33508508508508505,0.8763763763763763,0.5385385385385385,0.7537537537537538,0.4187923519086954
Young Blood                                                                                                                                                                       - The Coasters                                    ,0.8598598598598599,0.3973973973973974,0.0,0.41909312046010255,1.0,0.04854854854854855,0.5975975975975976,0.3433189084823344,0.011011011011011011,0.5385385385385385,0.7177177177177178,0.7206690324891483
Centro Di Gravità Permanente - 2004 - Remaster;                                                                                                                                   - Franco Battiato                                 ,0.5135135135135135,0.6281281281281281,0.0,0.5242584259438191,1.0,0.10760760760760761,0.6756756756756757,0.6366324009744955,0.7792792792792793,0.5385385385385385,0.6006006006006006,0.4922027488730029
Like It Was                                                                                                                                                                       - Dignan Porch                                    ,0.8573573573573574,0.23567349003477311,0.16616616616616617,0.6124911190874253,0.0,0.11761761761761762,0.7541732168410021,0.0,0.8033033033033032,0.5385385385385385,0.7637637637637638,0.5480893035292078
Así no más                                                                                                                                                                        - Juan Wauters                                    ,0.8988988988988988,0.26626626626626626,0.16616616616616617,0.36433311249937184,1.0,0.021521521521521522,0.7717717717717718,0.6421720049405015,0.516016016016016,0.5385385385385385,0.6601601601601601,0.5107229810455618
I Melt With You                                                                                                                                                                   - Nouvelle Vague                                  ,0.43593593593593594,0.8998998998998999,0.7217217217217218,0.9944509481232645,0.0,0.9945357497435638,0.37639150816935896,0.0,0.9593276225534291,0.5385385385385385,0.8568568568568569,0.9490049376193354
Empire State Of Mind                                                                                                                                                              - JAY-Z                                           ,0.4574574574574575,0.8558558558558558,0.0,0.7048478891262395,1.0,0.2817817817817818,0.32932932932932935,0.7727727727727728,0.23023023023023023,0.5385385385385385,0.9009009009009009,0.784283487308965
Cara de cotxe                                                                                                                                                                     - Les Sueques                                     ,0.2652652652652653,0.6776776776776776,0.6341341341341341,0.8395873827972593,1.0,0.6436436436436437,0.2255949130949131,0.5725725725725725,0.7122122122122122,0.5385385385385385,0.7747747747747747,0.9058100681155024
I apologize                                                                                                                                                                       - Les Sueques                                     ,0.31583198707592897,0.7077077077077077,0.27127127127127126,0.9275731148981847,1.0,0.5875875875875876,0.36607057412956806,0.6638354939651319,0.028528528528528538,0.5385385385385385,0.8048048048048048,0.896858599910399
Cor pelut                                                                                                                                                                         - Les Sueques                                     ,0.6081081081081081,0.7652652652652652,0.27127127127127126,0.8060319091020844,1.0,0.8793793793793794,0.3203203203203203,0.795250791146824,0.7062062062062062,0.5385385385385385,0.6116116116116116,0.8425613535825713
Bromes                                                                                                                                                                            - Les Sueques                                     ,0.6711711711711712,0.26472149147516194,0.16616616616616617,0.34989061283985007,1.0,0.000965968832545456,0.7589385169456344,0.6202225035926286,0.8703703703703705,0.5385385385385385,0.963963963963964,0.1782419559622398
The Way You'd Love Her                                                                                                                                                            - Mac DeMarco                                     ,0.32374427792061217,0.5765765765765766,0.0,0.5772014789355829,1.0,0.18468468468468469,0.16516516516516516,0.5695695695695696,0.18274429572911866,0.5385385385385385,0.7807807807807807,0.8269521307268458
Stranger                                                                                                                                                                          - Twerps                                          ,0.5335335335335335,0.5395395395395395,0.27127127127127126,0.5275275275275275,0.0,0.16016016016016016,0.2741857853361142,0.5955955955955956,0.16716716716716717,0.5385385385385385,0.9619619619619619,0.8238254514802119
Enola Gay - Remastered                                                                                                                                                            - Orchestral Manoeuvres In The Dark               ,0.6251251251251251,0.56006006006006,0.0,0.4242753573133536,1.0,0.19569569569569567,0.45945945945945943,0.6683134417965223,0.8243243243243243,0.5385385385385385,0.8917522173336123,0.33984900721769673
Del Montón                                                                                                                                                                        - Sr. Chinarro                                    ,0.960960960960961,0.3563563563563564,0.5445445445445445,0.7336755976255415,1.0,0.46396396396396394,0.6016016016016016,0.4266398708217964,0.43843843843843844,0.5385385385385385,0.8433433433433433,0.7337625352892527
Claire                                                                                                                                                                            - Baxter Dury                                     ,0.6326326326326326,0.4264264264264264,0.6341341341341341,0.4790607540112606,1.0,0.1991991991991992,0.4643421212489369,0.8045461943012057,0.7437437437437437,0.5385385385385385,0.7797797797797797,0.8970448732908529
Pleasure                                                                                                                                                                          - Baxter Dury                                     ,0.44744744744744747,0.4014014014014014,0.0,0.44965066391410896,1.0,0.3993993993993994,0.7227227227227228,0.7840946536598711,0.27127127127127126,0.5385385385385385,0.8268268268268268,0.5262451812716057
Love is Lighter Than Air                                                                                                                                                          - The Magnetic Fields                             ,0.7922922922922924,0.5275275275275275,0.5445445445445445,0.5997209383448155,1.0,0.5145145145145145,0.7715073614068855,0.2624000781100479,0.958464399117218,0.5385385385385385,0.9160036749077841,0.4806385673266329
He's a Rebel                                                                                                                                                                      - The Crystals                                    ,0.9119119119119119,0.2695132679992635,0.3918918918918919,0.24966107368342003,1.0,0.43543543543543545,0.7117117117117117,0.7369239025393655,0.3963963963963964,0.5385385385385385,0.24274274274274274,0.5450013968605661
Leave The Party                                                                                                                                                                   - Happyness                                       ,0.8148148148148148,0.6631631631631631,0.16616616616616617,0.4998819362455726,1.0,0.8223223223223224,0.7064564564564564,0.0,0.7957957957957957,0.5385385385385385,0.9904904904904905,0.8757314720591867
Let's Dance                                                                                                                                                                       - Chris Montez                                    ,0.6406406406406406,0.2902902902902903,0.8058058058058057,0.8488974930806013,1.0,0.3513776934829565,0.8495418732560709,0.0,0.04904904904904905,0.5385385385385385,0.7437437437437437,0.3896193060018331
Mr. Sandman                                                                                                                                                                       - The Chordettes                                  ,0.8828828828828829,0.11911911911911911,0.16616616616616617,0.2556413889718447,1.0,0.48535564853556457,0.9464464464464464,0.6077210408318939,0.6091091091091092,0.5385385385385385,0.6646646646646647,0.04777714378633763
All Of Me                                                                                                                                                                         - Trío Page Cavanaugh                             ,0.555055055055055,0.505005005005005,0.3383383383383384,0.6617460162283704,0.0,0.7517517517517518,0.7742907476692569,0.0,0.7407407407407407,0.5385385385385385,0.9079497907949786,0.7369665697529426
Next Time You See Me                                                                                                                                                              - Earl Grant                                      ,0.6181181181181181,0.512012012012012,0.7217217217217218,0.49800234605162735,0.0,0.6189840937219393,0.8168168168168168,0.4954084787623629,0.7287287287287287,0.5385385385385385,0.6376376376376376,0.07606734895313805
Just to Put Me Down                                                                                                                                                               - Mac DeMarco                                     ,0.4574574574574575,0.34284284284284283,0.3918918918918919,0.4306614306614307,1.0,0.26226226226226224,0.34705690296744607,0.4744206501709919,0.23823823823823823,0.5385385385385385,0.23523523523523523,0.09574888663166524
Where Is My Mind?                                                                                                                                                                 - Pixies                                          ,0.35435435435435436,0.35835835835835833,0.8058058058058057,0.6285950770715314,0.0,0.1046046046046046,0.3233233233233233,0.4664232276451728,0.29429429429429427,0.5385385385385385,0.17717717717717718,0.06064532808220494
Eventually                                                                                                                                                                        - Tame Impala                                     ,0.482982982982983,0.6846846846846847,0.8058058058058057,0.3950313552383372,1.0,0.4084084084084084,0.6559960232526605,0.479069280258472,0.8908908908908909,0.5385385385385385,0.9294294294294294,0.0442926953407842
Little Child - Remastered                                                                                                                                                         - The Beatles                                     ,0.6251251251251251,0.4984984984984985,0.3383383383383384,0.25928763288313855,1.0,0.023023023023023025,0.407251001001001,0.519173826513276,0.8243243243243243,0.5385385385385385,0.8418418418418419,0.7277994502803937
Streets of Your Town                                                                                                                                                              - The Go-Betweens                                 ,0.4184184184184184,0.7952952952952952,0.27127127127127126,0.3978125777894297,1.0,0.502002002002002,0.2802818907352549,0.6266266266266266,0.3963963963963964,0.5385385385385385,0.8903903903903905,0.8601702206809728
I Just Got Caught Out                                                                                                                                                             - The Go-Betweens                                 ,0.5640640640640641,0.7992992992992993,0.0,0.6017941689843959,1.0,0.3358358358358358,0.27922846739101154,0.9464464464464464,0.4244244244244244,0.5385385385385385,0.6866866866866866,0.9159145878992729
Mon autre                                                                                                                                                                         - Juniore                                         ,0.7442442442442443,0.34134134134134136,0.8058058058058057,0.6746350580672004,1.0,0.37287287287287285,0.3833833833833834,0.37596944283517814,0.0004634353741496598,0.5385385385385385,0.944944944944945,0.8658690597799711
Sand                                                                                                                                                                              - Frankie Cosmos                                  ,0.6541541541541542,0.32732732732732733,0.8058058058058057,0.286366732540678,0.0,0.06156156156156157,0.6436436436436437,0.0,0.521021021021021,0.5385385385385385,0.9459196038143407,0.463141429959867
Heavenly Pop Hit                                                                                                                                                                  - The Chills                                      ,0.35008168182829474,0.3213213213213213,0.27127127127127126,0.4608785159060297,1.0,0.3818818818818819,0.2346389323133509,0.5389184848780577,0.6821821821821822,0.5385385385385385,0.953953953953954,0.721659202694782
Rien à dire                                                                                                                                                                       - Marie et les garçons                            ,0.493993993993994,0.7407407407407407,0.27127127127127126,0.6148451408922809,1.0,0.021521521521521522,0.35435435435435436,0.6662116662116664,0.5910910910910911,0.5385385385385385,0.7042042042042043,0.3165350432272162
Otra Era                                                                                                                                                                          - Javiera Mena                                    ,0.37237237237237236,0.36286286286286284,0.7217217217217218,0.4136535489843352,1.0,0.03803803803803804,0.14823008849557523,0.6833172043286873,0.07534614906877682,0.5385385385385385,0.27127127127127126,0.44345066463558397
Toxic                                                                                                                                                                             - Núria Graham                                    ,0.3838838838838839,0.29429429429429427,0.0,0.7481819970734407,1.0,0.14164164164164164,0.8878878878878879,0.507657625717613,0.9139139139139139,0.5385385385385385,0.7527527527527528,0.27712693504440733
Long Hard Road                                                                                                                                                                    - The Memories                                    ,0.493993993993994,0.17617617617617617,0.0,0.19760804786421926,1.0,0.07407407407407407,0.7657546913846853,0.6312775894967676,0.6561561561561562,0.5385385385385385,0.46046046046046046,0.014095139305542456
I'm Not Going to Work Tomorrow                                                                                                                                                    - The Memories                                    ,0.5440440440440439,0.3888888888888889,0.0,0.62471506049894,1.0,0.12762762762762764,0.5823906430702549,0.0,0.15507922353435766,0.5385385385385385,0.6556556556556556,0.7767819412915081
Sinister                                                                                                                                                                          - Frankie Cosmos                                  ,0.3966037466037465,0.8218218218218218,0.6341341341341341,0.9515722804637964,1.0,0.8253253253253253,0.45045045045045046,0.0,0.9467467467467467,0.5385385385385385,0.5125125125125125,0.168159700370508
A Minha Menina                                                                                                                                                                    - Os Mutantes                                     ,0.6050080775444264,0.2586232203141053,0.6341341341341341,0.41653216437620666,1.0,0.3088088088088088,0.8023023023023024,0.0,0.496996996996997,0.5385385385385385,0.6946946946946947,0.38486718805581244
The Waiting                                                                                                                                                                       - Angel Olsen                                     ,0.26226226226226224,0.7432432432432432,0.8058058058058057,0.28214755220660054,1.0,0.4540734162556854,0.10650131095395224,0.6983372921615201,0.14364364364364363,0.5385385385385385,0.7582582582582583,0.991963073174071
Vida artificial                                                                                                                                                                   - Da Souza                                        ,0.5505505505505506,0.46546546546546547,0.6341341341341341,0.3076067533321614,1.0,0.07007007007007007,0.3990396871691836,0.6977891467202628,0.8868868868868869,0.5385385385385385,0.4904904904904905,0.5043578751164958
Oblivious                                                                                                                                                                         - Galaxie 500                                     ,0.4244244244244244,0.40540540540540543,0.8058058058058057,0.2916218594192981,1.0,0.16966966966966968,0.1372360450437204,0.6981545770144343,0.7247247247247247,0.5385385385385385,0.5810810810810811,0.5592193801149027
Abril                                                                                                                                                                             - Da Souza                                        ,0.986986986986987,0.4314314314314314,0.8058058058058057,0.8219106914759088,1.0,0.6246246246246246,0.6669169169169171,0.0,0.029912616393729705,0.5385385385385385,0.9179179179179179,0.7261827809058565
Apartheid is nazism                                                                                                                                                               - Alpha Blondy                                    ,0.6466466466466466,0.3513776934829565,0.6341341341341341,0.3018004497241916,1.0,0.05055055055055055,0.6534709832582171,0.6743434660380407,0.8768768768768769,0.5385385385385385,0.8038038038038038,0.5738760124306005
Let Me Imagine You                                                                                                                                                                - Robert Forster                                  ,0.6286286286286287,0.6696696696696697,0.7217217217217218,0.624968128953957,1.0,0.07857857857857858,0.7217217217217217,0.8123064836988888,0.6431431431431431,0.5385385385385385,0.980980980980981,0.5760711088222006
Pretty Machines                                                                                                                                                                   - Parquet Courts                                  ,0.4209209209209209,0.5565565565565566,0.6341341341341341,0.5378705438111379,1.0,0.044044044044044044,0.1834698966868543,0.7395538439897865,0.6851851851851851,0.5385385385385385,0.5125125125125125,0.43325384294844166
Heroes - 1999 Remaster                                                                                                                                                            - David Bowie                                     ,0.493993993993994,0.2132236248135208,0.27127127127127126,0.44144144144144143,1.0,0.27477477477477474,0.6106708778392692,0.27227227227227224,0.3353353353353353,0.5385385385385385,0.5405405405405406,0.47832851138162547
Drunk Drivers/Killer Whales                                                                                                                                                       - Car Seat Headrest                               ,0.3893893893893894,0.5580580580580581,0.4664664664664665,0.255986692839248,1.0,0.4014014014014014,0.5595595595595596,0.3974015475366063,0.14564564564564564,0.5385385385385385,0.8445299501903276,0.3362863293233881
Yaad-E-Nabi Gulshan Mehka                                                                                                                                                         - Nusrat Fateh Ali Khan                           ,0.26926926926926925,0.4854854854854855,0.0,0.6183450324452577,1.0,0.11561561561561562,0.3035316709166688,0.0,0.1841841841841842,0.005005005005005005,0.4369369369369369,0.466600977949693
Mercè                                                                                                                                                                             - Vàlius                                          ,0.6726726726726726,0.22522522522522523,0.3918918918918919,0.2962962962962963,0.0,0.0965965965965966,0.7363172736494884,0.0,0.24724724724724725,0.5385385385385385,0.6676676676676676,0.7665312257719274
Plora guitarra                                                                                                                                                                    - Joana Pons amb ses guitarres                    ,0.9644644644644644,0.35035035035035034,0.0,0.8328328328328328,1.0,0.6196196196196196,0.4489254777439215,0.0,0.8413413413413413,0.5385385385385385,0.7287287287287287,0.2146635833335316
It Wasn't Me                                                                                                                                                                      - Shaggy                                          ,0.3588588588588588,0.46046046046046046,0.3918918918918919,0.45423281593494363,1.0,0.03803803803803804,0.2227632013945241,0.3643542704410157,0.6196196196196196,0.5385385385385385,0.48545535827089226,0.0268993074202587
Masterpiece                                                                                                                                                                       - Big Thief                                       ,0.478978978978979,0.5810810810810811,0.7217217217217218,0.5435435435435435,0.0,0.45809440013261676,0.8378378378378378,0.0,0.8743743743743744,0.5385385385385385,0.8788788788788788,0.5648288803693441
Stay                                                                                                                                                                              - Maurice Williams & The Zodiacs                  ,0.9644644644644644,0.18641037103263297,0.8058058058058057,0.22034054112019785,0.0,0.32732732732732733,0.7057057057057057,0.5413413413413414,0.3003003003003003,0.5385385385385385,0.17617617617617617,0.34001919463659197
Alaska                                                                                                                                                                            - Maggie Rogers                                   ,0.7602602602602602,0.7892892892892893,0.27127127127127126,0.432030736237856,1.0,0.4994994994994995,0.6886886886886887,0.25039260817703934,0.010653995659350891,0.5385385385385385,0.6506506506506506,0.3967083807460789
Ahi Maria                                                                                                                                                                         - Rino Gaetano                                    ,0.4109109109109109,0.6176176176176176,0.27127127127127126,0.6356356356356356,1.0,0.7472472472472473,0.47347347347347346,0.2744172744172744,0.3083083083083083,0.5385385385385385,0.5745745745745746,0.5549301727227428
"Yes Sir, I Can Boogie                                                                                                                                                           - Baccara                                         ",0.33787468285050243,0.46046046046046046,0.4664664664664665,0.39971515087398896,1.0,0.27877877877877877,0.6266266266266266,0.7047047047047047,0.31931931931931934,0.5385385385385385,0.42342342342342343,0.7687805356376785
Cinnamon                                                                                                                                                                          - Palehound                                       ,0.9189189189189189,0.7727727727727728,0.0,0.662941439427805,0.0,0.9414414414414414,0.4301847237807829,0.5966399631562749,0.043764125635470656,0.5385385385385385,0.975975975975976,0.9030121136185378
Fever Boy                                                                                                                                                                         - FEMME                                           ,0.39539539539539537,0.27544846170673976,0.8058058058058057,0.39275976906221904,1.0,0.12262262262262262,0.7125284827435657,0.4063754427390791,0.24624624624624625,0.5385385385385385,0.7147147147147147,0.9377539246216343
I'll Get Along - Ethan Johns Session                                                                                                                                              - Michael Kiwanuka                                ,0.44744744744744747,0.22022022022022023,0.7217217217217218,0.1421671724336784,1.0,0.08458458458458458,0.7863098013348431,0.5133050193050193,0.6366366366366366,0.5385385385385385,0.3908908908908909,0.3792376838372335
La Vall Del Cel                                                                                                                                                                   - Germà Aire                                      ,0.2177177177177177,0.4289289289289289,0.8058058058058057,0.656735752079433,1.0,0.44644644644644643,0.6176176176176176,0.0,0.3278278278278278,0.5385385385385385,0.7237237237237237,0.033408032383535534
Oda al ángel caído                                                                                                                                                              - Germán Carrascosa y la Alegría del Barrio       ,0.503003003003003,0.24624624624624625,0.7217217217217218,0.5932254649931952,1.0,0.03003003003003003,0.42397570619220104,0.43343343343343343,0.44994994994994997,0.5385385385385385,0.7257257257257257,0.44623816741307876
Icelene's Loss                                                                                                                                                                    - Sonny & The Sunsets                             ,0.5775775775775776,0.6451451451451451,0.27127127127127126,0.8398930072602216,1.0,0.16016016016016016,0.5475475475475475,0.2531600010829284,0.6911911911911912,0.5385385385385385,0.6226226226226226,0.5728449617812227
Walk Away                                                                                                                                                                         - Franz Ferdinand                                 ,0.31583198707592897,0.6061061061061062,0.8058058058058057,0.36628646668959686,1.0,0.1921921921921922,0.2519446149964796,0.569235902569236,0.9145152368243167,0.5385385385385385,0.8398398398398398,0.2760706399659709
Que Puedo Hacer                                                                                                                                                                   - Los Planetas                                    ,0.4951977293749447,0.3163163163163163,0.6341341341341341,0.38166426457321523,1.0,0.2182182182182182,0.3691508409818269,0.6801072128134975,0.575075075075075,0.5385385385385385,0.33983983983983984,0.532739935165869
Sooner or Later                                                                                                                                                                   - Slumber Party                                   ,0.5830830830830831,0.22570925233074315,0.4664664664664665,0.1920703747225487,1.0,0.03203203203203203,0.7447447447447447,0.4254871990829194,0.7042042042042043,0.5385385385385385,0.5065065065065065,0.5953060342276995
Dona Ocell                                                                                                                                                                        - Isaac Ulam                                      ,0.8723723723723724,0.26076076076076077,0.27127127127127126,0.13984176368800974,1.0,0.497997997997998,0.6217995773551329,0.7817817817817818,0.4244244244244244,0.5385385385385385,0.9242957962681146,0.5699163743186151
É Normal                                                                                                                                                                          - B Fachada                                       ,0.7017017017017017,0.572072072072072,0.0,0.3970346748681754,1.0,0.18468468468468469,0.5815815815815816,0.5058331595028843,0.985985985985986,0.5385385385385385,0.42342342342342343,0.5897325897325904
Best to You                                                                                                                                                                       - Blood Orange                                    ,0.40954084519301914,0.9054054054054055,0.0,0.9329329329329329,0.0,0.28978978978978975,0.17142857142857143,0.7345926800472256,0.5595595595595595,0.5385385385385385,0.7787787787787788,0.9576442925342191
Weird Summer                                                                                                                                                                      - The Zephyr Bones                                ,0.39539539539539537,0.9669669669669669,0.6341341341341341,0.6860368437320674,1.0,0.8088088088088088,0.6923590256923591,0.0,0.9356795365730586,0.5385385385385385,0.5381226750448519,0.9190114548380649
Ask - 2011 Remaster                                                                                                                                                               - The Smiths                                      ,0.4274274274274274,0.6281281281281281,0.6341341341341341,0.8714145595442135,1.0,0.7421396725017895,0.7747747747747747,0.0,0.7671933852289968,0.5385385385385385,0.7568759235425901,0.9839703005084202
A 1000 Times                                                                                                                                                                      - Hamilton Leithauser + Rostam                    ,0.7312312312312312,0.39289289289289286,0.4664664664664665,0.2980269646936313,1.0,0.0965965965965966,0.35735735735735735,0.0,0.2772772772772773,0.5385385385385385,0.6756756756756757,0.47256276593982505
Bette Davis Eyes                                                                                                                                                                  - Kim Carnes                                      ,0.34234234234234234,0.5745745745745746,0.16616616616616617,0.9683660044988169,1.0,0.4369369369369369,0.35487302655352443,0.3869963452601183,0.1031031031031031,1.0,0.6516516516516516,0.4785447895463349
Chandelier                                                                                                                                                                        - Sia                                             ,0.6081081081081081,0.6811811811811812,0.8058058058058057,0.5132469179389999,1.0,0.34434434434434436,0.5065065065065065,0.6123177279228567,0.44994994994994997,0.5385385385385385,0.9044044044044044,0.51590875703118
Atravesado por el Rayo                                                                                                                                                            - Espanto                                         ,0.8093093093093093,0.2092092092092092,0.16616616616616617,0.3563563563563564,1.0,0.9484729067565777,0.7790482076637825,0.0,0.44494494494494496,0.5385385385385385,0.8558558558558559,0.036085817790179664
Tell Me Something Good                                                                                                                                                            - Rufus                                           ,0.0960960960960961,0.7777777777777778,0.8058058058058057,0.6121979499288206,1.0,0.7812812812812813,0.2905548996458088,0.7228903954256067,0.8613613613613613,0.5385385385385385,0.8068068068068068,0.19845901722508405
La Pedregada                                                                                                                                                                      - Univers                                         ,0.09759759759759759,0.4169169169169169,0.3383383383383384,0.5337437721543682,1.0,0.22072072072072074,0.7263344160166443,0.25638754078482723,0.8768768768768769,0.5385385385385385,0.36236236236236236,0.7917444720698176
Tu Manes                                                                                                                                                                          - Aias                                            ,0.93296117128802,0.6811811811811812,0.3383383383383384,0.7867867867867868,1.0,0.27627627627627627,0.6987096006897986,0.41713947641313126,0.5785785785785786,0.5385385385385385,0.9729729729729729,0.548284571258244
Afe Ato Yen Bio                                                                                                                                                                   - De Frank Professionals                          ,0.532032032032032,0.12312312312312312,0.0,0.4344344344344344,0.0,0.8293293293293293,0.6550046139889889,0.5291291291291291,0.6791791791791792,0.5385385385385385,0.8128128128128128,0.3142994368274532
Come Along                                                                                                                                                                        - Ebo Taylor                                      ,0.7537537537537538,0.6011011011011012,0.4664664664664665,0.24021445542895953,0.0,0.13113113113113112,0.17872576725444556,0.777297877145438,0.27127127127127126,0.5385385385385385,0.8598598598598598,0.6379761130518962
The Rhythm of the Night                                                                                                                                                           - Corona                                          ,0.642142142142142,0.3973973973973974,0.0,0.4168965515983614,1.0,0.0945945945945946,0.4326775755347184,0.779076043939302,0.6821821821821822,0.5385385385385385,0.9674674674674675,0.5704328827218096
Never Be the Same                                                                                                                                                                 - Built To Spill                                  ,0.8668668668668669,0.34534534534534533,0.8058058058058057,0.43743743743743746,1.0,0.16466466466466467,0.2511307272811791,0.45228561895228564,0.7932932932932932,0.5385385385385385,0.8869198336768525,0.8227387272665887
Ballistic Affair                                                                                                                                                                  - Leroy Smart                                     ,0.557057057057057,0.2962962962962963,0.3918918918918919,0.45845845845845845,0.0,0.8538538538538538,0.36432443976893764,0.8538538538538538,0.8083083083083082,0.5385385385385385,0.46346346346346345,0.09990111311138733
Ms. Ho                                                                                                                                                                            - Onra                                            ,0.5625625625625625,0.19004944375772556,0.8058058058058057,0.24469048220831388,0.0,0.11311311311311312,0.9384384384384384,0.5276308624603059,0.36936936936936937,0.5385385385385385,0.2727727727727728,0.34145379762316586
Tú Que Vienes a Rondarme                                                                                                                                                          - Maria Arnal i Marcel Bagés                      ,0.8773773773773774,0.2092092092092092,0.6341341341341341,0.26233847111941455,0.0,0.5895895895895896,0.4202265219214371,0.3364958635754179,0.4074074074074074,0.5385385385385385,0.5755755755755756,0.040903836078965354
Fresh Air                                                                                                                                                                         - Iseo & Dodosound                                ,0.6166166166166166,0.7002002002002001,0.0,0.7147147147147147,1.0,0.30680680680680683,0.8045352896416729,0.6996631480936414,0.8223223223223224,0.5385385385385385,0.9482540219162874,0.724817603772761
Carro do Gás                                                                                                                                                                      - Academia da Berlinda                            ,0.35235235235235235,0.32062784004531564,0.0,0.35957598915697464,1.0,0.20370370370370372,0.7537537537537538,0.6812179673297224,0.7677677677677678,0.05005005005005005,0.993993993993994,0.9709396132261391
Canto Negro                                                                                                                                                                       - Kou Keri Kou                                    ,0.6811811811811812,0.3858858858858859,0.27127127127127126,0.3647902550805671,1.0,0.44244244244244246,0.5560560560560561,0.0,0.7887887887887888,0.5385385385385385,0.7717717717717718,0.839976433219859
Ma il cielo è sempre più blu                                                                                                                                                      - Rino Gaetano                                    ,0.3113113113113113,0.5735735735735735,0.4664664664664665,0.2899281217152738,0.0,0.8713713713713713,0.5775775775775776,0.5222722722722722,0.16816816816816815,0.5385385385385385,0.7887887887887888,0.33837242190826644
"Love Is a Hurtin' Thing - 12"" Version                                                                                                                                          - Gloria Ann Taylor                               ",0.2538198254912136,0.7002002002002001,0.4664664664664665,0.7559231113097901,1.0,0.6686686686686687,0.4314314314314314,0.3910395633633232,0.26626626626626626,0.5385385385385385,0.1139315230224321,0.7244259276699375
All In White                                                                                                                                                                      - The Vaccines                                    ,0.43243243243243246,0.40540540540540543,0.8058058058058057,0.4319108752765712,1.0,0.13463463463463465,0.6096096096096096,0.5434287306676217,0.8718718718718719,0.5385385385385385,0.5855855855855856,0.5851648282223316
Cari                                                                                                                                                                              - Senior i el cor brutal                          ,0.6711711711711712,0.2714139031735599,0.8883883883883883,0.3432384984940435,0.0,0.31931931931931934,0.4863237934311966,0.9214214214214214,0.3963963963963964,0.5385385385385385,0.7087087087087087,0.6233909099398904
Green Apple                                                                                                                                                                       - Amanaz                                          ,0.7997997997997998,0.512012012012012,0.4664664664664665,0.25220950963194927,1.0,0.2102102102102102,0.3888888888888889,0.729120575221239,0.24624624624624625,0.5385385385385385,0.7727727727727728,0.39642586212882647
Shinzo No Tobira                                                                                                                                                                  - Mariah                                          ,0.7142142142142143,0.5215215215215215,0.7217217217217218,0.7388710256555627,1.0,0.2527527527527528,0.7217217217217217,0.7907907907907907,0.18274429572911866,0.5385385385385385,0.5440099614539913,0.6309526209284554
Emotinium - Original Mix                                                                                                                                                          - Roy of the Ravers                               ,0.5965965965965966,0.6861861861861862,0.3918918918918919,0.5855962219598584,1.0,0.7917917917917918,0.48463072125623563,0.6995029943460437,0.8168168168168168,0.5385385385385385,0.6786786786786787,0.9749747787205222
I’m Still A Serious Guy                                                                                                                                                           - John Wizards                                    ,0.3683683683683684,0.4620355411954768,0.6341341341341341,0.9309309309309309,1.0,0.2922922922922923,0.46609179430460806,0.6009879972246537,0.30930930930930933,0.5385385385385385,0.3588588588588588,0.40237881328577035
To My Love                                                                                                                                                                        - Bomba Estéreo                                   ,0.7092092092092093,0.6721721721721721,1.0,0.5498185595925912,1.0,0.9474329736784172,0.45895895895895894,0.3097586867167463,0.966457701941573,0.5385385385385385,0.8728728728728729,0.438020238060734
Solidarité                                                                                                                                                                        - -M-                                             ,0.8558558558558559,0.56006006006006,0.3383383383383384,0.46513239416609203,1.0,0.8473473473473474,0.7314249341323273,0.0,0.3433433433433434,0.5385385385385385,0.9383102369244523,0.0995714901493445
Girlie Girlie                                                                                                                                                                     - Sophia George                                   ,0.8898898898898899,0.2062062062062062,0.6341341341341341,0.25646267487938734,1.0,0.06556556556556556,0.7627627627627628,0.4448325631602566,0.3868868868868869,0.5385385385385385,0.9629629629629629,0.16814501403394128
Perfidia                                                                                                                                                                          - Phyllis Dillon                                  ,0.5060060060060061,0.6966966966966966,1.0,0.8337466311879957,0.0,0.19569569569569567,0.5331179321486269,0.5961990958973458,0.7737737737737738,0.5385385385385385,0.7350565428109856,0.5168143804626402
Over Everything                                                                                                                                                                   - Courtney Barnett                                ,0.44744744744744747,0.26326326326326327,0.3383383383383384,0.6930580807619704,1.0,0.46996996996997,0.8128128128128128,0.0,0.6851851851851851,0.5385385385385385,0.8378378378378378,0.7915756420617733
Conillet de Vellut                                                                                                                                                                - Joan Manuel Serrat                              ,0.23723723723723725,0.19119119119119118,0.4664664664664665,0.40984665747760163,1.0,0.10960960960960961,0.8963646989192492,0.5920889987639061,0.14664664664664664,0.5385385385385385,0.3208208208208208,0.9663392309286424
Ponta de Areia                                                                                                                                                                    - Wayne Shorter                                   ,0.7442442442442443,0.21814658524695696,0.7217217217217218,0.5544442886785229,1.0,0.654466661783735,0.6857231149567368,0.0,0.06966602966602968,0.5385385385385385,0.508008008008008,0.4448451343633302
Issues                                                                                                                                                                            - Julia Michaels                                  ,0.06406406406406406,0.5235235235235235,0.4664664664664665,0.3804495489278097,0.0,0.9219219219219219,0.6316316316316316,0.7907907907907907,0.9456122789456123,0.5385385385385385,0.6476476476476476,0.9038828413961254
For Kate I Wait                                                                                                                                                                   - Ariel Pink                                      ,0.9104104104104105,0.5430430430430431,0.0,0.5327827827827827,1.0,0.5255255255255256,0.41386913647368917,0.38575280730822675,0.35235235235235235,0.5385385385385385,0.9834834834834835,0.6301359601483199
We Had Enough                                                                                                                                                                     - Arnie Love & The Lovelettes                     ,0.7272272272272272,0.5395395395395395,1.0,0.7215287908124022,1.0,0.9948347629998181,0.7187723014345468,0.4305888158647346,0.27427427427427425,0.5385385385385385,0.6686686686686687,0.9819849763583293
Mornin'                                                                                                                                                                           - Star Slinger                                    ,0.9774063860945826,0.2035541195476575,0.16616616616616617,0.41905556600614435,1.0,0.5635635635635635,0.39589589589589586,0.45679944257345256,0.2677403041641452,0.5385385385385385,0.15315315315315314,0.7225795685893535
Gyalchester                                                                                                                                                                       - Drake                                           ,0.5515515515515516,0.5835835835835835,1.0,0.7526681269515776,0.0,0.0965965965965966,0.36580720831445085,0.5642768850432633,0.4074074074074074,0.5385385385385385,0.6726726726726726,0.5344836730213715
L'Home dibuixat                                                                                                                                                                   - Sisa                                            ,0.34634634634634637,0.47597597597597596,0.3918918918918919,0.1956980554953528,1.0,0.04854854854854855,0.40182765886090704,0.7315230224321133,0.6771771771771772,0.5385385385385385,0.8098098098098098,0.7897470277797285
Uplift                                                                                                                                                                            - David Kilgour                                   ,0.7142142142142143,0.587087087087087,0.0,0.35936415167868796,1.0,0.46396396396396394,0.6006006006006006,0.7142857142857143,0.8731502848724266,0.5385385385385385,0.46596596596596596,0.2724520486351361
"It's Only Music, Baby                                                                                                                                                           - Kid Francescoli                                 ",0.9024024024024024,0.2690068207054914,0.6341341341341341,0.2693914029445769,0.0,0.35985985985985985,0.7413996274755768,0.6622390236031414,0.6926926926926927,0.5385385385385385,0.6546546546546547,0.3968061756520509
Lait de coco - Dub                                                                                                                                                                - Maya                                            ,0.21465996813026236,0.40290290290290287,0.27127127127127126,0.4994469026548673,1.0,0.3838838838838839,0.7263344160166443,0.6233538332624817,0.6266266266266266,0.5385385385385385,0.26412682112163977,0.13951106567217403
Frostbiter                                                                                                                                                                        - Saintseneca                                     ,0.6631631631631631,0.4044044044044044,0.16616616616616617,0.35001988975099374,1.0,0.5035035035035035,0.5760760760760761,0.8061389337641355,0.8108108108108109,0.5385385385385385,0.5645645645645646,0.10593920037390524
My Dear - Shout Wellington Air Force Remix                                                                                                                                        - Kirsten & Marie                                 ,0.924924924924925,0.2882882882882883,0.3383383383383384,0.36692395097800506,0.0,0.95995995995996,0.5875875875875876,0.4949974635548002,0.4629629629629629,0.5385385385385385,0.5032310177705976,0.5189662033483986
Maracana                                                                                                                                                                          - Wealstarcks                                     ,0.6586586586586587,0.33433433433433435,0.0,0.3302078457935186,0.0,0.7892892892892893,0.7931612526306705,0.0,0.2982982982982983,0.5385385385385385,0.8888888888888888,0.191079492725038
'A bertoela                                                                                                                                                                       - Bruno Lauzi                                     ,0.7537537537537538,0.7417417417417418,1.0,0.5704245444546823,0.0,0.8948948948948949,0.3050803403484828,0.5063246404989524,0.8268268268268268,0.5385385385385385,0.8248248248248248,0.24517290221133548
Final Form                                                                                                                                                                        - Sampa the Great                                 ,0.7352352352352352,0.4289289289289289,0.3918918918918919,0.4150774106686382,1.0,0.2727727727727728,0.7669654141972944,0.25690937066828523,0.24624624624624625,0.5385385385385385,0.7057057057057057,0.5391901718057514
Escac I Mat                                                                                                                                                                       - Umpah Pah                                       ,0.46146146146146144,0.7002002002002001,0.0,0.5589882942068034,1.0,0.3338338338338338,0.36004523041560066,0.4538706044057639,0.8413413413413413,0.5385385385385385,0.9044044044044044,0.8296943312372239
Salary Man                                                                                                                                                                        - Kiwi jr.                                        ,0.5855855855855856,0.52002002002002,0.3918918918918919,0.3446354325587989,0.0,1.0,0.7970174622535138,0.0,0.8948948948948949,0.5385385385385385,0.5655655655655656,0.456082792012578
I'M DEAD                                                                                                                                                                          - Duckwrth                                        ,0.8868868868868869,0.4344344344344344,0.4664664664664665,0.37062944030928946,1.0,0.20370370370370372,0.6996996996996997,0.7357663786235216,0.0937655880493809,0.5385385385385385,0.7297297297297297,0.6519853186519868
Never Come Back                                                                                                                                                                   - Caribou                                         ,0.6166166166166166,0.3758758758758759,0.6341341341341341,0.28082291703174705,1.0,0.008087350022833891,0.7185134736858875,0.6476476476476476,0.22940582792190384,0.5385385385385385,0.6756756756756757,0.7814252934131546
Mia Triti Stin Cantina                                                                                                                                                            - Evripidis and His Tragedies                     ,0.9519519519519519,0.26472149147516194,0.3918918918918919,0.40849897571855587,1.0,0.3818818818818819,0.48041537091607284,0.4904904904904905,0.5595595595595595,0.5385385385385385,0.8433433433433433,0.402524541895475
Fisher                                                                                                                                                                            - Camel Power Club                                ,0.8428428428428428,0.24394184168012928,0.0,0.18853023953274115,1.0,0.03453453453453453,0.5258481421647817,0.28927442504022904,0.12012012012012012,0.5385385385385385,0.94994994994995,0.47764615972487584
Immaculate Fools                                                                                                                                                                  - Immaculate Fools                                ,0.7902902902902902,0.503003003003003,0.8883883883883883,0.4581581581581582,0.0,0.1866866866866867,0.6356356356356356,0.5625625625625625,0.3433433433433434,0.5385385385385385,0.7177177177177178,0.8218283517785884
Gold                                                                                                                                                                              - Spandau Ballet                                  ,0.5335335335335335,0.6426426426426426,0.3383383383383384,0.4038042298081582,1.0,0.21521521521521522,0.7947947947947948,0.3959681330815351,0.7792792792792793,0.5385385385385385,0.8503503503503503,0.8028106142038544
Seven Days Too Long - Mono                                                                                                                                                        - Chuck Wood                                      ,0.7562562562562563,0.27427427427427425,0.6341341341341341,0.16035404759001923,1.0,0.8393393393393394,0.3303303303303303,0.6246246246246246,0.06406406406406406,0.5385385385385385,0.6326326326326326,0.1467214978689358
Should I (Put My Trust In You)                                                                                                                                                    - Maxi Priest                                     ,0.8343343343343343,0.8193193193193193,0.8058058058058057,0.48573032121900567,1.0,0.5552078676799285,0.5034673395522452,0.663428066413141,0.012172938951181633,0.5385385385385385,0.727246207246207,0.738589554498481
Fire                                                                                                                                                                              - Lizzy Mercier Descloux                          ,0.5285285285285285,0.6931931931931932,0.7217217217217218,0.7777777777777778,1.0,0.11161161161161161,0.3558001060079198,0.6672947770208243,0.02002002002002002,0.5385385385385385,0.8718718718718719,0.4035229198228381
Party                                                                                                                                                                             - Planet 1999                                     ,0.15865865865865864,0.4894894894894895,0.0,0.7432761626963622,1.0,0.2877877877877878,0.3741618238712562,0.324305575428289,0.8828828828828829,0.5385385385385385,0.4294294294294294,0.4985077592310561
Al Final Abrazos                                                                                                                                                                  - Mujeres                                         ,0.8255250403877221,0.45945945945945943,0.3383383383383384,0.40104542755166966,1.0,0.24274274274274274,0.5210210210210211,0.3439869989165764,0.36936936936936937,0.5385385385385385,0.8728728728728729,0.5514308265278332
Precious Angel                                                                                                                                                                    - Bob Dylan                                       ,0.5590590590590591,0.6831831831831832,0.6341341341341341,0.6562322286758838,1.0,0.12462462462462463,0.5646292359775505,0.33746831919791725,0.6891891891891893,0.5385385385385385,0.7417417417417418,0.8619783576680122
Ciutada D'aquest Mon                                                                                                                                                              - Tomeu Penya                                     ,0.5495495495495496,0.5795795795795796,0.5445445445445445,0.5629935609281983,1.0,0.17467467467467468,0.549049049049049,0.7527703477264043,0.3868868868868869,0.5385385385385385,0.36536536536536535,0.793982862572706
Maybes - RAC Mix                                                                                                                                                                  - Giraffage                                       ,0.8693693693693694,0.3993993993993994,0.27127127127127126,0.40774277657328284,1.0,0.24074074074074076,0.599463567277604,0.7032098765432099,0.5825825825825826,0.5385385385385385,0.6576576576576576,0.5181247660575655
Suenos Bravos                                                                                                                                                                     - Bodysync                                        ,0.8168168168168168,0.8648648648648649,0.7217217217217218,0.5366002199943806,1.0,0.08008008008008008,0.4314314314314314,0.4205743065340221,0.06705747386514074,0.5385385385385385,0.93993993993994,0.7070960390018165
Indicios de Arrepentimiento                                                                                                                                                       - Carlos Berlanga                                 ,0.6306306306306306,0.42042042042042044,1.0,0.3114336399142633,0.0,0.35785785785785784,0.46940667490729293,0.43543543543543545,0.507007007007007,0.5385385385385385,0.7457457457457457,0.7787434720474125
Triangolo                                                                                                                                                                         - Renato Zero                                     ,0.43593593593593594,0.48348348348348347,0.4664664664664665,0.6396551762405421,0.0,0.3208208208208208,0.5245245245245245,0.3188847088267836,0.07996768982229398,0.5385385385385385,0.3203203203203203,0.8840370095028484
Roses - Imanbek Remix                                                                                                                                                             - SAINt JHN                                       ,0.8788788788788788,0.48348348348348347,0.7217217217217218,0.7213325199586239,1.0,0.43243243243243246,0.3433433433433433,0.5610674904153166,0.8908908908908909,0.5385385385385385,0.9378029079159933,0.5405405405405406
Ritual                                                                                                                                                                            - Tiësto                                          ,0.6811811811811812,0.4854854854854855,0.3383383383383384,0.853310162954833,0.0,0.49519772937494466,0.5625625625625625,0.0,0.1871871871871872,0.5385385385385385,0.8308308308308309,0.45845845845845845
Sorry                                                                                                                                                                             - Justin Bieber                                   ,0.6961961961961962,0.5325325325325325,0.0,0.9232173349820408,0.0,0.3638638638638638,0.480931744312026,0.0,0.8223223223223224,0.5385385385385385,0.493993993993994,0.2915866023185285
Raising Hell (feat. Big Freedia)                                                                                                                                                  - Kesha                                           ,0.7537537537537538,0.6951951951951951,0.16616616616616617,0.8118118118118118,0.0,0.8293293293293293,0.23243130861414743,0.39043703273468283,0.10147518998658912,0.5385385385385385,0.38488488488488487,0.4572567325548583
Can't Hold Us - feat. Ray Dalton                                                                                                                                                  - Macklemore & Ryan Lewis                         ,0.6711711711711712,0.8053053053053053,0.27127127127127126,0.8466290593254364,1.0,0.6586586586586587,0.38538538538538536,0.0,0.1991991991991992,0.5385385385385385,0.9044044044044044,0.841973438312569
Turn Me On (feat. Vula)                                                                                                                                                           - Riton                                           ,0.8268268268268268,0.6336336336336337,1.0,0.8186099241301125,1.0,0.26226226226226224,0.33483483483483484,0.46176634957798396,0.1991991991991992,0.5385385385385385,0.6036036036036035,0.5716232158435975
Despacito - Remix                                                                                                                                                                 - Luis Fonsi                                      ,0.6941941941941943,0.6156156156156156,0.27127127127127126,0.8572143572143572,1.0,0.8958958958958959,0.617117117117117,0.0,0.28428428428428426,0.5385385385385385,0.8773773773773774,0.9704206931261788
2 Hearts (feat. Gia Koka)                                                                                                                                                         - Sam Feldt                                       ,0.45245245245245247,0.5235235235235235,0.6341341341341341,0.9249175302830047,1.0,0.31731731731731727,0.6386386386386387,0.38529883901816914,0.8193193193193193,0.5385385385385385,0.6768982229402266,0.47144967849174624
Teenage Dream                                                                                                                                                                     - Katy Perry                                      ,0.8013013013013013,0.5890890890890891,0.8883883883883883,0.8347880299251871,1.0,0.1866866866866867,0.34134134134134136,0.27583138694249804,0.5365365365365365,0.5385385385385385,0.6711711711711712,0.5164054046596861
Señorita                                                                                                                                                                          - Shawn Mendes                                    ,0.8628628628628628,0.3003003003003003,0.8058058058058057,0.6516516516516516,0.0,0.04104104104104104,0.4127053239531271,0.0,0.17917917917917917,0.5385385385385385,0.8148148148148148,0.4754754754754755
Never Seen The Rain                                                                                                                                                               - Tones And I                                     ,0.7257257257257257,0.23923923923923923,0.5445445445445445,0.703155818540434,0.0,0.2102102102102102,0.7107107107107107,0.0,0.8018018018018018,0.5385385385385385,0.3333333333333333,0.17718322032916328
Ain't Your Mama                                                                                                                                                                   - Jennifer Lopez                                  ,0.8613651472955557,0.4274274274274274,0.7217217217217218,0.7156999363895916,0.0,0.9494951977898772,0.4314314314314314,0.32540074542009556,0.0894845022958902,0.5385385385385385,0.8823823823823824,0.5202138700637802
Super Bass                                                                                                                                                                        - Nicki Minaj                                     ,0.8033033033033032,0.6891891891891893,1.0,0.8585728585728585,1.0,0.9359359359359359,0.6416416416416416,0.30384765491653853,0.9677444040372134,0.5385385385385385,0.7417417417417418,0.6276275101760083
Party In The U.S.A.                                                                                                                                                               - Miley Cyrus                                     ,0.6916916916916918,0.45095095095095095,0.8883883883883883,0.8241583595676493,0.0,0.3103103103103103,0.22422422422422422,0.4074074074074074,0.21871871871871873,0.5385385385385385,0.5495495495495496,0.24527512356154443
Blinding Lights                                                                                                                                                                   - The Weeknd                                      ,0.46446446446446443,0.5855855855855856,0.16616616616616617,0.8856906866576487,1.0,0.5625625625625625,0.23424139703209468,0.4253061031407002,0.26226226226226224,0.5385385385385385,0.42342342342342343,0.9343143318755184
How Do You Sleep?                                                                                                                                                                 - Sam Smith                                       ,0.4194194194194194,0.43243243243243246,0.16616616616616617,0.7910362312914042,0.0,0.7255423862128686,0.5595595595595596,0.0,0.14164875535433916,1.0,0.42342342342342343,0.4123054139535957
Don't Stop The Music                                                                                                                                                              - Rihanna                                         ,0.94994994994995,0.4144144144144144,0.5445445445445445,0.708090850580397,0.0,0.5730730730730731,0.40225391632041263,0.3911734590585766,0.040217317812045954,0.5385385385385385,0.6256256256256256,0.5525525525525525
Live Forever (With Cheat Codes)                                                                                                                                                   - Liam Payne                                      ,0.7537537537537538,0.42492492492492495,0.6341341341341341,0.6426426426426426,1.0,0.12762762762762764,0.6056056056056056,0.0,0.487987987987988,0.5385385385385385,0.7377377377377378,0.2991095129685329
Wasted                                                                                                                                                                            - Tiësto                                          ,0.6656656656656657,0.6156156156156156,0.27127127127127126,0.7190687486879306,1.0,0.07407407407407407,0.2346389323133509,0.48348348348348347,0.6926926926926927,0.5385385385385385,0.4674674674674675,0.4274983692521775
Yummy                                                                                                                                                                             - Justin Bieber                                   ,0.7477477477477478,0.2732732732732733,0.8058058058058057,0.5794665053561561,0.0,0.7132132132132132,0.6846846846846847,0.0,0.44494494494494496,0.5385385385385385,0.5755755755755756,0.8408231524894715
Promiscuous                                                                                                                                                                       - Nelly Furtado                                   ,0.9119119119119119,0.9439439439439439,0.8883883883883883,0.6455954575376934,0.0,0.37987987987987987,0.4292548747094202,0.3993049754402379,0.5665665665665666,0.5385385385385385,0.8998998998998999,0.45117558068290475
"Badass Woman - From The Motion Picture ""The Hustle""                                                                                                                           - Meghan Trainor                                  ",0.8128128128128128,0.7062062062062062,0.5445445445445445,0.8948948948948949,1.0,0.5680977902610989,0.3485784919653894,0.4274274274274274,0.8653653653653655,0.5385385385385385,0.6146146146146146,0.43742647420766917
A Thousand Miles                                                                                                                                                                  - Vanessa Carlton                                 ,0.535035035035035,0.6296296296296297,1.0,0.9071574706753859,1.0,0.2277277277277277,0.6705409029950825,0.0,0.6196196196196196,0.5385385385385385,0.32982982982982983,0.2163228609219733
Favorite Part Of Me - R3HAB Remix                                                                                                                                                 - Astrid S                                        ,0.7157157157157157,0.6091091091091092,0.16616616616616617,0.8211465716408382,1.0,0.7732732732732732,0.4554828904368983,0.5486674918174483,0.08708708708708708,0.5385385385385385,0.5280280280280281,0.35035035035035034
What A Man Gotta Do                                                                                                                                                               - Jonas Brothers                                  ,0.9634234234234235,0.45095095095095095,0.8058058058058057,0.5138903505942821,1.0,0.5625625625625625,0.30332445997593116,0.25039260817703934,0.1486486486486486,0.5385385385385385,0.3983983983983984,0.43943283049428283
Just Dance                                                                                                                                                                        - Lady Gaga                                       ,0.93993993993994,0.4984984984984985,0.16616616616616617,0.8381564722617354,0.0,0.08758758758758758,0.37537537537537535,0.37586279891921354,0.6626626626626626,0.5385385385385385,0.8188188188188188,0.4977601654031701
All You Need To Know (feat. Calle Lehmann)                                                                                                                                        - Gryffin                                         ,0.4874874874874875,0.4894894894894895,0.0,0.6548629012185863,1.0,0.22072072072072074,0.2932532104828427,0.0,0.3353353353353353,0.5385385385385385,0.2782782782782783,0.7957918821861397
Blanco                                                                                                                                                                            - J Balvin                                        ,0.973973973973974,0.46346346346346345,0.8058058058058057,0.7338059300242272,0.0,0.8253253253253253,0.37237237237237236,0.5435476263948699,0.2082082082082082,0.5385385385385385,0.6726726726726726,0.29810467341413094
Flames (with ZAYN) - R3HAB & Skytech VIP Remix                                                                                                                                    - R3HAB                                           ,0.3028028028028028,0.5775775775775776,0.4664664664664665,0.8568568568568569,0.0,0.8938938938938938,0.33433433433433435,0.0,0.00757396471196221,0.5385385385385385,0.21521521521521522,0.08200011415785038
Good Things Fall Apart (with Jon Bellion)                                                                                                                                         - ILLENIUM                                        ,0.6741741741741742,0.3407378410395911,0.27127127127127126,0.7247247247247247,1.0,0.0945945945945946,0.32732732732732733,0.0,0.45545545545545546,0.5385385385385385,0.5266647147578986,0.8285659190104769
Dynamite                                                                                                                                                                          - Taio Cruz                                       ,0.8508508508508509,0.5685685685685686,0.3918918918918919,0.9184383562909805,1.0,0.6966966966966966,0.26726726726726724,0.0,0.008189122373300363,0.5385385385385385,0.8773773773773774,0.5115115115115115
Bang Bang                                                                                                                                                                         - Jessie J                                        ,0.7902902902902902,0.5565565565565566,0.0,0.9418249206637703,0.0,0.7237237237237237,0.6361361361361362,0.0,0.9079079079079079,0.5385385385385385,0.7807807807807807,0.8642286658667253
Nice To Meet Ya                                                                                                                                                                   - Niall Horan                                     ,0.5830830830830831,0.6586586586586587,0.3918918918918919,0.8573573573573574,0.0,0.06556556556556556,0.32307086182370204,0.0,0.924924924924925,0.5385385385385385,0.4744744744744745,0.3928314273913891
Mad Love                                                                                                                                                                          - Mabel                                           ,0.6326326326326326,0.5855855855855856,0.0,0.9642992693539425,0.0,0.9009009009009009,0.7825754680932366,0.0,0.36036036036036034,0.5385385385385385,0.6987222768807348,0.994494160881881
SOS                                                                                                                                                                               - Avicii                                          ,0.9209209209209209,0.3883883883883884,0.4664664664664665,0.6321210063413806,0.0,0.6212591902247074,0.6446446446446447,0.0,0.4629629629629629,0.5385385385385385,0.45645645645645644,0.2963217128740054
Don't Call Me Up                                                                                                                                                                  - Mabel                                           ,0.7292292292292293,0.7277277277277278,0.8058058058058057,0.9692808408492176,1.0,0.8688688688688688,0.6576576576576576,0.28168044237169854,0.15915915915915915,0.5385385385385385,0.29479479479479476,0.28273055336811925
Here With Me                                                                                                                                                                      - Marshmello                                      ,0.9064064064064064,0.3157058157058157,0.4664664664664665,0.8992143699086037,0.0,0.34434434434434436,0.4602602602602603,0.0,0.6061061061061062,0.5385385385385385,0.23012552301255204,0.2923085733921306
Wake Me Up                                                                                                                                                                        - Avicii                                          ,0.46296296296296297,0.597097097097097,0.27127127127127126,0.7624812082584421,1.0,0.473973973973974,0.26533835499939257,0.46099877016797886,0.44494494494494496,0.5385385385385385,0.6711711711711712,0.5735436993164558
7 rings                                                                                                                                                                           - Ariana Grande                                   ,0.8118118118118118,0.17317317317317318,0.16616616616616617,0.2734599420267173,0.0,0.9820543093270366,0.7545926799282504,0.0,0.2172172172172172,0.5385385385385385,0.3923923923923924,0.020173035707770355
Dance Monkey                                                                                                                                                                      - Tones And I                                     ,0.9414414414414414,0.3353353353353353,0.5445445445445445,0.6048503652337518,0.0,0.7251335554687967,0.7902803262680752,0.40472255017709563,0.5855855855855856,0.5385385385385385,0.5985985985985985,0.27431678627317924
Good Thing (with Kehlani)                                                                                                                                                         - Zedd                                            ,0.7587587587587588,0.3150501494872356,0.16616616616616617,0.9077838800965836,0.0,0.22572572572572575,0.6966966966966966,0.0,0.015538761120347636,0.05005005005005005,0.6536536536536537,0.9875473818314184
Con Calma                                                                                                                                                                         - Daddy Yankee                                    ,0.8268268268268268,0.6876876876876877,0.7217217217217218,0.9765802824547775,0.0,0.5325325325325325,0.5165165165165165,0.2689402196564129,0.05573505654281095,0.5385385385385385,0.7307307307307307,0.2022022022022022
"Alone, Pt. II                                                                                                                                                                   - Alan Walker                                     ",0.7212212212212212,0.4139139139139139,0.3383383383383384,0.8618628851710021,0.0,0.3138138138138138,0.7413996274755768,0.0,0.5325325325325325,0.5385385385385385,0.6866866866866866,0.13990442354354576
Teeth                                                                                                                                                                             - 5 Seconds of Summer                             ,0.8573573573573574,0.23023023023023023,0.3383383383383384,0.9645468451740374,0.0,0.27877877877877877,0.4382548511426793,0.2924755362839475,0.3963963963963964,0.5385385385385385,0.5145395799676901,0.7877710048951099
The Mack                                                                                                                                                                          - Nevada                                          ,0.7842842842842843,0.7307307307307307,0.0,0.86391631635546,1.0,0.5415415415415415,0.4684796044499382,0.0,0.7417417417417418,0.5385385385385385,0.6246246246246246,0.3645240979966102
Lose Control                                                                                                                                                                      - MEDUZA                                          ,0.5925925925925926,0.2826309675624744,0.8883883883883883,0.3875938410387671,0.0,0.29979979979979976,0.535035035035035,0.0,0.5560560560560561,0.5385385385385385,0.6146146146146146,0.5687429035638318
Good as Hell (feat. Ariana Grande) - Remix                                                                                                                                        - Lizzo                                           ,0.7167167167167167,0.7477477477477478,0.4664664664664665,0.9642167440805776,0.0,0.5743300032256158,0.6582431377513345,0.0,0.9876463982031124,0.5385385385385385,0.5585585585585585,0.23888007992382357
Crazy In Love (feat. Jay-Z)                                                                                                                                                       - Beyoncé                                         ,0.6791791791791792,0.549049049049049,0.27127127127127126,0.5815817018508356,0.0,0.9469469469469469,0.2502902145684243,0.0,0.11745078411745075,0.5385385385385385,0.7537537537537538,0.28527359384330314
ME! (feat. Brendon Urie of Panic! At The Disco)                                                                                                                                   - Taylor Swift                                    ,0.6181181181181181,0.6546546546546547,0.0,0.878332052997198,1.0,0.613217939489126,0.38538538538538536,0.0,0.4169169169169169,0.5385385385385385,0.7317317317317317,0.9819748115660591
High Hopes                                                                                                                                                                        - Panic! At The Disco                             ,0.5655655655655656,0.7672672672672673,0.4664664664664665,0.9732582801896307,1.0,0.5525525525525525,0.5915915915915916,0.0,0.08375041708375042,0.5385385385385385,0.7537537537537538,0.09639046312086458
Love Me Again                                                                                                                                                                     - RAYE                                            ,0.7977977977977978,0.2702702702702703,0.4664664664664665,0.5965965965965966,1.0,0.4114114114114114,0.6506506506506506,0.0,0.14314314314314314,0.5385385385385385,0.5695695695695696,0.4057285525508431
OMG (with Carly Rae Jepsen)                                                                                                                                                       - Gryffin                                         ,0.5225225225225225,0.36436436436436437,0.5445445445445445,0.6862534580502737,1.0,0.4750853480236499,0.32465192465192466,0.5655655655655656,0.36036036036036034,0.5385385385385385,0.6946946946946947,0.9698040226395765
Eastside (with Halsey & Khalid)                                                                                                                                                   - benny blanco                                    ,0.535035035035035,0.43043043043043044,0.5445445445445445,0.4701893166201576,0.0,0.9817102518851275,0.7467467467467468,0.0,0.44494494494494496,0.5385385385385385,0.3923923923923924,0.14807456656896203
Never Really Over                                                                                                                                                                 - Katy Perry                                      ,0.8788788788788788,0.7287287287287287,0.7217217217217218,0.8088088088088088,1.0,0.5415415415415415,0.5925925925925926,0.0,0.8448448448448449,0.5385385385385385,0.46596596596596596,0.294891197943264
Harder (with Bebe Rexha)                                                                                                                                                          - Jax Jones                                       ,0.988988988988989,0.6426426426426426,0.4664664664664665,0.9626504479382023,0.0,0.6285203397407242,0.4935105067985167,0.0,0.6001001001001001,0.5385385385385385,0.8173173173173174,0.34129824279033627
Call On Me - Ryan Riback Remix                                                                                                                                                    - Starley                                         ,0.7212212212212212,0.6531531531531531,0.0,0.8908908908908909,1.0,0.1886886886886887,0.4571713868319868,0.4633825947287081,0.6146146146146146,0.5385385385385385,0.7832832832832832,0.3533101150187647
Insomnia                                                                                                                                                                          - Daya                                            ,0.8558558558558559,0.3983983983983984,0.6341341341341341,0.7678521208425715,1.0,0.5476674912798263,0.49840126006987145,0.0,0.9169169169169169,0.5385385385385385,0.45945945945945943,0.5604382941817039
Rather Be (feat. Jess Glynne)                                                                                                                                                     - Clean Bandit                                    ,0.9176410298785385,0.33433433433433435,1.0,0.5661656042570236,1.0,0.22322322322322322,0.5660660660660661,0.2709151459151459,0.6891891891891893,0.5385385385385385,0.6316512783637417,0.5303656210172515
Sayonara                                                                                                                                                                          - BEAUZ                                           ,0.7402402402402402,0.6631631631631631,0.8058058058058057,0.9860174130338395,0.0,0.9159159159159159,0.5165165165165165,0.3521521521521522,0.7262262262262262,0.5385385385385385,0.6768982229402266,0.5377659579368981
Polaroid                                                                                                                                                                          - Jonas Blue                                      ,0.6916916916916918,0.7557557557557557,0.6341341341341341,0.8449231349881158,0.0,0.18468468468468469,0.6563363908496653,0.0,0.12162162162162163,0.5385385385385385,0.5555555555555556,0.4490476018635857
The Middle                                                                                                                                                                        - Zedd                                            ,0.8448448448448449,0.3973973973973974,0.6341341341341341,0.9632647149349122,1.0,0.5215215215215215,0.6016016016016016,0.0,0.5115115115115114,0.5385385385385385,0.5145395799676901,0.3723728433331654
"I Can’t Get Enough (benny blanco, Selena Gomez, J Balvin, Tainy)                                                                                                                - benny blanco                                    ",0.503003003003003,0.24174174174174176,0.8883883883883883,0.8896243113205196,0.0,0.9897072941427779,0.6987096006897986,0.2901258432251064,0.8968968968968969,0.5385385385385385,0.7602602602602602,0.23290095599734015
All Day And Night                                                                                                                                                                 - Jax Jones                                       ,0.5755755755755756,0.5665665665665666,0.16616616616616617,0.8823401950162514,0.0,0.7132132132132132,0.6416416416416416,0.0,0.6061061061061062,0.5385385385385385,0.6076076076076076,0.5385198479215573
All The Lies (with Felix Jaehn & The Vamps)                                                                                                                                       - Alok                                            ,0.6131131131131131,0.647147147147147,0.5445445445445445,0.8817371391183447,1.0,0.8553553553553553,0.5703021703021702,0.0,0.36936936936936937,0.5385385385385385,0.7447447447447447,0.3182152993473742
Temperature                                                                                                                                                                       - Sean Paul                                       ,0.9981260875384821,0.34534534534534533,0.0,0.8228228228228228,0.0,0.6016016016016016,0.5115115115115115,0.0,0.11568654368654369,0.5385385385385385,0.8838838838838838,0.5935996808246364
Physical                                                                                                                                                                          - Dua Lipa                                        ,0.6811811811811812,0.6631631631631631,0.0,0.9166225291225291,1.0,0.3758758758758759,0.3303303303303303,0.46593338083363023,0.3278278278278278,0.5385385385385385,0.8118118118118118,0.8461310603255014
Stop This Flame                                                                                                                                                                   - Celeste                                         ,0.8523523523523524,0.45795795795795796,0.8883883883883883,0.7913633761347837,0.0,0.22572572572572575,0.6576576576576576,0.0,0.3353353353353353,0.5385385385385385,0.3983983983983984,0.512684295894003
Sixteen                                                                                                                                                                           - Ellie Goulding                                  ,0.7187187187187187,0.5935935935935935,0.7217217217217218,0.7267267267267267,1.0,0.8498498498498499,0.6406406406406406,0.0,0.06606606606606606,0.5385385385385385,0.6246246246246246,0.40050541310123733
Want to Want Me                                                                                                                                                                   - Jason Derulo                                    ,0.8853853853853855,0.43043043043043044,0.0,0.7184734513274336,0.0,0.5625625625625625,0.30665686165978734,0.0,0.3868868868868869,0.5385385385385385,0.7307307307307307,0.44896487005941194
Sucker                                                                                                                                                                            - Jonas Brothers                                  ,0.9547649839620641,0.4944944944944945,0.16616616616616617,0.7727727727727728,0.0,0.5295295295295295,0.42167426592205354,0.0,0.36036036036036034,0.5385385385385385,0.9741546304302658,0.7797797797797797
Shake It Off                                                                                                                                                                      - Taylor Swift                                    ,0.0,0.0,0.0,0.0,0.0,0.0,0.0,0.0,0.0,0.0,0.0,0.0
Who Do You Love                                                                                                                                                                   - The Chainsmokers                                ,0.46046046046046046,0.647147147147147,0.3383383383383384,0.8232409704289277,1.0,0.35785785785785784,0.3003003003003003,0.0,0.7277277277277278,0.5385385385385385,0.5190190190190189,0.8012025565217052
Drown (feat. Clinton Kane)                                                                                                                                                        - Martin Garrix                                   ,0.555055055055055,0.5015015015015015,0.8058058058058057,0.7243290768513321,1.0,0.5225225225225225,0.6046046046046046,0.0,0.6516516516516516,0.5385385385385385,0.4444444444444444,0.5202939180925973
Stitches                                                                                                                                                                          - Shawn Mendes                                    ,0.8413413413413413,0.5235235235235235,0.16616616616616617,0.5717873989097011,1.0,0.5905905905905906,0.3365067725532842,0.0,0.028028028028028028,0.5385385385385385,0.8278278278278278,0.8610342948678554
What I Like About You (feat. Theresa Rex)                                                                                                                                         - Jonas Blue                                      ,0.4014014014014014,0.592092092092092,0.16616616616616617,0.9283222743953529,1.0,0.43843843843843844,0.6544479213232006,0.31070141780918065,0.4764764764764765,0.5385385385385385,0.6356356356356356,0.3240499177453929
Die Young                                                                                                                                                                         - Sheppard                                        ,0.5530530530530531,0.5765765765765766,0.27127127127127126,0.7449526163988464,1.0,0.46146146146146144,0.6146146146146146,0.0,0.6341341341341342,0.5385385385385385,0.34634634634634637,0.5095095095095095
I Don’t Even Know You Anymore (feat. Bazzi & Lil Wayne)                                                                                                                           - Netsky                                          ,0.7872872872872874,0.5705705705705706,0.8058058058058057,0.953803174291127,0.0,0.7572572572572572,0.6186186186186187,0.0,0.5785785785785786,0.5385385385385385,0.6636636636636637,0.260718334850334
DJ Got Us Fallin' In Love                                                                                                                                                         - Usher                                           ,0.7142142142142143,0.7212212212212212,0.6341341341341341,0.9693505774772192,0.0,0.7443004023245418,0.3893893893893894,0.0,0.17917917917917917,0.5385385385385385,0.7417417417417418,0.5078840212272384
No Sleep (feat. Bonn)                                                                                                                                                             - Martin Garrix                                   ,0.3813813813813814,0.3781850692892266,1.0,0.606063634349824,1.0,0.11161161161161161,0.535035035035035,0.0,0.4764764764764765,0.5385385385385385,0.40167364016736423,0.6829296527707387
Good Reasons                                                                                                                                                                      - Jon Lemmon                                      ,0.7857857857857857,0.38038038038038036,0.3383383383383384,0.40540540540540543,1.0,0.4014014014014014,0.3638439015661505,0.2953431987292032,0.05905905905905906,0.5385385385385385,0.3483483483483483,0.5305398917137066
Sue Me                                                                                                                                                                            - Sabrina Carpenter                               ,0.4014014014014014,0.6061061061061062,0.5445445445445445,0.7312868949232585,1.0,0.9827626918536009,0.4205354856517647,0.38091438763002244,0.5505505505505506,0.5385385385385385,0.6876876876876877,0.8930909864742574
Body                                                                                                                                                                              - Loud Luxury                                     ,0.8523523523523524,0.5395395395395395,0.16616616616616617,0.8518518518518519,1.0,0.23023023023023023,0.43343343343343343,0.40243041739072677,0.042955562139484184,0.5385385385385385,0.6616616616616616,0.5395653784915534
hot girl bummer                                                                                                                                                                   - blackbear                                       ,0.8898898898898899,0.3103103103103103,0.5445445445445445,0.521956390504002,0.0,0.6540601577186943,0.5338606800870952,0.0,0.9273195456941038,0.005005005005005005,0.7507507507507507,0.7074853712969318
Trumpets                                                                                                                                                                          - Jason Derulo                                    ,0.642142142142142,0.45945945945945943,0.0,0.79728453364817,1.0,0.951213472826259,0.7491136174342282,0.0,0.2802802802802803,0.5385385385385385,0.7180785982662562,0.09402551573357736
Unwritten                                                                                                                                                                         - Natasha Bedingfield                             ,0.7822822822822824,0.592092092092092,0.4664664664664665,0.6141424343433862,1.0,0.2677677677677678,0.2862862862862863,0.0,0.17517517517517517,0.5385385385385385,0.7087087087087087,0.2977745859409494
Play                                                                                                                                                                              - Jax Jones                                       ,0.8798798798798799,0.5460460460460461,1.0,0.45845845845845845,0.0,0.36536536536536535,0.37737737737737737,0.3356311058174412,0.9369369369369369,0.5385385385385385,0.6857938295438296,0.5909909909909904
FRIENDS                                                                                                                                                                           - Marshmello                                      ,0.6406406406406406,0.7257257257257257,0.8058058058058057,0.9841893029297922,0.0,0.4444444444444444,0.599463567277604,0.0,0.5115115115115114,0.5385385385385385,0.6186186186186187,0.23099340643328087
I Found You (with Calvin Harris)                                                                                                                                                  - benny blanco                                    ,0.8853853853853855,0.7102102102102101,0.5445445445445445,0.8737745174940439,1.0,0.39539539539539537,0.3998998998998999,0.6170183267900416,0.8208208208208209,0.5385385385385385,0.45945945945945943,0.5577705345714012
Yeah! (feat. Lil Jon & Ludacris)                                                                                                                                                  - Usher                                           ,0.983983983983984,0.5795795795795796,0.27127127127127126,0.8196473019210878,1.0,0.7917917917917918,0.34919653893695923,0.0,0.012977573647029717,0.5385385385385385,0.6626626626626626,0.35454322651798315
Close To Me (with Diplo) (feat. Swae Lee)                                                                                                                                         - Ellie Goulding                                  ,0.5590590590590591,0.5290290290290289,0.16616616616616617,0.7772914752976351,0.0,0.5525525525525525,0.49984548825710756,0.0,0.9239239239239239,0.5385385385385385,0.5745745745745746,0.8296531874396512
Hips Don't Lie (feat. Wyclef Jean)                                                                                                                                                - Shakira                                         ,0.8898898898898899,0.6281281281281281,0.8883883883883883,0.6706706706706707,0.0,0.6171243941841681,0.6516516516516516,0.0,0.9309309309309309,0.5385385385385385,0.8215280343993213,0.29920141628624314
Single Ladies (Put a Ring on It)                                                                                                                                                  - Beyoncé                                         ,0.3683683683683684,0.3328328328328328,0.16616616616616617,0.7477714206241057,1.0,0.9754754754754755,0.41124209207514323,0.0,0.6791791791791792,0.5385385385385385,0.33483483483483484,0.9924532359235219
Sweet but Psycho                                                                                                                                                                  - Ava Max                                         ,0.8013013013013013,0.46046046046046046,0.16616616616616617,0.8171914117860062,1.0,0.4084084084084084,0.4673139240935851,0.0,0.6306306306306306,0.5385385385385385,0.7072072072072072,0.7407407407407407
Cool                                                                                                                                                                              - Jonas Brothers                                  ,0.7402402402402402,0.34814479551321675,0.0,0.7151369525753761,1.0,0.37787787787787785,0.3163163163163163,0.0,0.6146146146146146,0.5385385385385385,0.7197197197197197,0.06944327388383774
Youngblood                                                                                                                                                                        - 5 Seconds of Summer                             ,0.5890890890890891,0.6776776776776776,0.6341341341341341,0.7647647647647647,0.0,0.997997997997998,0.34434434434434436,0.0,0.49199199199199195,0.5385385385385385,0.1891891891891892,0.522961596616466
Somebody                                                                                                                                                                          - Natalie La Rose                                 ,0.9459459459459459,0.2776999092788566,0.0,0.38383670211185605,1.0,0.22072072072072074,0.2155421720780138,0.3353353353353353,0.09028006108298078,0.5385385385385385,0.8014146743428512,0.35254390488563425
Price Tag                                                                                                                                                                         - Jessie J                                        ,0.3888888888888889,0.6546546546546547,0.4664664664664665,0.898091814159292,1.0,0.958958958958959,0.3920429146177917,0.26626626626626626,0.6821821821821822,0.5385385385385385,0.7497497497497497,0.9579189854667624
Goodbye (feat. Nicki Minaj & Willy William)                                                                                                                                       - Jason Derulo                                    ,0.6741741741741742,0.7672672672672673,0.0,0.9209985989442183,1.0,0.6346346346346347,0.47841188226163,0.0,0.6821821821821822,0.5385385385385385,0.5605605605605606,0.3287951785827319
Dura                                                                                                                                                                              - Daddy Yankee                                    ,0.8998998998998999,0.6656656656656657,0.16616616616616617,0.9368242011906208,1.0,0.44544544544544545,0.5760760760760761,0.0,0.9329329329329329,0.5385385385385385,0.8812006829718,0.22263419362655834
No Lie                                                                                                                                                                            - Sean Paul                                       ,0.8363363363363363,0.7477477477477478,0.6341341341341341,0.9703968730781044,1.0,0.8293293293293293,0.4292548747094202,0.0,0.7737737737737738,0.5385385385385385,0.5525525525525525,0.31768752523469646
Post Malone (feat. RANI)                                                                                                                                                          - Sam Feldt                                       ,0.5815815815815816,0.3858858858858859,0.6341341341341341,0.9051003205138544,1.0,0.8168168168168168,0.4774774774774775,0.0,0.35235235235235235,0.5385385385385385,0.7267267267267267,0.3774026344873536
Know You Better                                                                                                                                                                   - FÄIS                                            ,0.9654654654654655,0.33433433433433435,0.5445445445445445,0.7590339376250219,1.0,0.7572572572572572,0.5485485485485485,0.27888848254243204,0.11453540497018753,0.5385385385385385,0.8408408408408409,0.2713230095689881
Back To You - From 13 Reasons Why – Season 2 Soundtrack                                                                                                                           - Selena Gomez                                    ,0.5975975975975976,0.48348348348348347,0.5445445445445445,0.8007395022273643,1.0,0.4209209209209209,0.4984984984984985,0.26426426426426425,0.47047047047047047,0.5385385385385385,0.5913105329951983,0.3192554052617499
Mad Love                                                                                                                                                                          - Sean Paul                                       ,0.9094094094094094,0.6281281281281281,0.27127127127127126,0.9358800721552182,1.0,0.9049049049049049,0.2875035086888519,0.285991981533228,0.6366366366366366,0.5385385385385385,0.6898308454628317,0.27376793453321185
X                                                                                                                                                                                 - Nicky Jam                                       ,0.5875875875875876,0.5545545545545546,0.8058058058058057,0.8149784541537118,0.0,0.49300716053160726,0.4079098204050439,0.48141244692968843,0.8688688688688688,0.5385385385385385,0.7767767767767768,0.9777931121008726
Better Now                                                                                                                                                                        - Post Malone                                     ,0.7387387387387387,0.32732732732732733,0.8883883883883883,0.6802745636772999,1.0,0.26976976976976974,0.6730954718812482,0.0,0.5405405405405406,0.5385385385385385,0.4174174174174174,0.8365601198372895
Own It (feat. Ed Sheeran & Burna Boy)                                                                                                                                             - Stormzy                                         ,0.936173578158311,0.565065065065065,0.6341341341341341,0.8760604651015611,0.0,0.7917917917917918,0.303276802870761,0.30457539664467653,0.487987987987988,0.5385385385385385,0.4411057764351178,0.34025320233757256
TiK ToK                                                                                                                                                                           - Kesha                                           ,0.8573573573573574,0.6406406406406406,0.27127127127127126,0.9725607110000174,0.0,0.8013013013013013,0.4744744744744745,0.25587073141252703,0.8118118118118118,0.5385385385385385,0.8014146743428512,0.5178622644169298
Wild Ones (feat. Sia)                                                                                                                                                             - Flo Rida                                        ,0.6081081081081081,0.6876876876876877,0.4664664664664665,0.7443817895007395,0.0,0.4974974974974975,0.5047933664192903,0.0,0.7782782782782782,0.5385385385385385,0.5210016155088852,0.6307139503237238
Levels - Radio Edit                                                                                                                                                               - Avicii                                          ,0.6286286286286287,0.7277277277277278,0.16616616616616617,0.6756756756756757,0.0,0.21521521521521522,0.4540734162556854,0.7682323856613102,0.8378378378378378,0.5385385385385385,0.4975869214702392,0.6154339804267596
Titanium (feat. Sia)                                                                                                                                                              - David Guetta                                    ,0.602102102102102,0.5745745745745746,0.0,0.9229229229229229,0.0,0.7672672672672672,0.46646646646646645,0.6546546546546547,0.507007007007007,0.5385385385385385,0.3688688688688689,0.6176997046517454
Low (feat. T-Pain)                                                                                                                                                                - Flo Rida                                        ,0.990990990990991,0.3533533533533533,0.8883883883883883,0.7017017017017017,0.0,0.6626626626626626,0.49633179843196,0.0,0.5540540540540541,0.5385385385385385,0.3738738738738739,0.6656656656656657
Oops!...I Did It Again                                                                                                                                                            - Britney Spears                                  ,0.8508508508508509,0.6216216216216216,1.0,0.7143810477143809,1.0,0.35485485485485485,0.6611611611611612,0.3246154120993734,0.5965965965965966,0.5385385385385385,0.9269269269269269,0.23084769225164845
Timber (feat. Ke$ha)                                                                                                                                                              - Pitbull                                         ,0.5675675675675675,0.9054054054054055,1.0,0.8841783930095415,1.0,0.7482544617077174,0.38712561466249445,0.0,0.5540540540540541,0.5385385385385385,0.8503503503503503,0.7080251817093878
Ain't Nobody (Loves Me Better)                                                                                                                                                    - Felix Jaehn                                     ,0.8753753753753755,0.3173173173173173,0.27127127127127126,0.5294449998816282,0.0,0.08208208208208209,0.7801676599959863,0.4355429738804295,0.11011011011011011,0.5385385385385385,0.5510510510510511,0.48642632615921444
In My Mind                                                                                                                                                                        - Dynoro                                          ,0.7602602602602602,0.549049049049049,0.5445445445445445,0.743120302347235,1.0,0.8708708708708709,0.5775775775775776,0.32932932932932935,0.45545545545545546,0.5385385385385385,0.2057057057057057,0.602498855567431
Cake By The Ocean                                                                                                                                                                 - DNCE                                            ,0.8828828828828829,0.5395395395395395,0.3918918918918919,0.7267267267267267,0.0,0.4588045234248789,0.5615615615615616,0.0,0.012172938951181633,0.5385385385385385,0.9459196038143407,0.49788938662991034
All ‘Bout The Money                                                                                                                                                               - FAULHABER                                       ,0.8048048048048048,0.5625625625625625,0.5445445445445445,0.8678678678678678,0.0,0.5436287936287936,0.5485485485485485,0.0,0.5665665665665666,0.5385385385385385,0.40167364016736423,0.40622673773339163
Middle                                                                                                                                                                            - DJ Snake                                        ,0.6131131131131131,0.45495495495495497,0.8058058058058057,0.7437437437437437,1.0,0.33933933933933935,0.3558001060079198,0.0,0.04504504504504504,0.5385385385385385,0.27127127127127126,0.3520494793859278
Perfect Strangers                                                                                                                                                                 - Jonas Blue                                      ,0.8343343343343343,0.6206206206206206,0.16616616616616617,0.746279429494177,1.0,0.4229229229229229,0.6876876876876877,0.0,0.7947947947947948,0.5385385385385385,0.7747747747747747,0.48682655471005015
Starboy                                                                                                                                                                           - The Weeknd                                      ,0.7402402402402402,0.3407378410395911,0.6341341341341341,0.5318570850485745,1.0,0.9713902548055431,0.5685685685685685,0.2879654233136493,0.5365365365365365,0.5385385385385385,0.6196196196196196,0.9879416826465862
Familiar                                                                                                                                                                          - Liam Payne                                      ,0.6616616616616616,0.6011011011011012,0.8058058058058057,0.8334420317362747,1.0,0.982993742980908,0.34034034034034033,0.0,0.15915915915915915,0.5385385385385385,0.9442286125667213,0.1850451888827974
Feelings                                                                                                                                                                          - John Newman                                     ,0.39539539539539537,0.6426426426426426,1.0,0.8669503431456739,0.0,0.5977460836795877,0.5057205901280091,0.0,0.1888555221888555,0.5385385385385385,0.6876876876876877,0.5992259610834452
Younger                                                                                                                                                                           - Jonas Blue                                      ,0.8975234633129368,0.6646646646646647,0.3383383383383384,0.9705496497949329,1.0,0.5355355355355356,0.6526526526526526,0.34164286403092375,0.12912912912912913,0.5385385385385385,0.9319319319319319,0.36378707603220894
Most Girls                                                                                                                                                                        - Hailee Steinfeld                                ,0.8573573573573574,0.31931931931931934,0.8058058058058057,0.519077333830058,1.0,0.7097097097097097,0.41825766083747795,0.0,0.2222222222222222,0.5385385385385385,0.4904904904904905,0.32763945431424135
Strip That Down                                                                                                                                                                   - Liam Payne                                      ,0.9732881029177328,0.25425425425425424,0.5445445445445445,0.70672691211657,1.0,0.48848848848848847,0.6266266266266266,0.0,0.14314314314314314,0.5385385385385385,0.6136136136136137,0.3644919798016527
Bad Liar                                                                                                                                                                          - Selena Gomez                                    ,0.9983937893186989,0.2117936223935059,0.16616616616616617,0.5879466540148767,1.0,0.6156156156156156,0.5765765765765766,0.0,0.14564564564564564,0.5385385385385385,0.7844239886493407,0.5316892122269531
Tie Me Down (with Elley Duhé)                                                                                                                                                     - Gryffin                                         ,0.5165165165165165,0.6546546546546547,0.5445445445445445,0.9844066905988949,1.0,0.5735735735735735,0.5410410410410411,0.0,0.3278278278278278,0.5385385385385385,0.3868868868868869,0.28164931265706467
REMEDY                                                                                                                                                                            - Alesso                                          ,0.5975975975975976,0.5580580580580581,0.0,0.831012037525676,1.0,0.40290290290290287,0.6416416416416416,0.0,0.21621621621621623,0.5385385385385385,0.5635635635635635,0.5107229810455618
Look What You Made Me Do                                                                                                                                                          - Taylor Swift                                    ,0.8818818818818819,0.43043043043043044,0.8058058058058057,0.6066329865182502,0.0,0.8583583583583583,0.6056056056056056,0.34134134134134136,0.4824824824824825,0.5385385385385385,0.5795795795795796,0.678650578471687
Wild Thoughts (feat. Rihanna & Bryson Tiller)                                                                                                                                     - DJ Khaled                                       ,0.7237237237237237,0.4189189189189189,0.0,0.9579579579579579,0.0,0.6036036036036035,0.39927949532266077,0.0,0.45545545545545546,0.5385385385385385,0.7117117117117117,0.271582480248801
Never Alone                                                                                                                                                                       - Felix Jaehn                                     ,0.7312312312312312,0.6326326326326326,0.7217217217217218,0.8086826417636409,0.0,0.23023023023023023,0.44830371567043603,0.2771854705028929,0.5025025025025025,0.5385385385385385,0.53003003003003,0.6084672435105066
Symphony (feat. Zara Larsson)                                                                                                                                                     - Clean Bandit                                    ,0.7842842842842843,0.3713713713713714,0.0,0.8348736403042446,0.0,0.5050557724207116,0.6361361361361362,0.34179362537571495,0.5505505505505506,0.5385385385385385,0.5395872516940201,0.555934416938492
Cheerleader - Felix Jaehn Remix Radio Edit                                                                                                                                        - OMI                                             ,0.8958958958958959,0.4361873990306946,0.3918918918918919,0.6263095169963202,1.0,0.07607607607607608,0.5695695695695696,0.3331513331513332,0.617117117117117,0.5385385385385385,0.6826826826826827,0.4875661329310675
Five More Hours - Deorro x Chris Brown                                                                                                                                            - Deorro                                          ,0.7787787787787788,0.5955955955955956,0.4664664664664665,0.6326007760519194,0.0,0.9414414414414414,0.4056225537707019,0.0,0.9796016439852058,0.5385385385385385,0.6123193256951219,0.6495987772258311
Pompeii                                                                                                                                                                           - Bastille                                        ,0.7402402402402402,0.4674674674674675,0.8058058058058057,0.5939790584626236,1.0,0.28978978978978975,0.4748538371451877,0.0,0.7827827827827828,0.5385385385385385,0.6711711711711712,0.6346652184018157
Airplanes (feat. Hayley Williams of Paramore)                                                                                                                                     - B.o.B                                           ,0.7052052052052051,0.7002002002002001,0.5445445445445445,0.8635097627020744,0.0,0.8013013013013013,0.5165165165165165,0.0,0.00953915931282591,0.5385385385385385,0.4574574574574575,0.188253900221446
Uptown Funk (feat. Bruno Mars)                                                                                                                                                    - Mark Ronson                                     ,0.9668717630674157,0.3533533533533533,0.0,0.51193444959031,1.0,0.6806806806806807,0.30075530075530077,0.39883717044809036,0.006379063521920662,0.5385385385385385,0.9579579579579579,0.4578582183624199
Are You With Me                                                                                                                                                                   - Lost Frequencies                                ,0.8678678678678678,0.35235235235235235,0.4664664664664665,0.4274274274274274,0.0,0.16316316316316315,0.637472407635383,0.357083781568046,0.47047047047047047,0.5385385385385385,0.4774774774774775,0.5310005726000566
King                                                                                                                                                                              - Years & Years                                   ,0.52002002002002,0.4124124124124124,0.3918918918918919,0.3960212557186422,0.0,0.22322322322322322,0.32465192465192466,0.0,0.92992992992993,0.5385385385385385,0.5340340340340339,0.5187743384213073
Where Are Ü Now (with Justin Bieber)                                                                                                                                              - Skrillex                                        ,0.4184184184184184,0.507007007007007,0.6341341341341341,0.7661932900642578,1.0,0.5285285285285285,0.4268147759409895,0.27927927927927926,0.09242352496453603,0.5385385385385385,0.24574574574574576,0.7942118770742312
El Perdón (with Enrique Iglesias)                                                                                                                                                 - Nicky Jam                                       ,0.6326326326326326,0.45645645645645644,0.7217217217217218,0.7252252252252251,1.0,0.501001001001001,0.7076624250883568,0.0,0.27427427427427425,0.5385385385385385,0.7217217217217217,0.9759708263626429
FourFiveSeconds                                                                                                                                                                   - Rihanna                                         ,0.5695695695695696,0.1527763718774955,0.27127127127127126,0.6986125348209334,1.0,0.4394394394394394,0.8618618618618619,0.0,0.521021021021021,0.5385385385385385,0.43543543543543545,0.9989931826282871
Nobody                                                                                                                                                                            - Martin Jensen                                   ,0.7272272272272272,0.43843843843843844,0.5445445445445445,0.7475894171851992,0.0,0.5565565565565566,0.6416416416416416,0.0,0.6646646646646647,0.5385385385385385,0.6096096096096096,0.2585013922875704
What Do You Mean?                                                                                                                                                                 - Justin Bieber                                   ,0.953953953953954,0.3199624061360395,0.4664664664664665,0.43043043043043044,0.0,0.7632632632632632,0.7771232771232771,0.4418876233644695,0.22622622622622623,0.5385385385385385,0.8348348348348348,0.5924189495618053
Hey Mama (feat. Nicki Minaj & Afrojack)                                                                                                                                           - David Guetta                                    ,0.5890890890890891,0.4904904904904905,0.8058058058058057,0.8838364539549101,1.0,0.8728728728728729,0.6226226226226226,0.0,0.8563563563563563,0.5385385385385385,0.6116116116116116,0.12602612604703006
How Deep Is Your Love                                                                                                                                                             - Calvin Harris                                   ,0.8278278278278278,0.7032032032032032,1.0,0.8547743523530448,0.0,0.6296296296296297,0.4127053239531271,0.496277773836829,0.9200421862987767,0.5385385385385385,0.4124124124124124,0.5425425425425425
One Last Time                                                                                                                                                                     - Ariana Grande                                   ,0.6441441441441442,0.3400646203554118,0.7217217217217218,0.7766815481561891,1.0,0.1046046046046046,0.4966220173662034,0.26326326326326327,0.2782782782782783,0.5385385385385385,0.12962962962962965,0.5915915915915916
Shut Up and Dance                                                                                                                                                                 - WALK THE MOON                                   ,0.5615615615615616,0.7167167167167168,0.16616616616616617,0.9119119119119119,1.0,0.5715715715715716,0.29090909090909095,0.25524927912987605,0.7877877877877878,0.5385385385385385,0.6926926926926927,0.6758919829686457
Don't Look Down (feat. Usher)                                                                                                                                                     - Martin Garrix                                   ,0.5695695695695696,0.6336336336336337,0.0,0.6599614861498269,1.0,0.17267267267267267,0.2601692601692602,0.4649974893496592,0.3868868868868869,0.5385385385385385,0.42492492492492495,0.6601870858200017
"I Don't Like It, I Love It (feat. Robin Thicke & Verdine White)                                                                                                                 - Flo Rida                                        ",0.9654654654654655,0.5430430430430431,0.8058058058058057,0.8198198198198198,0.0,0.8583583583583583,0.36795100609791764,0.0,0.15915915915915915,0.5385385385385385,0.8451882845188295,0.48749343077363094
Hold My Hand                                                                                                                                                                      - Jess Glynne                                     ,0.6726726726726726,0.6256256256256256,0.0,0.6934441438832908,1.0,0.04004004004004004,0.23611985548040146,0.0,0.15015015015015015,0.5385385385385385,0.5145395799676901,0.5574065241531269
Worth It (feat. Kid Ink)                                                                                                                                                          - Fifth Harmony                                   ,0.978978978978979,0.4974974974974975,0.7217217217217218,0.792450221238938,1.0,0.7400279823658301,0.4634916778034261,0.30635616121718495,0.4824824824824825,0.5385385385385385,0.6356356356356356,0.2941345051585788
Lush Life                                                                                                                                                                         - Zara Larsson                                    ,0.7602602602602602,0.47097097097097096,0.6341341341341341,0.9001501501501502,0.0,0.3818818818818819,0.5385385385385385,0.0,0.7162162162162162,0.5385385385385385,0.8598598598598598,0.2740126926306256
Heroes (we could be)                                                                                                                                                              - Alesso                                          ,0.47097097097097096,0.5185185185185185,0.4664664664664665,0.877685950413223,1.0,0.4974974974974975,0.4079098204050439,0.0,0.7177177177177178,0.5385385385385385,0.44744744744744747,0.6019711752957904
I Want You To Know                                                                                                                                                                - Zedd                                            ,0.537037037037037,0.7187187187187187,0.8058058058058057,0.9872889495348353,0.0,0.5832605486842775,0.288350322153139,0.32093562786632096,0.7971584116085395,0.5385385385385385,0.4555830940110417,0.7100354191263232
Blame (feat. John Newman)                                                                                                                                                         - Calvin Harris                                   ,0.35135135135135137,0.6861861861861862,0.0,0.8828819068255688,0.0,0.6916307662576319,0.38215612474764127,0.549740451627244,0.92992992992993,0.5385385385385385,0.44794794794794796,0.6405363766874919
Blurred Lines                                                                                                                                                                     - Robin Thicke                                    ,0.96996996996997,0.26626626626626626,0.6341341341341341,0.46502081192998396,1.0,0.4314314314314314,0.2757810072436519,0.34649524752994015,0.14014014014014015,0.5385385385385385,0.9136151601039245,0.5143293847917464
Happy                                                                                                                                                                             - Pharrell Williams                               ,0.6916916916916918,0.5275275275275275,0.16616616616616617,0.5553719008264464,1.0,0.8753753753753755,0.6526526526526526,0.0,0.21871871871871873,0.5385385385385385,0.9834834834834835,0.9008935883935884
Thrift Shop (feat. Wanz)                                                                                                                                                          - Macklemore & Ryan Lewis                         ,0.8943943943943944,0.2826309675624744,0.5445445445445445,0.5371808437501868,0.0,0.973973973973974,0.45945945945945943,0.0,0.02262262262262261,0.5385385385385385,0.7358731788783605,0.22007450269571716
I Love It (feat. Charli XCX)                                                                                                                                                      - Icona Pop                                       ,0.7902902902902902,0.7702702702702702,0.7217217217217218,0.975975975975976,1.0,0.03303303303303303,0.3102676481054859,0.3424914364095168,0.5965965965965966,0.5385385385385385,0.8858858858858859,0.6026924778935069
Fireball (feat. John Ryan)                                                                                                                                                        - Pitbull                                         ,0.8658658658658659,0.8303303303303303,0.8883883883883883,0.7357357357357357,1.0,0.502002002002002,0.49443757725587145,0.4001599113660028,0.07107107107107107,0.5385385385385385,0.8943943943943944,0.5571851627806864
Bailando - English Version                                                                                                                                                        - Enrique Iglesias                                ,0.8078078078078078,0.6706706706706707,0.6341341341341341,0.9335168501835168,1.0,0.7069657615112162,0.48642940120392864,0.0,0.10864614614614614,0.5385385385385385,0.9652665589660748,0.16370599875580458
Shower                                                                                                                                                                            - Becky G                                         ,0.7687687687687688,0.28428428428428426,0.27127127127127126,0.47847847847847846,1.0,0.4229229229229229,0.39589589589589586,0.36936936936936937,0.8033033033033032,0.5385385385385385,0.15165165165165168,0.512684295894003
Sing                                                                                                                                                                              - Ed Sheeran                                      ,0.9369369369369369,0.41541541541541543,0.7217217217217218,0.8472904664760176,0.0,0.4014014014014014,0.6616616616616616,0.2538493959546591,0.06846489346489347,0.5385385385385385,0.9674674674674675,0.5130214503107287
Sexy Bitch (feat. Akon)                                                                                                                                                           - David Guetta                                    ,0.9344344344344344,0.3758758758758759,1.0,0.782535554465379,0.0,0.4209209209209209,0.4741884741884742,0.43665390548023275,0.5825825825825826,0.5385385385385385,0.9075764750354639,0.7127451884986
Love Me Again                                                                                                                                                                     - John Newman                                     ,0.4289289289289289,0.7917917917917918,0.27127127127127126,0.9367027092698336,0.0,0.4874874874874875,0.2741857853361142,0.48240850059031887,0.3003003003003003,0.5385385385385385,0.25575575575575576,0.6142167473483668
Whistle                                                                                                                                                                           - Flo Rida                                        ,0.8558558558558559,0.8303303303303303,0.0,0.6840991169246017,1.0,0.35985985985985985,0.3558001060079198,0.0,0.8193193193193193,0.5385385385385385,0.8153203759877167,0.3400830149186776
This Girl - Kungs Vs. Cookin' On 3 Burners                                                                                                                                        - Kungs                                           ,0.9049049049049049,0.4620355411954768,0.0,0.8213442782442386,0.0,0.23673673673673673,0.48257190645522463,0.3791027488836501,0.7671933852289968,0.5385385385385385,0.5841670141553456,0.5401963656997215
Don't You Worry Child - Radio Edit                                                                                                                                                - Swedish House Mafia                             ,0.6151151151151151,0.6566566566566566,1.0,0.9557222009935039,0.0,0.44994994994994997,0.5185185185185185,0.0,0.44494494494494496,0.5385385385385385,0.5225225225225225,0.6936936936936937
Miss Independent                                                                                                                                                                  - Ne-Yo                                           ,0.7167167167167167,0.42042042042042044,0.16616616616616617,0.6937205496598925,1.0,0.8653653653653655,0.7267267267267267,0.0,0.6911911911911912,0.5385385385385385,0.7927927927927928,0.938426544851838
Cheap Thrills                                                                                                                                                                     - Sia                                             ,0.6441441441441442,0.45095095095095095,0.5445445445445445,0.7047047047047047,0.0,0.7732732732732732,0.4314314314314314,0.4904904904904905,0.23523523523523523,0.5385385385385385,0.7977977977977978,0.15240440281542408
Don't Let Me Down                                                                                                                                                                 - The Chainsmokers                                ,0.49099099099099097,0.7062062062062062,1.0,0.7680196530925295,1.0,0.9009009009009009,0.5625625625625625,0.5332328029823213,0.5445445445445445,0.5385385385385385,0.5045045045045045,0.8996845762111004
Scars To Your Beautiful                                                                                                                                                           - Alessia Cara                                    ,0.26426426426426425,0.5015015015015015,0.0,0.6905135486450364,1.0,0.9669669669669669,0.38286091734367594,0.0,0.4074074074074074,0.5385385385385385,0.5325325325325325,0.9930487328041856
In the Name of Love                                                                                                                                                               - Martin Garrix                                   ,0.44994994994994997,0.27627627627627627,0.3918918918918919,0.6716716716716716,0.0,0.2877877877877878,0.515015015015015,0.0,0.943943943943944,0.5385385385385385,0.21371371371371373,0.7493707008179785
Sun Is Shining                                                                                                                                                                    - Axwell /\ Ingrosso                              ,0.2177177177177177,0.5565565565565566,0.27127127127127126,0.961119602598395,1.0,0.6016016016016016,0.4893657589963163,0.0,0.13213213213213212,0.5385385385385385,0.44344344344344344,0.7254518383455923
Summer                                                                                                                                                                            - Calvin Harris                                   ,0.6006006006006006,0.6891891891891893,0.3918918918918919,0.9296784604717148,0.0,0.10960960960960961,0.36108496556257746,0.6063851717084666,0.3128128128128128,0.5385385385385385,0.7862862862862863,0.6468968968968978
What Makes You Beautiful                                                                                                                                                          - One Direction                                   ,0.8128128128128128,0.5745745745745746,0.3918918918918919,0.9819096732631939,1.0,0.6338530793395974,0.3062496671392233,0.0,0.06672700459878252,0.5385385385385385,0.9319319319319319,0.5859731824848077
Sexy And I Know It                                                                                                                                                                - LMFAO                                           ,0.7842842842842843,0.6891891891891893,0.6341341341341341,0.8698698698698699,1.0,0.9807562260579078,0.5057205901280091,0.0,0.6851851851851851,0.5385385385385385,0.8568568568568569,0.7129905993163085
"Give Me Everything (feat. Ne-Yo, Afrojack & Nayer)                                                                                                                              - Pitbull                                         ",0.7237237237237237,0.8448448448448448,0.7217217217217218,0.9517872071200748,1.0,0.8883883883883883,0.5904684975767366,0.0,0.8208208208208209,0.5385385385385385,0.6160807109360165,0.6929949359297185
Wiggle (feat. Snoop Dogg)                                                                                                                                                         - Jason Derulo                                    ,0.7657657657657657,0.36286286286286284,0.8058058058058057,0.5478931402885776,0.0,0.955955955955956,0.48147345612134346,0.0,0.6226226226226226,0.5385385385385385,0.7877877877877878,0.09496417311696383
My House                                                                                                                                                                          - Flo Rida                                        ,0.7492492492492493,0.45795795795795796,0.6341341341341341,0.8088088088088088,0.0,0.4369369369369369,0.36108496556257746,0.0,0.5115115115115114,0.5385385385385385,0.8063063063063063,0.20483452251494835
Viva La Vida                                                                                                                                                                      - Coldplay                                        ,0.43043043043043044,0.35935935935935936,0.4664664664664665,0.520859939580555,0.0,0.037037037037037035,0.49984548825710756,0.285229640332921,0.3868868868868869,0.5385385385385385,0.49988245352893074,0.7816184235000625
Raise Your Glass                                                                                                                                                                  - P!nk                                            ,0.7707707707707707,0.46646646646646645,0.6341341341341341,0.7887887887887888,1.0,0.7027027027027027,0.28881980572121413,0.0,0.002734109197987526,0.5385385385385385,0.6976976976976977,0.5445067904380744
Fuck You                                                                                                                                                                          - CeeLo Green                                     ,0.7587587587587588,0.7232232232232232,0.0,0.894287066059495,1.0,0.5205205205205206,0.5915915915915916,0.0,0.49199199199199195,0.5385385385385385,0.8188188188188188,0.6348956550114154
Scared to Be Lonely                                                                                                                                                               - Martin Garrix                                   ,0.5735735735735736,0.29429429429429427,0.16616616616616617,0.4571543352992278,0.0,0.5185185185185185,0.4924924924924925,0.0,0.7772772772772774,0.5385385385385385,0.24824824824824826,0.7803058384729002
Fight Song                                                                                                                                                                        - Rachel Platten                                  ,0.5425425425425425,0.4728033472803356,0.6341341341341341,0.7832349468713106,1.0,0.8313313313313313,0.44544544544544545,0.0,0.6026026026026026,0.5385385385385385,0.4064064064064064,0.9619619619619619
Pony                                                                                                                                                                              - Ginuwine                                        ,0.8478478478478478,0.34934934934934936,0.7217217217217218,0.3486828427316426,0.0,0.6976976976976977,0.2399218196065832,0.6036036036036035,0.43843843843843844,0.5385385385385385,0.991991991991992,0.8158662082954754
24K Magic                                                                                                                                                                         - Bruno Mars                                      ,0.9369369369369369,0.597097097097097,0.16616616616616617,0.8638164798066649,1.0,0.6666666666666666,0.4029666254635353,0.0,0.5965965965965966,0.5385385385385385,0.7117117117117117,0.37334867409623024
Weak                                                                                                                                                                              - AJR                                             ,0.7312312312312312,0.3743743743743744,0.4664664664664665,0.8381564722617354,1.0,0.34434434434434436,0.5280074237864755,0.0,0.5595595595595595,0.5385385385385385,0.7717717717717718,0.5712504453152831
All Night                                                                                                                                                                         - The Vamps                                       ,0.5410410410410411,0.5580580580580581,0.7217217217217218,0.6011654566297288,1.0,0.2017017017017017,0.250500342746613,0.0,0.8578578578578578,0.5385385385385385,0.5405405405405406,0.834507813176367
Just Hold On                                                                                                                                                                      - Steve Aoki                                      ,0.6811811811811812,0.8278278278278278,1.0,0.9329329329329329,1.0,0.6806806806806807,0.2682682682682683,0.2600944527963798,0.05573505654281095,0.5385385385385385,0.4544544544544544,0.4580833083984345
Starving                                                                                                                                                                          - Hailee Steinfeld                                ,0.6616616616616616,0.3758758758758759,0.3918918918918919,0.869120693963367,1.0,0.8253253253253253,0.6866501854140916,0.0,0.3278278278278278,0.5385385385385385,0.5965965965965966,0.2889686456235388
Touch                                                                                                                                                                             - Little Mix                                      ,0.6066066066066066,0.4774774774774775,0.3918918918918919,0.8830722200993504,1.0,0.7472472472472473,0.39777489834114976,0.0,0.9289289289289289,0.5385385385385385,0.6326326326326326,0.3134757433570303
Shout Out to My Ex                                                                                                                                                                - Little Mix                                      ,0.8828828828828829,0.5015015015015015,0.0,0.8921001429990936,1.0,0.7352785085248382,0.39539539539539537,0.30939775406677883,0.4629629629629629,0.5385385385385385,0.8848848848848849,0.6103246103246092
Say My Name                                                                                                                                                                       - Destiny's Child                                 ,0.474974974974975,0.42492492492492495,0.4664664664664665,0.9289289289289289,0.0,0.8863863863863863,0.6462035541195479,0.0,0.5365365365365365,0.5385385385385385,0.8118118118118118,0.013013013013013013
Get Lucky (feat. Pharrell Williams & Nile Rodgers) - Radio Edit                                                                                                                   - Daft Punk                                       ,0.9104104104104105,0.6091091091091092,0.5445445445445445,0.3676359600543486,0.0,0.23023023023023023,0.4214214214214214,0.25151769870178387,0.31931931931931934,0.5385385385385385,0.9129129129129129,0.46863650328996864
2002 - Jay Pryor Remix                                                                                                                                                            - Anne-Marie                                      ,0.8628628628628628,0.7032032032032032,0.3918918918918919,0.8654073199527745,1.0,0.4209209209209209,0.537037037037037,0.34649524752994015,0.7367367367367368,0.5385385385385385,0.7717717717717718,0.486036788040127
The Way I Are (Dance with Somebody) - DallasK Remix                                                                                                                               - Bebe Rexha                                      ,0.7442442442442443,0.7077077077077077,0.27127127127127126,0.8607944424652655,1.0,0.6056056056056056,0.42167426592205354,0.3844333753460068,0.3033033033033033,0.5385385385385385,0.5925925925925926,0.47491400243443854
It Wasn't Me                                                                                                                                                                      - Shaggy                                          ,0.9644644644644644,0.35035035035035034,0.0,0.8328328328328328,1.0,0.6196196196196196,0.4489254777439215,0.0,0.8413413413413413,0.5385385385385385,0.7287287287287287,0.2146635833335316
Havana (feat. Young Thug)                                                                                                                                                         - Camila Cabello                                  ,0.8708708708708709,0.27977977977977975,0.27127127127127126,0.8595859993787643,1.0,0.05855855855855856,0.5835835835835835,0.3683683683683684,0.529029029029029,0.5385385385385385,0.4774774774774775,0.35235235235235235
Wannabe                                                                                                                                                                           - Spice Girls                                     ,0.8753753753753755,0.6951951951951951,1.0,0.6363029696363032,1.0,0.10760760760760761,0.5065065065065065,0.0,0.6226226226226226,0.5385385385385385,0.933933933933934,0.4044554848966608
Mi Gente (feat. Beyoncé)                                                                                                                                                          - J Balvin                                        ,0.7802802802802802,0.4728033472803356,1.0,0.6056674692282014,0.0,0.6632822413491558,0.3705645944451914,0.0,0.7702702702702702,0.5385385385385385,0.5175175175175175,0.3531185624854814
Lost In Japan - Remix                                                                                                                                                             - Shawn Mendes                                    ,0.7822822822822824,0.6796796796796797,0.8883883883883883,0.7367367367367368,1.0,0.93993993993994,0.49468713105076745,0.0,0.8818818818818819,0.5385385385385385,0.36036036036036034,0.3764708010994907
Hollaback Girl                                                                                                                                                                    - Gwen Stefani                                    ,0.9936327882585081,0.7932932932932932,0.8883883883883883,0.9870655524092116,0.0,0.7277277277277278,0.6794980150162453,0.3107482101913808,0.0009948979591836735,0.5385385385385385,0.9414414414414414,0.40433791574785927
I Gotta Feeling                                                                                                                                                                   - Black Eyed Peas                                 ,0.8363363363363363,0.5430430430430431,0.0,0.6071708136964502,1.0,0.013013013013013013,0.49091926610368986,0.0,0.9561913276709878,0.5385385385385385,0.6886886886886887,0.6456456456456456
Moves Like Jagger - Radio Edit                                                                                                                                                    - Maroon 5                                        ,0.8013013013013013,0.4974974974974975,1.0,0.7149962066218224,0.0,0.45145145145145144,0.3063642929061302,0.0,0.8083083083083082,0.5385385385385385,0.7217217217217217,0.6743401146211433
Sola                                                                                                                                                                              - Luis Fonsi                                      ,0.8268268268268268,0.28196434139057086,0.5445445445445445,0.5720751686938738,0.0,0.955955955955956,0.7335151612385689,0.0,0.07152091362617678,0.05005005005005005,0.5635635635635635,0.6490256018341604
I Kissed A Girl                                                                                                                                                                   - Katy Perry                                      ,0.7687687687687688,0.5325325325325325,0.4664664664664665,0.9543243052858438,1.0,0.5955955955955956,0.24624624624624625,0.0,0.529029029029029,0.5385385385385385,0.7657657657657657,0.7087087087087087
Bumpy Ride                                                                                                                                                                        - Mohombi                                         ,0.7872872872872874,0.6776776776776776,0.0,0.8479649691478682,0.0,0.2677677677677678,0.4309608431961373,0.0,0.12312312312312312,0.5385385385385385,0.8865608774484914,0.355654383863386
Black Magic                                                                                                                                                                       - Little Mix                                      ,0.8853853853853855,0.7342342342342343,0.3918918918918919,0.7777777777777778,1.0,0.5465465465465466,0.3998998998998999,0.0,0.8393393393393394,0.5385385385385385,0.8823823823823824,0.42595014144093873
Whenever (feat. Conor Maynard)                                                                                                                                                    - Kris Kross Amsterdam                            ,0.8228228228228228,0.5415415415415415,0.6341341341341341,0.7107107107107107,1.0,0.554760840411265,0.5575575575575575,0.0,0.743069434910298,0.5385385385385385,0.6046046046046046,0.40296824136303566
Meant to Be (feat. Florida Georgia Line)                                                                                                                                          - Bebe Rexha                                      ,0.6741741741741742,0.5685685685685686,0.8883883883883883,0.5987081398915024,1.0,0.6946946946946947,0.4309608431961373,0.0,0.17984651317984654,0.5385385385385385,0.6576576576576576,0.8808938793191524
Policeman - Radio Edit                                                                                                                                                            - Eva Simons                                      ,0.6601601601601601,0.8938938938938938,0.3918918918918919,0.9950043023422149,0.0,0.8453453453453453,0.4194194194194194,0.25808673942339067,0.8258258258258259,0.5385385385385385,0.9062344119506192,0.34719394798453396
Nightmare                                                                                                                                                                         - Halsey                                          ,0.6131131131131131,0.36336336336336333,0.8058058058058057,0.77074104769401,0.0,0.6316316316316316,0.35110620824906535,0.0,0.8978978978978979,0.5385385385385385,0.6216216216216216,0.842254233665406
I Don't Care (with Justin Bieber)                                                                                                                                                 - Ed Sheeran                                      ,0.9164164164164164,0.4224224224224224,0.5445445445445445,0.7759486252596777,1.0,0.34984984984984985,0.49476584022038567,0.0,0.22522522522522523,0.5385385385385385,0.8988988988988988,0.31497582169883354
Sex                                                                                                                                                                               - Cheat Codes                                     ,0.602102102102102,0.44244244244244246,0.0,0.6793850854831852,1.0,0.8848848848848849,0.2784130284130284,0.0,0.496996996996997,0.5385385385385385,0.23623623623623624,0.35442068500704615
All Time Low                                                                                                                                                                      - Jon Bellion                                     ,0.6231231231231231,0.3173173173173173,0.0,0.8743814862820192,1.0,0.6836836836836837,0.45345345345345345,0.0,0.25725725725725723,0.5385385385385385,0.5885885885885885,0.15871605293428218
Take This Ride                                                                                                                                                                    - Vigiland                                        ,0.6081081081081081,0.29156765461113293,0.7217217217217218,0.7396202015620654,0.0,0.39539539539539537,0.2936235128792503,0.36936936936936937,0.9459459459459459,0.5385385385385385,0.2122122122122122,0.4279198613341477
Too Close (with Wrabel)                                                                                                                                                           - Louis The Child                                 ,0.503003003003003,0.5795795795795796,0.3918918918918919,0.8748748748748749,1.0,0.9450183021611596,0.4438647077669459,0.0,0.3963963963963964,0.5385385385385385,0.3868868868868869,0.36149129483183073
I’m Ready (with Demi Lovato)                                                                                                                                                      - Sam Smith                                       ,0.44994994994994997,0.4214214214214214,0.4664664664664665,0.6096682756257225,1.0,0.2857857857857858,0.26326326326326327,0.3683683683683684,0.7987987987987988,0.5385385385385385,0.1891891891891892,0.8849265984793453
Level of Concern                                                                                                                                                                  - Twenty One Pilots                               ,0.8558558558558559,0.33183183183183185,0.3918918918918919,0.4994469026548673,0.0,0.33183183183183185,0.6688206785137318,0.41534828807556085,0.5690690690690691,0.5385385385385385,0.8328328328328328,0.5431506917418126
All Shook Up                                                                                                                                                                      - Elvis Presley                                   ,0.637137137137137,0.24174174174174176,0.8883883883883883,0.21947947370086204,1.0,0.8393393393393394,0.8658658658658659,0.31178495103550685,0.5690690690690691,0.5385385385385385,0.9741546304302658,0.03715126759566647
I've Got You Under My Skin - Remastered 1998                                                                                                                                      - Frank Sinatra                                   ,0.5755755755755756,0.14114114114114115,0.16616616616616617,0.20528338922057743,1.0,0.26976976976976974,0.7167167167167167,0.3243432397754106,0.36936936936936937,0.5385385385385385,0.6711711711711712,0.6320614907451031
Smoke Gets In Your Eyes                                                                                                                                                           - The Platters                                    ,0.2272272272272272,0.13276709879302637,0.3383383383383384,0.19002924573216334,1.0,0.08008008008008008,0.9053265316301239,0.3979669096824697,0.9703438949356935,0.5385385385385385,0.28428428428428426,0.4508930001310184
"What'd I Say, Pt. 1 & 2                                                                                                                                                         - Ray Charles                                     ",0.5015015015015015,0.4314314314314314,0.3918918918918919,0.7281282083044197,1.0,0.44844844844844844,0.8318318318318318,0.0,0.6226226226226226,0.5385385385385385,0.8558558558558559,0.1416349965750911
Dream A Little Dream Of Me                                                                                                                                                        - Ella Fitzgerald                                 ,0.3966037466037465,0.10510510510510511,0.0,0.1731220256933038,1.0,0.6346346346346347,0.8848848848848849,0.0,0.6451451451451451,0.5385385385385385,0.48848848848848847,0.047309836273763575
That'll Be The Day                                                                                                                                                                - Buddy Holly                                     ,0.4964964964964965,0.37987987987987987,0.27127127127127126,0.4583583583583583,1.0,0.14764764764764765,0.7209931242718126,0.0,0.18336316612178682,0.5385385385385385,0.8588588588588588,0.4614551441359033
Blueberry Hill                                                                                                                                                                    - Fats Domino                                     ,0.4344344344344344,0.2637268701246448,1.0,0.3272925385074918,1.0,0.018018018018018018,0.8086762402871824,0.43046253729420797,0.6061061061061062,0.05005005005005005,0.8888888888888888,0.7438484458054013
Mack the Knife                                                                                                                                                                    - Bobby Darin                                     ,0.5185185185185185,0.28428428428428426,0.3383383383383384,0.2151024782042686,0.0,0.7812812812812813,0.8158158158158159,0.0,0.7107107107107107,0.5385385385385385,0.5450055887420899,0.10315496474057957
All I Have to Do Is Dream                                                                                                                                                         - The Everly Brothers                             ,0.5060060060060061,0.1841841841841842,0.3918918918918919,0.16365805786006063,1.0,0.015015015015015015,0.8218218218218218,0.0,0.5690690690690691,0.5385385385385385,0.6756756756756757,0.33698921013980077
Sea Of Love                                                                                                                                                                       - Phil Phillips                                   ,0.22622622622622623,0.18641037103263297,0.6341341341341341,0.2148631760962346,1.0,0.044044044044044044,0.8542691104157353,0.25737575470956203,0.6431431431431431,0.5385385385385385,0.38365445737708503,0.12342381989359782
True Love Ways                                                                                                                                                                    - Buddy Holly                                     ,0.11961961961961962,0.08258258258258258,0.8883883883883883,0.07884078045811849,1.0,0.15565565565565564,0.8283415288332588,0.6396396396396397,0.8448448448448449,0.5385385385385385,0.33983983983983984,0.10291074388806684
That's Amore                                                                                                                                                                      - Dean Martin                                     ,0.3483483483483483,0.1066066066066066,0.8883883883883883,0.17912822100450965,1.0,0.14164164164164164,0.8158158158158159,0.0,0.12812812812812813,0.5385385385385385,0.6556556556556556,0.5715176344852154
Johnny B. Goode                                                                                                                                                                   - Chuck Berry                                     ,0.46796796796796797,0.5890890890890891,0.8883883883883883,0.36206439954034847,1.0,0.6851851851851852,0.8082420240474951,0.4114114114114114,0.8303303303303303,0.5385385385385385,0.994994994994995,0.9240814478120912
Jambalaya (On The Bayou)                                                                                                                                                          - Fats Domino                                     ,0.6036036036036035,0.6646646646646647,0.5445445445445445,0.38648795047332524,0.0,0.5355355355355356,0.8370863348318258,0.4342175421631773,0.7702702702702702,0.5385385385385385,0.9904904904904905,0.04291893249091175
I Can't Stop Loving You                                                                                                                                                           - Ray Charles                                     ,0.2527527527527528,0.1567043618739903,0.4664664664664665,0.17507712544477255,1.0,0.07407407407407407,0.8354020498093102,0.0,0.8468468468468469,0.05005005005005005,0.4574574574574575,0.07197959072852547
Wake up Little Susie                                                                                                                                                              - The Everly Brothers                             ,0.7872872872872874,0.36236236236236236,0.27127127127127126,0.346543176442976,1.0,0.13863863863863862,0.6676676676676676,0.0,0.018018018018018018,0.5385385385385385,0.9645793485793489,0.1969359716991824
Beyond the Sea                                                                                                                                                                    - Bobby Darin                                     ,0.47347347347347346,0.27427427427427425,0.27127127127127126,0.4872820401046206,0.0,0.2082082082082082,0.8032900135214386,0.0,0.7737737737737738,0.5385385385385385,0.6491491491491492,0.7707181932713096
Rave On                                                                                                                                                                           - Buddy Holly                                     ,0.5460460460460461,0.4694694694694695,0.0,0.5888108067334138,1.0,0.12762762762762764,0.7657546913846853,0.31384172452225384,0.933933933933934,0.5385385385385385,0.980980980980981,0.8985541351279247
"Good Golly, Miss Molly                                                                                                                                                          - Little Richard                                  ",0.5505505505505506,0.6931931931931932,0.6341341341341341,0.27021580525290334,1.0,0.46850328589459017,0.7557557557557557,0.5264734225214781,0.8413413413413413,0.5385385385385385,0.944944944944945,0.9124113467261955
Unforgettable                                                                                                                                                                     - Nat King Cole                                   ,0.2962962962962963,0.11211211211211211,0.4664664664664665,0.17617617617617617,1.0,0.07857857857857858,0.8858858858858859,0.5734959336067371,0.5665665665665666,0.05005005005005005,0.2247247247247247,0.7680347188943034
Broken Hearted Melody                                                                                                                                                             - Sarah Vaughan                                   ,0.3893893893893894,0.2641904769860264,0.6341341341341341,0.2509036362451132,1.0,0.17717717717717718,0.8098098098098098,0.0,0.6851851851851851,0.5385385385385385,0.8318318318318318,0.7360778749366396
Ain't That A Shame                                                                                                                                                                - Fats Domino                                     ,0.43043043043043044,0.26472149147516194,0.3918918918918919,0.3925485609518276,1.0,0.11161161161161161,0.8172239829405953,0.39501381310081385,0.1001615508885298,0.5385385385385385,0.969155118462226,0.5563641011898711
Dream Lover                                                                                                                                                                       - Bobby Darin                                     ,0.482982982982983,0.5565565565565566,0.4664664664664665,0.9933644529681116,1.0,0.37987987987987987,0.8003003003003002,0.0,0.9388133498145858,0.5385385385385385,0.7807807807807807,0.727207932700941
Summertime Blues                                                                                                                                                                  - Eddie Cochran                                   ,0.7983210840353696,0.7307307307307307,0.8058058058058057,0.3856591136591137,0.0,0.5452670878971455,0.5305305305305306,0.6607349167349164,0.6536536536536537,0.5385385385385385,0.969155118462226,0.8898108604500929
Great Balls Of Fire                                                                                                                                                               - Jerry Lee Lewis                                 ,0.4109109109109109,0.2832832832832833,0.6341341341341341,0.16635762156863143,0.0,0.5995995995995996,0.7457457457457457,0.0,0.07235157235157234,0.5385385385385385,0.9093446187849807,0.8980776521677742
(‘Til) I Kissed You                                                                                                                                                               - The Everly Brothers                             ,0.5665665665665666,0.18775145283862318,0.8883883883883883,0.19523399253128979,0.0,0.24524524524524524,0.6751751751751751,0.0,0.8703703703703705,0.5385385385385385,0.7687687687687688,0.8077994164230449
Peggy Sue                                                                                                                                                                         - Buddy Holly                                     ,0.7332332332332332,0.21688355021688355,0.8058058058058057,0.42342342342342343,1.0,0.11561561561561562,0.9079079079079079,0.4561727626243755,0.4629629629629629,0.5385385385385385,0.5745745745745746,0.8547685834415033
Don't Be Cruel                                                                                                                                                                    - Elvis Presley                                   ,0.7657657657657657,0.3023023023023023,0.27127127127127126,0.24156033683316355,1.0,0.9069069069069069,0.8511399195350915,0.3672418303238181,0.23523523523523523,0.5385385385385385,0.9009009009009009,0.11922442584435144
Banana Boat (Day-O)                                                                                                                                                               - Harry Belafonte                                 ,0.914914914914915,0.07307307307307308,0.16616616616616617,0.11484499624522762,1.0,0.7425376032618372,0.8684710041766738,0.4079079079079079,0.37887887887887883,0.5385385385385385,0.5024130785297605,0.5510659118570469
Smile                                                                                                                                                                             - Nat King Cole                                   ,0.12712712712712712,0.09009009009009009,0.4664664664664665,0.08321320157817641,0.0,0.11311311311311312,0.8542691104157353,0.32065867709432067,0.8268268268268268,1.0,0.32232232232232233,0.07177040839900907
Twilight Time                                                                                                                                                                     - The Platters                                    ,0.34934934934934936,0.1921921921921922,0.8058058058058057,0.28802392826021683,1.0,0.05055055055055055,0.8578578578578578,0.0,0.7837837837837838,0.5385385385385385,0.3613613613613614,0.0581231226862719
Tennessee Waltz                                                                                                                                                                   - Patti Page                                      ,0.4109109109109109,0.10710710710710711,0.4664664664664665,0.26716129386985643,1.0,0.06306306306306306,0.9154406772703302,0.3706111595306705,0.5630630630630631,0.05005005005005005,0.43843843843843844,0.12872133038275527
I Get A Kick Out Of You                                                                                                                                                           - Frank Sinatra                                   ,0.33787468285050243,0.1961961961961962,0.4664664664664665,0.2639669439398804,0.0,0.2327327327327327,0.7467467467467468,0.0,0.9638136511375949,0.5385385385385385,0.8378378378378378,0.9705572510472209
Stagger Lee                                                                                                                                                                       - Lloyd Price                                     ,0.38038038038038036,0.38038038038038036,0.3383383383383384,0.5504462496930216,1.0,0.07207207207207207,0.7970174622535138,0.0,0.6516516516516516,0.5385385385385385,0.8433433433433433,0.018941784196927765
Bye Bye Love                                                                                                                                                                      - The Everly Brothers                             ,0.532032032032032,0.30680680680680683,0.8058058058058057,0.4094159200551344,1.0,0.5065065065065065,0.7881214547881215,0.0,0.2062062062062062,0.5385385385385385,0.9419419419419419,0.9265432628385767
Everyday                                                                                                                                                                          - Buddy Holly                                     ,0.8428428428428428,0.12988823366181856,0.3383383383383384,0.20659906787032237,1.0,0.2127127127127127,0.757119188153671,0.35824717421283947,0.36936936936936937,0.5385385385385385,0.5810810810810811,0.7614815562375135
The Great Pretender                                                                                                                                                               - The Platters                                    ,0.36686686686686687,0.20786767992847563,0.6341341341341341,0.3438028231452312,1.0,0.0895895895895896,0.9039039039039038,0.28736812311056725,0.1206206206206206,0.05005005005005005,0.6166166166166166,0.4652496027859991
"Love Me Tender - From the 20th Century-Fox CinemaScope Production, ""Love Me Tender""                                                                                           - Elvis Presley                                   ",0.33891213389121405,0.03000711375541615,0.8058058058058057,0.09077997949551156,1.0,0.30230230230230226,0.8773773773773774,0.3774533121356651,0.4074074074074074,0.05005005005005005,0.3708708708708709,0.32944552591803633
"Goodnite, It's Time to Go (Goodnight Sweetheart, Goodnight)                                                                                                                     - The Spaniels                                    ",0.32232232232232233,0.17121431776604193,0.8058058058058057,0.31617077017670486,0.0,0.3153153153153153,0.7782983153511259,0.4231177360088499,0.9356795365730586,0.5385385385385385,0.43993993993993996,0.050059900391865475
Living Doll - 2003 Remaster                                                                                                                                                       - Cliff Richard & The Drifters                    ,0.5530530530530531,0.23823823823823823,0.8058058058058057,0.4575575575575576,1.0,0.45809440013261676,0.7388301344823084,0.0,0.2762614685691609,0.5385385385385385,0.8278278278278278,0.005204656691861896
Volare (Nel Blu Di Pinto Di Blu) - Remastered 1998                                                                                                                                - Dean Martin                                     ,0.6151151151151151,0.0940940940940941,0.5445445445445445,0.21821330540815528,0.0,0.16716716716716717,0.8653653653653655,0.0,0.7062062062062062,0.5385385385385385,0.4209209209209209,0.687681073816939
He'll Have to Go                                                                                                                                                                  - Jim Reeves                                      ,0.5255255255255256,0.11411411411411411,0.16616616616616617,0.12808389206257767,1.0,0.2277277277277277,0.8783783783783783,0.4907849545658733,0.3963963963963964,0.05005005005005005,0.25425425425425424,0.0879691402588045
I Walk the Line                                                                                                                                                                   - Johnny Cash                                     ,0.7932932932932932,0.14514514514514515,0.8058058058058057,0.14984267859126932,1.0,0.23873873873873874,0.8632692017494944,0.5405405405405406,0.28428428428428426,0.5385385385385385,0.6411411411411412,0.28045985896639397
Blue Suede Shoes                                                                                                                                                                  - Elvis Presley                                   ,0.53003003003003,0.4069069069069069,0.27127127127127126,0.4646860652216599,1.0,0.502002002002002,0.7778724209729315,0.26359693026359693,0.5505505505505506,0.5385385385385385,0.9834834834834835,0.2326849866032884
Poor Little Fool - Remastered                                                                                                                                                     - Ricky Nelson                                    ,0.4159159159159159,0.18066438531554807,0.0,0.24002913869176956,1.0,0.057057057057057055,0.7767767767767768,0.0,0.521021021021021,0.5385385385385385,0.8698698698698699,0.8826404961391751
It Doesn't Matter Anymore                                                                                                                                                         - Buddy Holly                                     ,0.7122122122122122,0.11001236093943138,0.6341341341341341,0.1173783684903782,1.0,0.20370370370370372,0.8308308308308309,0.0,0.6821821821821822,0.5385385385385385,0.9099099099099099,0.4606471603829278
Personality                                                                                                                                                                       - Lloyd Price                                     ,0.5830830830830831,0.2328066147710031,0.4664664664664665,0.3702763165850413,1.0,0.1016016016016016,0.8098098098098098,0.0,0.3023023023023023,0.5385385385385385,0.9154406772703302,0.6896763139621884
It's Only Make Believe - Single Version                                                                                                                                           - Conway Twitty                                   ,0.5060060060060061,0.2867867867867868,1.0,0.5695146426224094,1.0,0.23873873873873874,0.8694680375502905,0.4819362455726093,0.507007007007007,0.5385385385385385,0.4224224224224224,0.6126126126126126
Baby (You've Got What It Takes)                                                                                                                                                   - Dinah Washington                                ,0.7537537537537538,0.2690068207054914,0.7217217217217218,0.3163344430038259,1.0,0.39539539539539537,0.8498498498498498,0.4208705150648278,0.9536214021508139,0.5385385385385385,0.8798798798798799,0.7390848227080311
Summertime                                                                                                                                                                        - Louis Armstrong                                 ,0.09109109109109109,0.07574240907574241,0.5445445445445445,0.11868439955464274,0.0,0.18018018018018017,0.8768768768768769,0.4157656044180867,0.2772772772772773,1.0,0.2042042042042042,0.9379246216344366
Tutti Frutti                                                                                                                                                                      - Little Richard                                  ,0.5275275275275275,0.4044044044044044,0.4664664664664665,0.9062395729062396,1.0,0.48348348348348347,0.8251275018034795,0.0,0.45545545545545546,0.5385385385385385,0.9652665589660748,0.9860391842686534
Roll Over Beethoven                                                                                                                                                               - Chuck Berry                                     ,0.7932932932932932,0.5825825825825826,0.3383383383383384,0.30340512806576153,1.0,0.9369369369369369,0.8328328328328328,0.0,0.6961961961961962,0.5385385385385385,0.8648648648648649,0.18117815664589051
Come Softly To Me                                                                                                                                                                 - The Fleetwoods                                  ,0.5975975975975976,0.06776094329540741,0.16616616616616617,0.09269447455985559,1.0,0.2182182182182182,0.8936510430066155,0.4364032814403822,0.44494494494494496,0.5385385385385385,0.7447447447447447,0.5573819284450778
Maybe Baby                                                                                                                                                                        - The Crickets                                    ,0.5995995995995996,0.34284284284284283,0.8058058058058057,0.4623658511057976,1.0,0.06306306306306306,0.7997997997997998,0.0,0.20020020020020018,0.5385385385385385,0.9160036749077841,0.7746533401269325
You Send Me                                                                                                                                                                       - Sam Cooke                                       ,0.4984984984984985,0.13232007152436298,0.3918918918918919,0.16816480434227873,0.0,0.03803803803803804,0.9059059059059059,0.0,0.496996996996997,0.5385385385385385,0.6356356356356356,0.2581049951499537
Blue Skies                                                                                                                                                                        - Ella Fitzgerald                                 ,0.40540540540540543,0.2035541195476575,0.0,0.7646505312715045,1.0,0.4169169169169169,0.871522099224093,0.0,0.036209208761734474,0.5385385385385385,0.7247247247247247,0.8965538821281668
Maybellene                                                                                                                                                                        - Chuck Berry                                     ,0.8668668668668669,0.6076076076076076,0.0,0.2906730697393796,1.0,0.6776776776776777,0.8331664998331665,0.0,0.5540540540540541,0.5385385385385385,0.8014146743428512,0.4814781791733332
Heartbreak Hotel                                                                                                                                                                  - Elvis Presley                                   ,0.7637637637637638,0.12684971512757331,0.3918918918918919,0.22720002226022054,1.0,0.5905905905905906,0.8458458458458459,0.2621837704863535,0.36936936936936937,0.5385385385385385,0.7832832832832832,0.1949081042337242
Not Fade Away                                                                                                                                                                     - Buddy Holly & The Crickets                      ,0.9176410298785385,0.24724724724724725,0.8058058058058057,0.18714459956315074,1.0,0.2952952952952953,0.8441775108441775,0.0,0.7917917917917918,0.5385385385385385,0.9516110169575517,0.23988275705787082
Lucille                                                                                                                                                                           - Little Richard                                  ,0.7422422422422423,0.6546546546546547,0.5445445445445445,0.3563563563563564,1.0,0.3913913913913914,0.6746746746746747,0.4595595595595595,0.6386386386386387,0.5385385385385385,0.974974974974975,0.8367707348330767
(We're Gonna) Rock Around The Clock                                                                                                                                               - Bill Haley & His Comets                         ,0.9309309309309309,0.6861861861861862,0.8058058058058057,0.6163402163699871,1.0,0.8968968968968969,0.599463567277604,0.2913210867117117,0.14014014014014015,0.5385385385385385,0.8451882845188295,0.16185631395397718
Reet Petite                                                                                                                                                                       - Jackie Wilson                                   ,0.7092092092092093,0.4069069069069069,0.4664664664664665,0.5901771966261424,1.0,0.8338338338338338,0.7155911467022585,0.0,0.8208208208208209,0.5385385385385385,0.9209209209209209,0.1149193221682596
Buona Sera - Remastered                                                                                                                                                           - Louis Prima                                     ,0.5146443514644369,0.16410856614118258,0.3383383383383384,0.16457318260864695,1.0,0.7782782782782782,0.8194508017272886,0.0,0.0890890890890891,0.5385385385385385,0.8718718718718719,0.26801130944104146
Cheek To Cheek                                                                                                                                                                    - Ella Fitzgerald                                 ,0.6831831831831832,0.1657553956834532,0.0,0.17969142162690552,1.0,0.7080911935628073,0.7586120935117091,0.0,0.7677677677677678,0.5385385385385385,0.7350565428109856,0.5443345696510257
Move It - 2002 Remaster                                                                                                                                                           - Cliff Richard & The Drifters                    ,0.6391391391391392,0.6736736736736737,0.3918918918918919,0.8035528491353424,1.0,0.14164164164164164,0.7902803262680752,0.4551978049262299,0.8132377769474545,0.5385385385385385,0.9604604604604605,0.09797146550045746
Magic Moments                                                                                                                                                                     - Perry Como                                      ,0.7942942942942943,0.14343670056360788,0.0,0.13942221679865024,0.0,0.3338338338338338,0.8878878878878879,0.30191660116077823,0.6451451451451451,0.5385385385385385,0.7647647647647647,0.34419201560085944
Whole Lot of Shakin' Going On                                                                                                                                                     - Jerry Lee Lewis                                 ,0.32432432432432434,0.3683683683683684,0.0,0.3287104241388529,1.0,0.11761761761761762,0.8428428428428428,0.38911495265314544,0.6791791791791792,0.5385385385385385,0.7507507507507507,0.9072771363611757
You Make Me Feel So Young - Remastered 1998                                                                                                                                       - Frank Sinatra                                   ,0.5625625625625625,0.1657553956834532,0.8058058058058057,0.2388401641803629,1.0,0.3228228228228228,0.6910243576910243,0.0,0.6626626626626626,0.5385385385385385,0.6486486486486487,0.5962852005023561
Rock And Roll Music                                                                                                                                                               - Chuck Berry                                     ,0.478978978978979,0.572072072072072,0.7217217217217218,0.6406406406406406,1.0,0.39289289289289286,0.7131872477052216,0.48642219764960015,0.05105105105105105,0.5385385385385385,0.9469469469469469,0.9176357698893249
Oh Boy! - Overdubbed Version                                                                                                                                                      - Buddy Holly                                     ,0.5085085085085085,0.3613613613613614,0.8058058058058057,0.4822563300420374,1.0,0.22322322322322322,0.8194508017272886,0.0,0.3868868868868869,0.5385385385385385,0.9029029029029029,0.25609569257781584
"Shake, Rattle And Roll - Single Version                                                                                                                                         - Bill Haley & His Comets                         ",0.7237237237237237,0.4289289289289289,0.4664664664664665,0.253291172392296,1.0,0.8603603603603603,0.5640819668813448,0.0,0.6116116116116116,0.5385385385385385,0.8823823823823824,0.9193480524671553
Be-Bop-A-Lula                                                                                                                                                                     - Gene Vincent & His Blue Caps                    ,0.6066066066066066,0.3123123123123123,0.8058058058058057,0.30463931267951366,1.0,0.31931931931931934,0.70702527950059,0.0,0.8208208208208209,0.05005005005005005,0.8975234633129368,0.6366087343039554
Just A Gigolo - Remastered                                                                                                                                                        - Louis Prima                                     ,0.4811715481171552,0.20876198201779597,0.7217217217217218,0.22548454366636184,1.0,0.732982982982983,0.7617417941158948,0.0,0.05105105105105105,0.5385385385385385,0.7844239886493407,0.5966018860540214
Walkin' After Midnight                                                                                                                                                            - Patsy Cline                                     ,0.5390390390390389,0.11861861861861861,0.0,0.13612237790710768,1.0,0.35985985985985985,0.8258258258258259,0.0,0.8523523523523524,0.05005005005005005,0.8358358358358359,0.7646868483182458
Autumn in New York - 2003 Remastered Version                                                                                                                                      - Billie Holiday                                  ,0.5105105105105106,0.08775442108775441,0.6341341341341341,0.23240599810755716,0.0,0.40954084519301914,0.9219219219219219,0.4003754131259339,0.31931931931931934,0.5385385385385385,0.35235235235235235,0.0240519659879152
I'm Walkin'                                                                                                                                                                       - Fats Domino                                     ,0.8168168168168168,0.3063063063063063,0.16616616616616617,0.1902457881084978,1.0,0.4169169169169169,0.7867867867867868,0.6664846664846668,0.6026026026026026,0.5385385385385385,0.9992492492492493,0.39239567135466524
C’Mon Everybody                                                                                                                                                                   - Eddie Cochran                                   ,0.642142142142142,0.45495495495495497,0.3383383383383384,0.3289602367793725,1.0,0.46396396396396394,0.5271966527196659,0.5625625625625625,0.6791791791791792,0.5385385385385385,0.9099099099099099,0.9595580020800054
Jambalaya (On The Bayou)                                                                                                                                                          - Hank Williams                                   ,0.482982982982983,0.16116116116116116,0.6341341341341341,0.2754548038844415,1.0,0.15565565565565564,0.7964936325020066,0.0,0.08840974126300215,0.5385385385385385,0.9294294294294294,0.9139405175256711
It's All In The Game                                                                                                                                                              - Tommy Edwards                                   ,0.5135135135135135,0.10510510510510511,0.3383383383383384,0.12430962009972683,1.0,0.07407407407407407,0.8478478478478478,0.5796673385714481,0.507007007007007,0.5385385385385385,0.7072072072072072,0.02198876995522271
Chantilly Lace                                                                                                                                                                    - The Big Bopper                                  ,0.4344344344344344,0.6026026026026026,0.3383383383383384,0.6506506506506506,1.0,0.6961176579010975,0.8465626917239822,0.36338233507471757,0.10429960752541398,0.5385385385385385,0.970051430741086,0.942974588383132
Jailhouse Rock                                                                                                                                                                    - Elvis Presley                                   ,0.6811811811811812,0.3308308308308308,0.8883883883883883,0.3354623096917934,0.0,0.6423720098265244,0.7019386106623587,0.2686974422832641,0.11745078411745075,0.5385385385385385,0.9482540219162874,0.9209189494806245
"The Theme From ""A Summer Place""                                                                                                                                               - Percy Faith                                     ",0.2538198254912136,0.2333473162741456,0.0,0.3030049763718105,1.0,0.08008008008008008,0.6426426426426426,0.9319319319319319,0.9484142147497133,0.05005005005005005,0.9019019019019019,0.9880687157281248
Rebel Rouser                                                                                                                                                                      - Duane Eddy                                      ,0.33308308308308315,0.22322322322322322,0.6341341341341341,0.2251414667109593,1.0,0.17267267267267267,0.8236127508854783,0.990990990990991,0.9865671279299058,0.5385385385385385,0.9209209209209209,0.9990548983766461
"Hallelujah, I Love Her So                                                                                                                                                       - Ray Charles                                     ",0.7637637637637638,0.29979979979979976,0.4664664664664665,0.6626258676312445,0.0,0.8978978978978979,0.8247653106839518,0.0,0.6026026026026026,0.5385385385385385,0.7022022022022022,0.03255149366199877
Rip It Up                                                                                                                                                                         - Little Richard                                  ,0.9846932038421403,0.3793793793793794,0.4664664664664665,0.6520052792817571,1.0,0.5385385385385385,0.7845328565042468,0.2862349653748026,0.0008801020408163265,0.5385385385385385,0.992992992992993,0.23879138655453966
Blue Moon                                                                                                                                                                         - Billie Holiday                                  ,0.6666666666666666,0.15115115115115116,0.7217217217217218,0.24524524524524524,1.0,0.6106106106106106,0.9464464464464464,0.6455073759499329,0.5595595595595595,0.5385385385385385,0.6226226226226226,0.5796111403047817
On The Street Where You Live                                                                                                                                                      - Vic Damone                                      ,0.22822822822822822,0.16816816816816815,0.8883883883883883,0.2971796327844027,1.0,0.1921921921921922,0.8598598598598598,0.0,0.5630630630630631,1.0,0.25575575575575576,0.45971118963023416
Money (That's What I Want)                                                                                                                                                        - Barrett Strong                                  ,0.6986986986986987,0.6566566566566566,0.4664664664664665,0.4981602989816542,1.0,0.1046046046046046,0.676343009676343,0.0,0.37887887887887883,0.5385385385385385,0.975975975975976,0.7356999458319806
Hound Dog                                                                                                                                                                         - Elvis Presley                                   ,0.44144144144144143,0.5260260260260261,0.0,0.39902685650223685,1.0,0.4369369369369369,0.8062669264105764,0.5327881609191821,0.9900913176148785,0.5385385385385385,0.9724724724724725,0.13164010936329312
Diana                                                                                                                                                                             - Paul Anka                                       ,0.5215215215215215,0.3255237581080276,0.6341341341341341,0.399282643687299,1.0,0.10960960960960961,0.8161494828161495,0.0,0.991976371784762,0.5385385385385385,0.950950950950951,0.8198439092293841
Sweet Little Sixteen                                                                                                                                                              - Chuck Berry                                     ,0.5185185185185185,0.2782782782782783,0.0,0.29686415546722184,1.0,0.34234234234234234,0.7514528386231558,0.0,0.3073073073073073,0.5385385385385385,0.9674674674674675,0.9180746626806822
La Bamba - Single Version                                                                                                                                                         - Ritchie Valens                                  ,0.46796796796796797,0.6061061061061062,0.0,0.6029338112392366,1.0,0.48848848848848847,0.8231404958677687,0.44197702082558166,0.8278278278278278,0.5385385385385385,0.9674674674674675,0.04173275919764125
Love & Marriage                                                                                                                                                                   - Frank Sinatra                                   ,0.7537537537537538,0.1395667456447273,0.8883883883883883,0.3103008194064446,1.0,0.19569569569569567,0.8853853853853855,0.0,0.7262262262262262,0.5385385385385385,0.6786786786786787,0.4154626511411096
Born Too Late                                                                                                                                                                     - The Poni-Tails                                  ,0.44994994994994997,0.16766766766766766,0.3918918918918919,0.33141187905585817,1.0,0.004347110268162899,0.7845328565042468,0.41041041041041043,0.6481481481481481,0.5385385385385385,0.8798798798798799,0.1227274249094299
Sixteen Tons                                                                                                                                                                      - Tennessee Ernie Ford                            ,0.7587587587587588,0.17461644693355938,1.0,0.14115412473440164,1.0,0.9319319319319319,0.8263263263263263,0.0,0.7622622622622623,0.5385385385385385,0.46196196196196193,0.8299215981850794
Keep A Knockin                                                                                                                                                                    - Little Richard                                  ,0.2810985460420033,0.8128128128128128,0.7217217217217218,0.3796344627889692,1.0,0.7381431461240869,0.37737737737737737,0.2832832832832833,0.10818318318318317,0.5385385385385385,0.9719719719719719,0.9330826896479554
Chances Are - Single Version                                                                                                                                                      - Johnny Mathis                                   ,0.2527527527527528,0.14380886282635444,0.8883883883883883,0.21831889217559752,1.0,0.14764764764764765,0.8728728728728729,0.28550601385007895,0.36936936936936937,0.005005005005005005,0.36336336336336333,0.05699887505650823
Stupid Cupid                                                                                                                                                                      - Connie Francis                                  ,0.6096096096096096,0.5175175175175175,0.3383383383383384,0.6356356356356356,1.0,0.1921921921921922,0.8422866693167027,0.25872151643476504,0.013164251947392668,0.5385385385385385,0.992992992992993,0.7635039467931216
I'm A Man                                                                                                                                                                         - Bo Diddley                                      ,0.46546546546546547,0.2932932932932933,0.3383383383383384,0.13229055218630048,1.0,0.2727727727727728,0.6576576576576576,0.0,0.6706706706706707,0.5385385385385385,0.9075764750354639,0.12293471989018749
Pennies From Heaven                                                                                                                                                               - Louis Prima                                     ,0.46646646646646645,0.21087754421087754,0.7217217217217218,0.22635901659449814,1.0,0.9219219219219219,0.7167167167167167,0.0,0.10192221725525255,0.5385385385385385,0.9482540219162874,0.9871390987178402
I Only Have Eyes for You                                                                                                                                                          - The Flamingos                                   ,0.5225225225225225,0.16866866866866864,0.4664664664664665,0.2116661937605623,1.0,0.05055055055055055,0.8833811186752363,0.4964964964964965,0.47047047047047047,0.05005005005005005,0.37237237237237236,0.142146147336261
Why Do Fools Fall In Love                                                                                                                                                         - Frankie Lymon & The Teenagers                   ,0.37237237237237236,0.3088283291091403,0.16616616616616617,0.5865407319952773,1.0,0.6896896896896897,0.7407130805189055,0.4570897689002439,0.24124124124124124,0.5385385385385385,0.8408408408408409,0.9450172465544688
You Belong To Me                                                                                                                                                                  - Jo Stafford                                     ,0.3183183183183183,0.09559559559559559,0.4664664664664665,0.15015015015015015,1.0,0.0895895895895896,0.9059059059059059,0.0,0.4169169169169169,0.5385385385385385,0.2122122122122122,0.017199080758657358
Lonely Teardrops                                                                                                                                                                  - Jackie Wilson                                   ,0.478978978978979,0.24954997013820548,0.6341341341341341,0.3732084991749805,1.0,0.8058058058058057,0.7003818279398086,0.0,0.9882473259167026,0.5385385385385385,0.8998998998998999,0.7755360906478374
Love Letters In The Sand - Single Version                                                                                                                                         - Pat Boone                                       ,0.5515515515515516,0.11961961961961962,0.3383383383383384,0.18491325714962403,1.0,0.026026026026026026,0.8331664998331665,0.0,0.5630630630630631,0.5385385385385385,0.6376376376376376,0.1431407285832601
Dream a Little Dream of Me (with Paul Weston & His Music From Hollywood)                                                                                                          - Doris Day                                       ,0.33183183183183185,0.08408408408408408,0.0,0.10154743365075468,1.0,0.25875875875875876,0.8868868868868869,0.3123378579093784,0.2467467467467467,0.5385385385385385,0.3163163163163163,0.8502749516324906
Mannish Boy                                                                                                                                                                       - Muddy Waters                                    ,0.5925925925925926,0.495995995995996,0.27127127127127126,0.26777714862382124,1.0,0.7443004023245418,0.7131872477052216,0.4264429816703887,0.9792903114820923,0.05005005005005005,0.6941941941941943,0.4173054350774661
Rags To Riches                                                                                                                                                                    - Tony Bennett                                    ,0.34134134134134136,0.2350539063653818,0.27127127127127126,0.35795082150235963,1.0,0.15165165165165165,0.8588588588588588,0.3098308732467398,0.22622622622622623,0.5385385385385385,0.6296296296296297,0.05987060004100991
Bo Diddley                                                                                                                                                                        - Bo Diddley                                      ,0.9294294294294294,0.45645645645645644,0.0,0.20868314137828126,1.0,0.5165165165165165,0.5775775775775776,0.0,0.6706706706706707,0.5385385385385385,0.6446446446446447,0.3609282813128324
Mr. Blue                                                                                                                                                                          - The Fleetwoods                                  ,0.3213213213213213,0.06341912501784319,0.3918918918918919,0.10497338770996059,1.0,0.17717717717717718,0.8948948948948949,0.31540024390054267,0.4074074074074074,0.5385385385385385,0.26876876876876876,0.25426407088093195
Ready Teddy                                                                                                                                                                       - Little Richard                                  ,0.49099099099099097,0.4274274274274274,0.4664664664664665,0.7072471493447459,1.0,0.9179179179179179,0.7851373182552503,0.0,0.3353353353353353,0.5385385385385385,0.995995995995996,0.9990130415898882
"See You Later, Alligator                                                                                                                                                        - Bill Haley & His Comets                         ",0.7092092092092093,0.45795795795795796,0.8883883883883883,0.22949189133974243,0.0,0.5913105329951983,0.665331998665332,0.27155727155727155,0.9059059059059059,0.5385385385385385,0.8038038038038038,0.8922242207278577
Somethin' Else                                                                                                                                                                    - Eddie Cochran                                   ,0.6391391391391392,0.5795795795795796,0.27127127127127126,0.2883155462647155,1.0,0.6189840937219393,0.5951792336217553,0.4141316371681416,0.08558558558558559,0.5385385385385385,0.992992992992993,0.8940288100234204
Splish Splash                                                                                                                                                                     - Bobby Darin                                     ,0.6766766766766766,0.8528528528528528,0.0,0.9953952109254505,1.0,0.25625625625625625,0.6916916916916916,0.0,0.9069069069069069,0.5385385385385385,0.9904904904904905,0.8505266452089492
Red River Rock                                                                                                                                                                    - Johnny & The Hurricanes                         ,0.3183183183183183,0.6116116116116116,0.0,0.24670466690416812,1.0,0.6356356356356356,0.4986465589071452,0.9319319319319319,0.7887887887887888,0.5385385385385385,0.8838838838838838,0.8802129519084638
Wild One                                                                                                                                                                          - Jerry Lee Lewis                                 ,0.7212212212212212,0.7212212212212212,0.0,0.21038293888706147,1.0,0.4274274274274274,0.8103709770376436,0.4629086111601385,0.8578578578578578,0.5385385385385385,0.9974152474152476,0.2665152096144199
Blue Suede Shoes                                                                                                                                                                  - Carl Perkins                                    ,0.6566566566566566,0.31824582242409544,0.8058058058058057,0.25425425425425424,1.0,0.1046046046046046,0.6800472255017709,0.3863651771796291,0.6001001001001001,0.5385385385385385,0.994994994994995,0.11664825090886582
Long Tall Sally (The Thing)                                                                                                                                                       - Little Richard                                  ,0.4159159159159159,0.35235235235235235,0.4664664664664665,0.7619916121752107,1.0,0.6816816816816816,0.8134794794794794,0.0,0.25325325325325326,0.5385385385385385,0.9319319319319319,0.9858227075551987
Just In Time - Remastered/1998                                                                                                                                                    - Dean Martin                                     ,0.45945945945945943,0.14864864864864863,0.6341341341341341,0.22735676908382507,0.0,0.34234234234234234,0.7774697774697773,0.0,0.496996996996997,0.5385385385385385,0.6666666666666666,0.625520208955315
Papa Loves Mambo                                                                                                                                                                  - Perry Como                                      ,0.7292292292292293,0.26326326326326327,0.0,0.30612849319241925,1.0,0.8338338338338338,0.7347347347347347,0.2714142714142714,0.92992992992993,0.5385385385385385,0.8128128128128128,0.08734369403832878
Venus - Bonus Track                                                                                                                                                               - Frankie Avalon                                  ,0.482982982982983,0.25625625625625625,0.8883883883883883,0.20370348572924318,1.0,0.05055055055055055,0.7627627627627628,0.3370141325570193,0.26412682112163977,0.5385385385385385,0.7844239886493407,0.46045758682837395
Yakety Yak                                                                                                                                                                        - The Coasters                                    ,0.7962962962962963,0.4144144144144144,0.6341341341341341,0.3390120836123642,1.0,0.8293293293293293,0.7957957957957957,0.46945410554967487,0.01984524067893813,0.5385385385385385,0.9986653319986654,0.5286578717101771
Come Fly With Me - Remastered 1998                                                                                                                                                - Frank Sinatra                                   ,0.557057057057057,0.18066438531554807,0.5445445445445445,0.24813046947059628,1.0,0.3103103103103103,0.8478478478478478,0.0,0.6286286286286287,0.5385385385385385,0.5745745745745746,0.011386283936421273
At The Hop                                                                                                                                                                        - Danny & The Juniors                             ,0.34634634634634637,0.6951951951951951,0.7217217217217218,0.47077415105737547,1.0,0.4209209209209209,0.7813230801300216,0.35135135135135137,0.6626626626626626,0.5385385385385385,0.9319319319319319,0.9933674640911376
Fever                                                                                                                                                                             - Peggy Lee                                       ,0.8343343343343343,0.06424718942168918,0.8058058058058057,0.08345163033268418,0.0,0.8833833833833833,0.4942315615986815,0.0,0.4244244244244244,0.5385385385385385,0.4314314314314314,0.7776860559961477
Lonely Boy                                                                                                                                                                        - Paul Anka                                       ,0.6341341341341342,0.34934934934934936,0.0,0.31617077017670486,1.0,0.07007007007007007,0.6800472255017709,0.0,0.31931931931931934,0.05005005005005005,0.8648648648648649,0.3665093410100543
Only You (And You Alone)                                                                                                                                                          - The Platters                                    ,0.3505608375173591,0.15735359856951275,0.3383383383383384,0.22633688486645284,1.0,0.03453453453453453,0.914914914914915,0.0,0.47047047047047047,0.5385385385385385,0.38038038038038036,0.08138269485513026
Love Is Strange                                                                                                                                                                   - Mickey & Sylvia                                 ,0.6466466466466466,0.44344344344344344,0.0,0.5974557031258061,1.0,0.04854854854854855,0.7793572311495675,0.45245245245245247,0.042955562139484184,0.5385385385385385,0.8988988988988988,0.5376432316603257
Love Potion No.9                                                                                                                                                                  - The Clovers                                     ,0.8228228228228228,0.3383383383383383,0.6341341341341341,0.4553700700700701,1.0,0.8698698698698699,0.7467467467467468,0.0,0.5630630630630631,0.5385385385385385,0.8441868970170857,0.6885493557895929
Wonderful! Wonderful! (with Ray Conniff & His Orchestra & Chorus) - Single Version                                                                                                - Johnny Mathis                                   ,0.16716716716716717,0.2062062062062062,0.6341341341341341,0.33882508033980696,0.0,0.060560560560560556,0.8092191423555865,0.29634844644701025,0.2902902902902903,0.5385385385385385,0.640306973640307,0.8376669898055198
They Can't Take That Away From Me                                                                                                                                                 - Ella Fitzgerald                                 ,0.5410410410410411,0.09009009009009009,0.3383383383383384,0.1069053343599818,1.0,0.5995995995995996,0.8588588588588588,0.0,0.36036036036036034,0.5385385385385385,0.44844844844844844,0.3502180708437527
Teach Me Tonight                                                                                                                                                                  - Dinah Washington                                ,0.532032032032032,0.1347880334343368,0.4664664664664665,0.24516599338282652,0.0,0.6736736736736737,0.8298298298298298,0.0,0.5630630630630631,0.5385385385385385,0.4874874874874875,0.03203203203203203
Passing Strangers                                                                                                                                                                 - Sarah Vaughan                                   ,0.20870870870870872,0.17017017017017017,0.16616616616616617,0.28237618217592225,1.0,0.14764764764764765,0.8338338338338338,0.0,0.5965965965965966,0.5385385385385385,0.22322322322322322,0.16253802493807964
Come Go With Me                                                                                                                                                                   - The Del-Vikings                                 ,0.5460460460460461,0.28928928928928926,0.4664664664664665,0.34433004707161147,0.0,0.2877877877877878,0.7987987987987988,0.0,0.21621621621621623,0.5385385385385385,0.6616616616616616,0.6995394401537744
Your Cheatin' Heart                                                                                                                                                               - Hank Williams                                   ,0.7257257257257257,0.1389362227351054,0.0,0.23579079819829699,1.0,0.03003003003003003,0.8186174630619075,0.34546555913855104,0.17317317317317318,0.5385385385385385,0.7597597597597597,0.6371752022698083
Love Is Here To Stay - Remastered 1998                                                                                                                                            - Frank Sinatra                                   ,0.5146443514644369,0.12562562562562563,0.8058058058058057,0.17810073129222065,1.0,0.12462462462462463,0.7863098013348431,0.0,0.3128128128128128,0.5385385385385385,0.5060060060060061,0.3922966374068542
Little Bitty Pretty One                                                                                                                                                           - Thurston Harris                                 ,0.7772772772772774,0.7307307307307307,0.7217217217217218,0.9998666251492034,1.0,0.9527006188626174,0.8194508017272886,0.2705590205590206,0.050050050050050046,0.5385385385385385,0.9306006207414658,0.14153254249862418
My Prayer                                                                                                                                                                         - The Platters                                    ,0.3073073073073073,0.1527763718774955,0.8883883883883883,0.4062480838263557,1.0,0.04654654654654655,0.8335001668335001,0.0,0.27127127127127126,0.05005005005005005,0.3163163163163163,0.3953775314050694
Oh! Carol                                                                                                                                                                         - Neil Sedaka                                     ,0.5735735735735736,0.5095095095095095,0.7217217217217218,0.5301593508651873,0.0,0.3868868868868869,0.8168168168168168,0.0,0.8478478478478478,0.5385385385385385,0.8758758758758759,0.7378884341515349
Misty                                                                                                                                                                             - Johnny Mathis                                   ,0.1111111111111111,0.14967993471178187,0.7217217217217218,0.17460443636914236,1.0,0.16466466466466467,0.8628628628628628,0.3597986005065651,0.3868868868868869,0.5385385385385385,0.27627627627627627,0.09754013946699049
I Wonder Why                                                                                                                                                                      - Dion & The Belmonts                             ,0.45545545545545546,0.45345345345345345,0.8883883883883883,0.9104604543797837,1.0,0.16016016016016016,0.7510058113544924,0.0,0.6116116116116116,0.5385385385385385,0.93993993993994,0.3345896964497981
I've Got a Woman                                                                                                                                                                  - Ray Charles                                     ,0.5285285285285285,0.35435435435435436,0.8058058058058057,0.8163482594018558,1.0,0.938938938938939,0.8433433433433433,0.27427427427427425,0.7746284746284747,0.5385385385385385,0.7387387387387387,0.9953418644901993
Who's Sorry Now                                                                                                                                                                   - Connie Francis                                  ,0.474974974974975,0.17538566234218392,0.3383383383383384,0.5998081451120607,1.0,0.02002002002002002,0.8134794794794794,0.35435435435435436,0.8988988988988988,0.5385385385385385,0.5280280280280281,0.1342152879609325
"Hey, Good Lookin'                                                                                                                                                               - Hank Williams                                   ",0.8988988988988988,0.19119119119119118,0.6341341341341341,0.3137668623344034,1.0,0.22322322322322322,0.8287885561019224,0.0,0.09309309309309309,0.5385385385385385,0.9464252985379746,0.81013977642019
A Teenager In Love                                                                                                                                                                - Dion & The Belmonts                             ,0.5275275275275275,0.1971971971971972,0.16616616616616617,0.3585270608796727,1.0,0.04854854854854855,0.7840858292355835,0.0,0.5115115115115114,0.5385385385385385,0.6976976976976977,0.06906906906906907
"Shout, Pts. 1 & 2                                                                                                                                                               - The Isley Brothers                              ",0.4344344344344344,0.6981981981981982,0.8883883883883883,0.4902409894924865,1.0,0.729396062729396,0.8124765653346689,0.0,0.9947031243789348,0.5385385385385385,0.4984984984984985,0.7851098936381954
Little Darlin'                                                                                                                                                                    - The Diamonds                                    ,0.6516516516516516,0.33483483483483484,0.5445445445445445,0.2462593516209477,1.0,0.3103103103103103,0.7413996274755768,0.6876876876876877,0.8673673673673674,0.5385385385385385,0.7377377377377378,0.8761131639107381
Louisiana Blues                                                                                                                                                                   - Muddy Waters                                    ,0.535035035035035,0.12462462462462463,0.8058058058058057,0.1590057692668245,1.0,0.2677677677677678,0.8511399195350915,0.44494172154907874,0.6431431431431431,0.5385385385385385,0.46596596596596596,0.0357415096961767
Mess Around                                                                                                                                                                       - Ray Charles                                     ,0.5440440440440439,0.9029029029029029,0.7217217217217218,0.9650554183235033,1.0,0.5705705705705706,0.7125284827435657,0.0,0.048656430281872,0.5385385385385385,0.9429429429429429,0.8567455060211316
Stand By Me                                                                                                                                                                       - Ben E. King                                     ,0.6941941941941943,0.17923362175525342,0.8058058058058057,0.5399759467580328,1.0,0.08458458458458458,0.7027268663388465,0.36742969502669126,0.487987987987988,0.5385385385385385,0.7387387387387387,0.5021872212348403
When a Man Loves a Woman                                                                                                                                                          - Percy Sledge                                    ,0.482982982982983,0.22399631947370638,0.16616616616616617,0.6546546546546547,1.0,0.0009916140227900255,0.5038885293220553,0.31937762507710693,0.45545545545545546,0.05005005005005005,0.35235235235235235,0.25711337929006334
(I Can't Get No) Satisfaction - Mono Version                                                                                                                                      - The Rolling Stones                              ,0.8198198198198198,0.6511511511511512,0.8058058058058057,0.3863863863863864,1.0,0.40954084519301914,0.1861093996029301,0.6546546546546547,0.2922922922922923,0.5385385385385385,0.8917522173336123,0.7617609296234507
(What A) Wonderful World                                                                                                                                                          - Sam Cooke                                       ,0.7562562562562563,0.2682682682682683,1.0,0.29948612891007786,1.0,0.14764764764764765,0.7697697697697697,0.0,0.944944944944945,0.5385385385385385,0.9281119354648762,0.6866680946798475
Brown Eyed Girl                                                                                                                                                                   - Van Morrison                                    ,0.43793793793793795,0.33183183183183185,0.6341341341341341,0.2641924739353697,1.0,0.22072072072072074,0.5845845845845846,0.0,0.9311424815973155,0.5385385385385385,0.9442286125667213,0.8676009212455257
I Say a Little Prayer                                                                                                                                                             - Aretha Franklin                                 ,0.5815815815815816,0.1873044255699598,0.8058058058058057,0.16205385770352476,1.0,0.16716716716716717,0.7267267267267267,0.0,0.06106106106106106,0.5385385385385385,0.5825825825825826,0.7416437335167986
Here Comes The Sun - Remastered                                                                                                                                                   - The Beatles                                     ,0.53003003003003,0.29429429429429427,0.8058058058058057,0.2852703034268422,1.0,0.15765765765765766,0.40281211372064285,0.5105083109111676,0.6601601601601601,0.5385385385385385,0.4774774774774775,0.6951351676029212
Ain't No Mountain High Enough                                                                                                                                                     - Marvin Gaye                                     ,0.7187187187187187,0.35835835835835833,1.0,0.27166661533980796,0.0,0.11761761761761762,0.7272272272272272,0.0,0.6601601601601601,0.5385385385385385,0.8798798798798799,0.7137484352674229
Surfin' U.S.A. - Remastered 2001                                                                                                                                                  - The Beach Boys                                  ,0.52002002002002,0.6776776776776776,0.3383383383383384,0.6611590329243106,1.0,0.18468468468468469,0.7807807807807807,0.0,0.4169169169169169,0.5385385385385385,0.9904904904904905,0.8972069316817377
(Sittin' On) the Dock of the Bay                                                                                                                                                  - Otis Redding                                    ,0.4274274274274274,0.16816816816816815,0.27127127127127126,0.17582806756628988,1.0,0.477977977977978,0.8035336188807565,0.26326326326326327,0.06846489346489347,0.5385385385385385,0.6786786786786787,0.999014026455459
I Got You Babe                                                                                                                                                                    - Sonny & Cher                                    ,0.6306306306306306,0.46646646646646645,0.5445445445445445,0.36171456571141714,1.0,0.008087350022833891,0.6266266266266266,0.27006622270863867,0.5665665665665666,0.05005005005005005,0.7042042042042043,0.41172168288193445
Daydream Believer                                                                                                                                                                 - The Monkees                                     ,0.46046046046046046,0.25625625625625625,0.6341341341341341,0.2961294627961295,1.0,0.06556556556556556,0.6346346346346347,0.0,0.3963963963963964,0.5385385385385385,0.7247247247247247,0.6004099367132485
"Mrs. Robinson - From ""The Graduate"" Soundtrack                                                                                                                                - Simon & Garfunkel                               ",0.6050080775444264,0.23423423423423423,0.5445445445445445,0.16291740509864006,0.0,0.4344344344344344,0.7987987987987988,0.3575604789338695,0.13313313313313313,0.5385385385385385,0.8743743743743744,0.17620086733143686
Suspicious Minds                                                                                                                                                                  - Elvis Presley                                   ,0.5060060060060061,0.48098098098098097,0.6341341341341341,0.7727727727727728,1.0,0.011011011011011011,0.4394357315001281,0.3331513331513332,0.5245245245245245,0.5385385385385385,0.6876876876876877,0.4608000221740311
Son of a Preacher Man                                                                                                                                                             - Dusty Springfield                               ,0.34634634634634637,0.25625625625625625,0.3918918918918919,0.2711823621883866,1.0,0.5965965965965966,0.7050703816904579,0.0,0.1359244011177713,0.5385385385385385,0.8659207930731111,0.981237961533499
God Only Knows - Mono / 1997 Remastered                                                                                                                                           - The Beach Boys                                  ,0.47347347347347346,0.2552552552552553,0.5445445445445445,0.48157200117313514,0.0,0.057057057057057055,0.6326326326326326,0.0,0.058058058058058054,0.5385385385385385,0.5635635635635635,0.4781374529177358
"I Can't Help Myself (Sugar Pie, Honey Bunch)                                                                                                                                    - Four Tops                                       ",0.7772772772772774,0.31431431431431434,0.0,0.3119462501254587,1.0,0.04654654654654655,0.6881881881881882,0.0,0.25725725725725723,0.5385385385385385,0.9967766361208987,0.6280612811449818
To Love Somebody                                                                                                                                                                  - Bee Gees                                        ,0.36436436436436437,0.20086753420086753,0.8058058058058057,0.20828339385040412,1.0,0.0895895895895896,0.8051401027989658,0.2948779291723146,0.7867464005792534,0.5385385385385385,0.6076076076076076,0.15958342289167687
Homeward Bound                                                                                                                                                                    - Simon & Garfunkel                               ,0.4289289289289289,0.1981981981981982,0.3383383383383384,0.23107711474369486,1.0,0.13313313313313313,0.8422866693167027,0.0,0.3353353353353353,0.5385385385385385,0.6141141141141142,0.18418046730880328
"Everybody's Talkin' - From ""Midnight Cowboy""                                                                                                                                  - Harry Nilsson                                   ",0.3433433433433433,0.2592950092950094,0.3918918918918919,0.3119462501254587,1.0,0.18018018018018017,0.6206206206206206,0.36443542116201755,0.7407407407407407,0.5385385385385385,0.7617041569871759,0.5728449617812227
Under the Boardwalk                                                                                                                                                               - The Drifters                                    ,0.8428428428428428,0.13232007152436298,0.6341341341341341,0.17239772201252415,1.0,0.2977977977977978,0.8778778778778779,0.4178787952372859,0.36936936936936937,0.5385385385385385,0.8398398398398398,0.5668376584604016
I'm a Believer - 2006 Remaster                                                                                                                                                    - The Monkees                                     ,0.482982982982983,0.5580580580580581,0.0,0.6514514514514516,1.0,0.16716716716716717,0.7970174622535138,0.3494568579638762,0.7247247247247247,0.5385385385385385,0.9834834834834835,0.08032646641211591
(Your Love Keeps Lifting Me) Higher & Higher                                                                                                                                      - Jackie Wilson                                   ,0.6516516516516516,0.44144144144144143,0.27127127127127126,0.5721471111399169,1.0,0.473973973973974,0.5775775775775776,0.0,0.4764764764764765,0.5385385385385385,0.9660843544338689,0.21323170399990454
For Once In My Life                                                                                                                                                               - Stevie Wonder                                   ,0.478978978978979,0.27627627627627627,0.5445445445445445,0.2280580641420325,1.0,0.32732732732732733,0.5935935935935935,0.0,0.9578236626977544,0.5385385385385385,0.9044044044044044,0.40781485173674226
California Dreamin' - Single Version                                                                                                                                              - The Mamas & The Papas                           ,0.53003003003003,0.45095095095095095,0.16616616616616617,0.4854235207621829,0.0,0.25075075075075076,0.7237237237237237,0.0,0.05355355355355357,0.5385385385385385,0.7497497497497497,0.4324484252818518
Good Vibrations - Remastered 2001                                                                                                                                                 - The Beach Boys                                  ,0.34434434434434436,0.26076076076076077,0.8883883883883883,0.5475889577790719,0.0,0.08208208208208209,0.6923590256923591,0.3203817263223203,0.5785785785785786,0.5385385385385385,0.46046046046046046,0.7393378047336584
You've Lost That Lovin' Feelin'                                                                                                                                                   - The Righteous Brothers                          ,0.31431431431431434,0.1708581646662142,0.16616616616616617,0.16450318727500252,1.0,0.017017017017017015,0.7426284630895582,0.0,0.2022022022022022,0.5385385385385385,0.48148148148148145,0.21000508467946952
Gimme Some Lovin' - Single Mix                                                                                                                                                    - The Spencer Davis Group                         ,0.44023057867994564,0.4394394394394394,0.6341341341341341,0.42233701460634127,1.0,0.0995995995995996,0.3263303183542466,0.6820384422953096,0.9159159159159159,0.5385385385385385,0.6178981575235178,0.8486294636282915
I Only Want To Be With You                                                                                                                                                        - Dusty Springfield                               ,0.5695695695695696,0.6186186186186187,0.6341341341341341,0.86391631635546,1.0,0.12062062062062062,0.6210104841683789,0.0,0.7702702702702702,0.5385385385385385,0.975975975975976,0.7397779789898896
You Can't Hurry Love                                                                                                                                                              - The Supremes                                    ,0.6491491491491492,0.4694694694694695,0.8883883883883883,0.3495889667138482,1.0,0.4014014014014014,0.6585358777981728,0.0,0.17017017017017017,0.5385385385385385,0.7327327327327328,0.257279091420681
"Leaving on a Jet Plane                                                                                                                                                            - Peter, Paul and Mary                          ",0.3533533533533533,0.10510510510510511,0.8058058058058057,0.12044078435820949,1.0,0.4184184184184184,0.8295738134447812,0.0,0.44994994994994997,0.5385385385385385,0.46446446446446443,0.744269088964933
Save the Last Dance for Me                                                                                                                                                        - The Drifters                                    ,0.5015015015015015,0.2852852852852853,0.3918918918918919,0.2802829826545406,1.0,0.1866866866866867,0.7662426706674494,0.0,0.6961961961961962,0.5385385385385385,0.9364551467355205,0.8243393379189788
Cupid                                                                                                                                                                             - Sam Cooke                                       ,0.4159159159159159,0.24954997013820548,0.6341341341341341,0.3686460943802184,1.0,0.14764764764764765,0.7277277277277278,0.0,0.1813700544074123,0.5385385385385385,0.8903903903903905,0.5235106294739709
"Oh, Pretty Woman                                                                                                                                                                - Roy Orbison                                     ",0.6266266266266266,0.34814479551321675,0.8058058058058057,0.3395826680764632,1.0,0.14464464464464466,0.7985485485485485,0.0,0.12112112112112113,0.5385385385385385,0.9775133614084924,0.6345889822071132
The Boxer                                                                                                                                                                         - Simon & Garfunkel                               ,0.38038038038038036,0.25625625625625625,1.0,0.15290132900195796,1.0,0.5505505505505506,0.7940147635935471,0.44266279056089,0.617117117117117,0.5385385385385385,0.7087087087087087,0.18776488793819812
"Lay, Lady, Lay                                                                                                                                                                  - Bob Dylan                                       ",0.4724724724724725,0.11001236093943138,1.0,0.05386142912314034,0.0,0.37037037037037035,0.680997572024755,0.5205990122964294,0.5245245245245245,0.5385385385385385,0.49099099099099097,0.8870627180074666
Dancing In The Street - Single Version                                                                                                                                            - Martha Reeves & The Vandellas                   ,0.537037037037037,0.7307307307307307,1.0,0.9929876376672979,0.0,0.20370370370370372,0.41541541541541543,0.5959576957766457,0.4169169169169169,0.5385385385385385,0.8148148148148148,0.6204835910516949
Where Did Our Love Go - Stereo Version                                                                                                                                            - The Supremes                                    ,0.5390390390390389,0.29429429429429427,0.0,0.44942931866193836,1.0,0.1991991991991992,0.8293177970597325,0.29235871385404094,0.36036036036036034,0.5385385385385385,0.8548548548548548,0.7536647154599222
Eight Days A Week - Remastered 2009                                                                                                                                               - The Beatles                                     ,0.6916916916916918,0.33183183183183185,0.8058058058058057,0.4549700700700701,1.0,0.23023023023023023,0.70317389360751,0.0,0.4629629629629629,0.5385385385385385,0.8098098098098098,0.7829146815395137
Downtown                                                                                                                                                                          - Petula Clark                                    ,0.44344344344344344,0.3713713713713714,0.3918918918918919,0.5556025767621198,1.0,0.3288288288288288,0.7917917917917918,0.0,0.6266266266266266,0.5385385385385385,0.6286286286286287,0.4915931103637556
In the Midnight Hour                                                                                                                                                              - Wilson Pickett                                  ,0.8488488488488488,0.2272272272272272,0.3918918918918919,0.38942818466134527,1.0,0.27477477477477474,0.5258481421647817,0.2907632570553919,0.45545545545545546,0.5385385385385385,0.9057020352357141,0.42428271066624423
Everlasting Love                                                                                                                                                                  - Love Affair                                     ,0.44594594594594594,0.34134134134134136,0.3918918918918919,0.30931799001406446,1.0,0.23873873873873874,0.6356356356356356,0.0,0.9517345170891793,0.5385385385385385,0.8743743743743744,0.5254329350287388
I Heard It Through The Grapevine                                                                                                                                                  - Marvin Gaye                                     ,0.7902902902902902,0.1903439728912759,0.3383383383383384,0.26926926926926925,0.0,0.2327327327327327,0.6446446446446447,0.0,0.507007007007007,0.5385385385385385,0.6946946946946947,0.48017624873750825
Wouldn't It Be Nice - Mono / Remastered                                                                                                                                           - The Beach Boys                                  ,0.33891213389121405,0.436995153473344,0.4664664664664665,0.7048478891262395,1.0,0.14164164164164164,0.8037772242400744,0.25114111117105137,0.6386386386386387,0.5385385385385385,0.7832832832832832,0.5750610994871135
Green Green Grass Of Home                                                                                                                                                         - Tom Jones                                       ,0.5085085085085085,0.2117936223935059,0.7217217217217218,0.1841830431822453,1.0,0.015015015015015015,0.5625625625625625,0.0,0.3073073073073073,0.5385385385385385,0.8788788788788788,0.23405178294100934
"Monday, Monday - Single Version                                                                                                                                                 - The Mamas & The Papas                           ",0.44023057867994564,0.24124124124124124,0.16616616616616617,0.2561161817895243,1.0,0.04004004004004004,0.814317172395775,0.0,0.9200421862987767,0.5385385385385385,0.7967967967967968,0.4120650541005587
Up on the Roof                                                                                                                                                                    - The Drifters                                    ,0.7587587587587588,0.16087046348674253,0.7217217217217218,0.10414218566392475,1.0,0.12462462462462463,0.7964936325020066,0.3399949171969897,0.5480480480480481,0.5385385385385385,0.9516110169575517,0.5375307750843832
Different Drum                                                                                                                                                                    - Stone Poneys                                    ,0.4014014014014014,0.20266520816348996,0.0,0.23710884254777387,1.0,0.07857857857857858,0.679088346847462,0.0,0.03974016048910966,0.5385385385385385,0.6846846846846847,0.5618391482414143
Aquarius/Let The Sunshine In (The Flesh Failures) [Remastered]                                                                                                                    - The 5th Dimension                               ,0.2552552552552553,0.3063063063063063,0.6341341341341341,0.3073073073073073,1.0,0.22322322322322322,0.7227227227227228,0.25835854002823144,0.1849790967438026,0.5385385385385385,0.5725725725725725,0.4896131923872153
Everyday People                                                                                                                                                                   - Sly & The Family Stone                          ,0.9264264264264264,0.26226226226226224,0.6341341341341341,0.27660391855551286,1.0,0.05305305305305305,0.6630141724317954,0.5977824479948777,0.018898881263999082,0.5385385385385385,0.8288288288288288,0.4526643758788767
Proud Mary                                                                                                                                                                        - Creedence Clearwater Revival                    ,0.7687687687687688,0.3843843843843844,0.27127127127127126,0.4772014697704027,1.0,0.04004004004004004,0.5365365365365365,0.4270336491246119,0.06846489346489347,0.5385385385385385,0.7937937937937938,0.5277824557374984
Gloria (feat. Van Morrison) - Stereo Version                                                                                                                                      - Them                                            ,0.6711711711711712,0.45945945945945943,0.8058058058058057,0.28802392826021683,1.0,0.4588045234248789,0.6960293626960293,0.5365213171753574,0.3433433433433434,0.5385385385385385,0.7887887887887888,0.6948682309777052
It's Not Unusual                                                                                                                                                                  - Tom Jones                                       ,0.2927927927927928,0.47597597597597596,0.0,0.3109827081661919,1.0,0.6326326326326326,0.7518940150971065,0.0,0.6821821821821822,0.5385385385385385,0.9414414414414414,0.9854756540395467
The Weight - Remastered                                                                                                                                                           - The Band                                        ,0.6491491491491492,0.27627627627627627,0.8058058058058057,0.26229954849758674,1.0,0.47147147147147145,0.6154987879125811,0.29691166807472075,0.2882882882882883,0.5385385385385385,0.5855855855855856,0.8267774885310092
Wichita Lineman - Remastered 2001                                                                                                                                                 - Glen Campbell                                   ,0.08058058058058058,0.20426535558114503,0.4664664664664665,0.23448834096074223,1.0,0.1145354049701876,0.6717891717891719,0.4232567987261354,0.7647647647647647,0.5385385385385385,0.47347347347347346,0.9431883294482585
This Guy's In Love With You                                                                                                                                                       - Herb Alpert & The Tijuana Brass                 ,0.6601601601601601,0.10510510510510511,0.16616616616616617,0.19261779369388912,1.0,0.27477477477477474,0.8520339740724183,0.4790463228903047,0.7187187187187187,0.5385385385385385,0.30937921161384835,0.11022158266252752
Don't Worry Baby - Remastered 2001                                                                                                                                                - The Beach Boys                                  ,0.43243243243243246,0.23923923923923923,0.3918918918918919,0.3226850256449529,1.0,0.05855855855855856,0.464839996834978,0.5355382907647145,0.35235235235235235,0.5385385385385385,0.9069069069069069,0.5330619617867365
Last Train to Clarksville - Original Stereo Version; 2006 Remaster                                                                                                                - The Monkees                                     ,0.14814814814814814,0.36036036036036034,0.0,0.4014661785006025,1.0,0.11761761761761762,0.39243425278337996,0.0,0.9857741664562254,0.5385385385385385,0.7557557557557557,0.9944227191814299
America                                                                                                                                                                           - Simon & Garfunkel                               ,0.1816816816816817,0.13794653055047768,0.27127127127127126,0.12612044497168712,1.0,0.3103103103103103,0.7457457457457457,0.31431431431431434,0.19019019019019018,0.05005005005005005,0.33783783783783783,0.9714639967527885
This Old Heart Of Mine (Is Weak For You)                                                                                                                                          - The Isley Brothers                              ,0.6541541541541542,0.3383383383383383,0.4664664664664665,0.30078517218957157,1.0,0.06706706706706707,0.6776776776776777,0.0,0.7547547547547547,0.5385385385385385,0.974974974974975,0.7174730159767565
River Deep - Mountain High                                                                                                                                                        - Ike & Tina Turner                               ,0.33358358358358375,0.512012012012012,0.3383383383383384,0.5355382094554009,1.0,0.23873873873873874,0.8194508017272886,0.49406370854761533,0.5665665665665666,0.5385385385385385,0.3333333333333333,0.10544946007821573
Another Saturday Night                                                                                                                                                            - Sam Cooke                                       ,0.8868868868868869,0.40540540540540543,0.8058058058058057,0.45956885668076997,1.0,0.45145145145145144,0.7117117117117117,0.0,0.20520520520520522,0.5385385385385385,0.994994994994995,0.560593939160273
All You Need Is Love - Remastered 2009                                                                                                                                            - The Beatles                                     ,0.342676009342676,0.25125125125125125,0.6341341341341341,0.45945945945945943,1.0,0.04854854854854855,0.6776776776776777,0.3648228979134125,0.6026026026026026,0.5385385385385385,0.7277958929078328,0.33428206952697825
Do You Know the Way to San Jose                                                                                                                                                   - Dionne Warwick                                  ,0.7017017017017017,0.40290290290290287,0.0,0.4565480909827682,1.0,0.41491491491491495,0.7597597597597597,0.3261263763158466,0.16216216216216217,0.5385385385385385,0.9319319319319319,0.8936973713503051
Itchycoo Park                                                                                                                                                                     - Small Faces                                     ,0.6006006006006006,0.34234234234234234,0.8058058058058057,0.43416143416143416,1.0,0.6280733124720608,0.6951951951951951,0.2754977199421644,0.9429429429429429,0.5385385385385385,0.5855855855855856,0.6828136569465878
Will You Love Me Tomorrow                                                                                                                                                         - The Shirelles                                   ,0.5,0.21021021021021022,0.0,0.6275373238006691,1.0,0.01001001001001001,0.6798110979929162,0.30377978929047816,0.6196196196196196,0.5385385385385385,0.45645645645645644,0.7648539183389165
Waterloo Sunset - Stereo Mix                                                                                                                                                      - The Kinks                                       ,0.4694694694694695,0.44344344344344344,0.16616616616616617,0.5066870462361484,0.0,0.003003003003003003,0.6326326326326326,0.0,0.6431431431431431,0.5385385385385385,0.5565565565565566,0.38156302615643906
Respect                                                                                                                                                                           - Aretha Franklin                                 ,0.9240781848741205,0.3088283291091403,0.0,0.7530570838359608,1.0,0.28978978978978975,0.5675675675675675,0.3534372036359197,0.043764125635470656,0.5385385385385385,0.9904904904904905,0.45660151043455977
Sugar Sugar                                                                                                                                                                       - The Archies                                     ,0.8613651472955557,0.4844844844844845,0.27127127127127126,0.5086446201166824,1.0,0.023023023023023025,0.6966966966966966,0.0,0.37887887887887883,0.5385385385385385,0.9904904904904905,0.549643315790055
Twistin' the Night Away                                                                                                                                                           - Sam Cooke                                       ,0.5675675675675675,0.44844844844844844,0.8058058058058057,0.38122594644333774,1.0,0.7812812812812813,0.7851373182552503,0.0,0.8523523523523524,0.5385385385385385,0.9619619619619619,0.9058704103161219
A Place In The Sun                                                                                                                                                                - Stevie Wonder                                   ,0.537037037037037,0.22922922922922923,0.16616616616616617,0.2473602816632617,1.0,0.4874874874874875,0.6486223065170433,0.0,0.8478478478478478,0.5385385385385385,0.7947947947947948,0.4840976993089669
The Loco-Motion - Single Version                                                                                                                                                  - Little Eva                                      ,0.6616616616616616,0.7497497497497497,0.3383383383383384,0.6170167656549731,1.0,0.3973973973973974,0.7858328158828992,0.4904904904904905,0.6536536536536537,0.5385385385385385,0.9306006207414658,0.699114860242936
Like a Rolling Stone                                                                                                                                                              - Bob Dylan                                       ,0.42542542542542544,0.4797677221055696,0.0,0.5530973451327433,1.0,0.0995995995995996,0.8056546384305581,0.0,0.6821821821821822,0.5385385385385385,0.6396396396396397,0.23285467684147196
Ferry Cross the Mersey - Stereo; 1997 Remaster                                                                                                                                    - Gerry & The Pacemakers                          ,0.33891213389121405,0.15971223021582728,0.5445445445445445,0.24165150700228424,0.0,0.03203203203203203,0.7444362931716417,0.3229441741972058,0.4824824824824825,0.5385385385385385,0.6841841841841843,0.35758515569006355
Turn! Turn! Turn! (To Everything There Is a Season)                                                                                                                               - The Byrds                                       ,0.3933933933933934,0.6186186186186187,0.27127127127127126,0.4248370700797884,1.0,0.34434434434434436,0.5410410410410411,0.36236236236236236,0.035762181493071074,0.5385385385385385,0.8201534868201534,0.5763909006267085
Both Sides Now                                                                                                                                                                    - Joni Mitchell                                   ,0.6341341341341342,0.10102816271792578,0.5445445445445445,0.14083168626693607,1.0,0.07407407407407407,0.8808808808808809,0.0,0.5595595595595595,0.5385385385385385,0.40490490490490494,0.26402845285498516
Summer in the City - Remastered                                                                                                                                                   - The Lovin' Spoonful                             ,0.36436436436436437,0.4314314314314314,0.8883883883883883,0.3257438054056735,1.0,0.26626626626626626,0.455337389380531,0.41983471074380163,0.22072072072072077,0.5385385385385385,0.6411411411411412,0.4106503302489585
Where Do You Go To (My Lovely)                                                                                                                                                    - Peter Sarstedt                                  ,0.34934934934934936,0.22399631947370638,0.0,0.4641071868486199,1.0,0.15415415415415415,0.8298298298298298,0.26539613357103026,0.8303303303303303,0.05005005005005005,0.5545545545545546,0.9587149945010086
Da Doo Ron Ron (When He Walked Me Home)                                                                                                                                           - The Crystals                                    ,0.4951977293749447,0.587087087087087,0.3383383383383384,0.4801374211688573,1.0,0.37987987987987987,0.7267267267267267,0.36713732073506333,0.5595595595595595,0.5385385385385385,0.6926926926926927,0.8569160447752661
My Girl                                                                                                                                                                           - The Temptations                                 ,0.5655655655655656,0.21454788121454788,0.0,0.27427427427427425,1.0,0.15565565565565564,0.7692692692692693,0.0,0.29429429429429427,0.5385385385385385,0.7452452452452452,0.34640336203871946
Somethin' Stupid                                                                                                                                                                  - Frank Sinatra                                   ,0.17717717717717718,0.18066438531554807,0.3918918918918919,0.1950904448467326,1.0,0.18018018018018017,0.8078078078078078,0.0,0.7677677677677678,0.5385385385385385,0.6276276276276276,0.9991833002254358
Bad Moon Rising                                                                                                                                                                   - Creedence Clearwater Revival                    ,0.4574574574574575,0.5565565565565566,0.27127127127127126,0.6604996027417551,1.0,0.0995995995995996,0.4545077433628319,0.3013004828821686,0.07915993537964458,0.5385385385385385,0.969155118462226,0.9724013169954105
Mr. Tambourine Man                                                                                                                                                                - The Byrds                                       ,0.39789789789789787,0.2431240764574099,0.27127127127127126,0.3338676186659867,1.0,0.04654654654654655,0.7349953550109922,0.37075249229867274,0.9412042502951594,0.5385385385385385,0.7177177177177178,0.5236024473736981
Mustang Sally                                                                                                                                                                     - Wilson Pickett                                  ,0.8118118118118118,0.17617617617617617,0.0,0.10129061789578397,1.0,0.24524524524524524,0.5195195195195195,0.6926279117033944,0.7197197197197197,0.5385385385385385,0.7587587587587588,0.4103236299649375
Friday On My Mind                                                                                                                                                                 - The Easybeats                                   ,0.3213213213213213,0.980980980980981,0.8058058058058057,0.9979723211961901,1.0,0.6751751751751751,0.6897656213104871,0.46847119310449115,0.2538198254912136,0.5385385385385385,0.5935935935935935,0.23137337432333238
The Tracks Of My Tears                                                                                                                                                            - Smokey Robinson & The Miracles                  ,0.45145145145145144,0.17888714662908214,0.6341341341341341,0.2666174543629375,1.0,0.012012012012012012,0.7927927927927928,0.0,0.7317317317317317,0.5385385385385385,0.7947947947947948,0.25926105516853687
Baby Love                                                                                                                                                                         - The Supremes                                    ,0.5875875875875876,0.38738738738738737,0.4664664664664665,0.35276492619519717,1.0,0.1991991991991992,0.8158158158158159,0.0,0.959880617945134,0.5385385385385385,0.7957957957957957,0.7623382320366636
Georgy Girl                                                                                                                                                                       - The Seekers                                     ,0.46646646646646645,0.26126126126126126,0.3918918918918919,0.48858609969721084,1.0,0.10760760760760761,0.6391391391391392,0.0,0.6656656656656657,0.5385385385385385,0.7267267267267267,0.8786771380290949
Be My Baby                                                                                                                                                                        - The Ronettes                                    ,0.46296296296296297,0.5510510510510511,0.3918918918918919,0.5347715456775058,1.0,0.2727727727727728,0.5709588264735324,0.0,0.22622622622622623,0.5385385385385385,0.8634894991922459,0.6987066103286688
Do You Believe in Magic?                                                                                                                                                          - The Lovin' Spoonful                             ,0.5245245245245245,0.5,0.0,0.44021799577355136,1.0,0.3758758758758759,0.6056056056056056,0.0,0.8743743743743744,0.5385385385385385,0.8228228228228228,0.7847847847847848
Crazy - Single Version                                                                                                                                                            - Patsy Cline                                     ,0.41357619144710506,0.018993956054644254,0.8883883883883883,0.03838369444472468,1.0,0.2017017017017017,0.8948948948948949,0.2529832289422178,0.3353353353353353,0.05005005005005005,0.4369369369369369,0.38009035216884546
To Sir with Love                                                                                                                                                                  - Lulu                                            ,0.5135135135135135,0.20686366840212997,0.3918918918918919,0.34686381772554115,1.0,0.017017017017017015,0.6829784650659121,0.2840099218532586,0.3062123347837634,0.5385385385385385,0.3688688688688689,0.2635157567349371
One Fine Day                                                                                                                                                                      - The Chiffons                                    ,0.16816816816816815,0.7032032032032032,0.16616616616616617,0.9752346861316467,1.0,0.8293293293293293,0.728991402750268,0.3177611136699812,0.9925624874618236,0.5385385385385385,0.6796796796796797,0.9677646677132712
What Becomes Of The Brokenhearted                                                                                                                                                 - Jimmy Ruffin                                    ,0.7962962962962963,0.2165498832165499,0.6341341341341341,0.20260460015223491,0.0,0.07007007007007007,0.76750031657761,0.0,0.9629508464872822,0.5385385385385385,0.6756756756756757,0.2793453549934912
I Am a Rock                                                                                                                                                                       - Simon & Garfunkel                               ,0.7052052052052051,0.35535535535535534,0.0,0.2952952952952953,1.0,0.25425425425425424,0.7076624250883568,0.32966877264229605,0.36936936936936937,0.5385385385385385,0.8148148148148148,0.44746507475241876
Louie Louie                                                                                                                                                                       - The Kingsmen                                    ,0.6341341341341342,0.4674674674674675,0.16616616616616617,0.3228216376668108,0.0,0.5671811688040436,0.5085085085085085,0.0,0.28428428428428426,0.5385385385385385,0.9719719719719719,0.549118991583778
Wake up Little Susie                                                                                                                                                              - The Everly Brothers                             ,0.7872872872872874,0.36236236236236236,0.27127127127127126,0.346543176442976,1.0,0.13863863863863862,0.6676676676676676,0.0,0.018018018018018018,0.5385385385385385,0.9645793485793489,0.1969359716991824
(You Make Me Feel Like) A Natural Woman                                                                                                                                           - Aretha Franklin                                 ,0.6006006006006006,0.15215215215215216,0.4664664664664665,0.30531134566586193,1.0,0.03303303303303303,0.786986986986987,0.0,0.5595595595595595,0.05005005005005005,0.4894894894894895,0.4144068150816358
"Reach Out, I'll Be There                                                                                                                                                        - Four Tops                                       ",0.6266266266266266,0.2446294816984472,0.3383383383383384,0.2250784348798846,0.0,0.05055055055055055,0.6563363908496653,0.0,0.6341341341341342,0.5385385385385385,0.8388388388388388,0.5039035140617292
You Don't Have To Say You Love Me                                                                                                                                                 - Dusty Springfield                               ,0.15465465465465467,0.40040040040040037,0.27127127127127126,0.8326326326326325,0.0,0.1921921921921922,0.7796662546353523,0.2561803289357469,0.17417417417417416,0.05005005005005005,0.6546546546546547,0.4249667685264304
A World Without Love                                                                                                                                                              - Peter And Gordon                                ,0.46296296296296297,0.4044044044044044,0.16616616616616617,0.3134267005685858,0.0,0.5445445445445445,0.6195769319870901,0.0,0.37887887887887883,0.5385385385385385,0.8173173173173174,0.7012327628508767
A Whiter Shade Of Pale                                                                                                                                                            - Procol Harum                                    ,0.16516516516516516,0.4069069069069069,0.0,0.5449391592920354,1.0,0.14464464464464466,0.7326776933392938,0.5130193050193049,0.2222222222222222,0.5385385385385385,0.5190190190190189,0.860513857077493
"Moon River (From ""Breakfast at Tiffany's"")                                                                                                                                    - Andy Williams                                   ",0.2132132132132132,0.12757457152696566,0.5445445445445445,0.1343839300770211,1.0,0.07857857857857858,0.8529886914378031,0.396197228155991,0.4629629629629629,0.05005005005005005,0.24824824824824826,0.23524993472143343
Honky Tonk Women - Mono Version                                                                                                                                                   - The Rolling Stones                              ,0.5390390390390389,0.5625625625625625,0.6341341341341341,0.5691301539922874,1.0,0.5320320320320321,0.6836836836836837,0.5942286334373936,0.09242352496453603,0.5385385385385385,0.992992992992993,0.5044390110191328
Soul Man                                                                                                                                                                          - Sam & Dave                                      ,0.9049049049049049,0.2117936223935059,0.0,0.18441983934316225,1.0,0.14764764764764765,0.6380148083204853,0.5175175175175175,0.6481481481481481,0.5385385385385385,0.8758758758758759,0.43139879572517154
Cathy's Clown - 2007 Remaster                                                                                                                                                     - The Everly Brothers                             ,0.45645645645645644,0.3123123123123123,0.6341341341341341,0.2864413872625892,1.0,0.16966966966966968,0.7444362931716417,0.0,0.9657940759737167,0.5385385385385385,0.9329329329329329,0.5185185185185185
Massachusetts (2008 Remastered LP Version)                                                                                                                                        - Bee Gees                                        ,0.4274274274274274,0.2927927927927928,0.6341341341341341,0.355027857581124,1.0,0.05055055055055055,0.2576247692013954,0.3681597742924401,0.11511511511511512,0.5385385385385385,0.5810810810810811,0.3194255669915683
Rescue Me                                                                                                                                                                         - Fontella Bass                                   ,0.8218218218218218,0.3283283283283283,0.6341341341341341,0.4028357645937181,1.0,0.11761761761761762,0.7527527527527528,0.3509936975602211,0.4244244244244244,0.5385385385385385,0.9854854854854855,0.5538269427748437
"Hello Mary Lou, Goodbye Heart - Remastered                                                                                                                                      - Ricky Nelson                                    ",0.5995995995995996,0.3758758758758759,0.8058058058058057,0.3257438054056735,1.0,0.08758758758758758,0.731783638801967,0.0,0.07407407407407407,0.5385385385385385,0.9604604604604605,0.282752056432306
You Never Can Tell                                                                                                                                                                - Chuck Berry                                     ,0.6036036036036035,0.6511511511511512,0.6341341341341341,0.30678264833563895,1.0,0.7967967967967968,0.8128128128128128,0.37450716539324136,0.8243243243243243,0.5385385385385385,0.958958958958959,0.8933834780027039
Do You Love Me                                                                                                                                                                    - The Contours                                    ,0.6201201201201201,0.6146146146146146,0.4664664664664665,0.5195924882141121,1.0,0.21671671671671672,0.7250150004866986,0.0,0.28128128128128127,0.5385385385385385,0.8288288288288288,0.8680130141506451
Baby I Need Your Loving                                                                                                                                                           - Four Tops                                       ,0.6541541541541542,0.436995153473344,0.0,0.6416416416416416,0.0,0.2602602602602603,0.7125284827435657,0.0,0.6891891891891893,0.5385385385385385,0.7257257257257257,0.5342382998394335
Albatross - 2018 Remaster                                                                                                                                                         - Fleetwood Mac                                   ,0.26726726726726724,0.046043893818565926,0.5445445445445445,0.058059143144508246,0.0,0.16466466466466467,0.8433433433433433,0.8198198198198198,0.5595595595595595,0.5385385385385385,0.32432432432432434,0.7617979939460189
Wild Thing                                                                                                                                                                        - The Troggs                                      ,0.3883883883883884,0.8018018018018018,0.8058058058058057,0.8694203643259683,1.0,0.9099099099099099,0.8128128128128128,0.6115188070837811,0.7527527527527528,0.5385385385385385,0.7307307307307307,0.9976638244440152
River Deep - Mountain High                                                                                                                                                        - Ike & Tina Turner                               ,0.6306306306306306,0.9274274274274275,0.7217217217217218,0.914421311318745,1.0,0.6256256256256256,0.7237237237237237,0.46135764330632445,0.6926926926926927,0.5385385385385385,0.9160036749077841,0.8853576389554365
Knock on Wood                                                                                                                                                                     - Eddie Floyd                                     ,0.9709408437563777,0.1833631661217868,0.3918918918918919,0.19480685243991933,1.0,0.1991991991991992,0.6476476476476476,0.5347019545914573,0.03370036703370037,0.5385385385385385,0.9874874874874875,0.3565179953379268
San Francisco (Be Sure to Wear Flowers in Your Hair) - Single Version                                                                                                             - Scott McKenzie                                  ,0.4811715481171552,0.2776999092788566,0.6341341341341341,0.2327241654635864,1.0,0.018018018018018018,0.7419634220786959,0.537420996476237,0.4074074074074074,0.5385385385385385,0.6091091091091092,0.43306481635322164
Jumpin' Jack Flash                                                                                                                                                                - The Rolling Stones                              ,0.5495495495495496,0.7542542542542543,0.3383383383383384,0.36123079795746965,1.0,0.5655655655655656,0.4569254448742889,0.6906800688634305,0.12212212212212212,0.5385385385385385,0.7767767767767768,0.7767966822921274
Only the Lonely                                                                                                                                                                   - Roy Orbison                                     ,0.5505505505505506,0.28428428428428426,0.4664664664664665,0.2722598859559618,1.0,0.028544556953647864,0.6889496490227179,0.5333810170033677,0.7062062062062062,0.5385385385385385,0.9634634634634635,0.5624617550963159
The Tears Of A Clown                                                                                                                                                              - Smokey Robinson & The Miracles                  ,0.5855855855855856,0.3513776934829565,0.16616616616616617,0.3180689098369975,1.0,0.03203203203203203,0.553322968577206,0.0,0.5115115115115114,0.5385385385385385,0.974974974974975,0.6858653453947141
What A Wonderful World                                                                                                                                                            - Louis Armstrong                                 ,0.2017017017017017,0.1941941941941942,0.4664664664664665,0.3120487721676977,1.0,0.14164164164164164,0.8489259200685132,0.431093930146841,0.6791791791791792,0.5385385385385385,0.18218218218218218,0.057430258953101554
Hard to Handle                                                                                                                                                                    - Otis Redding                                    ,0.7142142142142143,0.3023023023023023,0.8883883883883883,0.38648795047332524,1.0,0.5485485485485485,0.7527527527527528,0.26750448833034113,0.4824824824824825,0.5385385385385385,0.980980980980981,0.23523139171974242
"So Long, Marianne                                                                                                                                                               - Leonard Cohen                                   ",0.5085085085085085,0.20520520520520522,0.8058058058058057,0.24679372996081217,1.0,0.014014014014014014,0.7935297124685482,0.3763888642863489,0.27927927927927926,0.05005005005005005,0.2922922922922923,0.21551662142443595
Sunny Afternoon - Mono Mix                                                                                                                                                        - The Kinks                                       ,0.5875875875875876,0.23994545392850475,0.27127127127127126,0.40473807140473794,0.0,0.009009009009009009,0.5085085085085085,0.0,0.08408408408408408,0.5385385385385385,0.5734959336067371,0.5863607793840353
My Guy - Single Version                                                                                                                                                           - Mary Wells                                      ,0.7537537537537538,0.2972972972972973,0.8883883883883883,0.3856591136591137,1.0,0.3868868868868869,0.7891860871598655,0.2686974422832641,0.6226226226226226,0.5385385385385385,0.9569569569569569,0.6224370026899558
Ode To Billie Joe                                                                                                                                                                 - Bobbie Gentry                                   ,0.6631631631631631,0.11611611611611611,0.6341341341341341,0.274070691212385,1.0,0.3993993993993994,0.8028028028028028,0.0,0.26326326326326327,0.5385385385385385,0.7647647647647647,0.5214603551394973
Both Sides Now                                                                                                                                                                    - Judy Collins                                    ,0.29979979979979976,0.16410856614118258,0.7217217217217218,0.3524564882132628,1.0,0.060560560560560556,0.7036209208761735,0.0,0.3128128128128128,0.5385385385385385,0.36236236236236236,0.0021177668948963438
Georgia on My Mind - Original Master Recording                                                                                                                                    - Ray Charles                                     ,0.025043707754906153,0.20686366840212997,0.6341341341341341,0.38017094347566444,1.0,0.08008008008008008,0.8213213213213213,0.2901258432251064,0.6791791791791792,0.5385385385385385,0.36336336336336333,0.9749128656052606
Do Wah Diddy Diddy                                                                                                                                                                - Manfred Mann                                    ,0.7067067067067067,0.3078078078078078,0.3918918918918919,0.416714357987284,1.0,0.4264264264264264,0.637472407635383,0.0,0.047627261726478444,0.5385385385385385,0.9772458386690596,0.5984618506593327
What the World Needs Now Is Love                                                                                                                                                  - Dionne Warwick                                  ,0.557057057057057,0.19090878509121942,1.0,0.3282515243466008,0.0,0.1991991991991992,0.882875605815832,0.3275843403441331,0.5480480480480481,0.05005005005005005,0.48148148148148145,0.4290348683668443
Hey Jude                                                                                                                                                                          - Wilson Pickett                                  ,0.537037037037037,0.2012012012012012,0.5445445445445445,0.13666941753881376,1.0,0.1046046046046046,0.5525525525525525,0.45644383879677997,0.6401401401401401,0.5385385385385385,0.7377377377377378,0.09185035791387353
Crimson & Clover                                                                                                                                                                  - Tommy James & The Shondells                     ,0.39789789789789787,0.3533533533533533,1.0,0.23121875445947115,1.0,0.5977460836795877,0.6468309877864801,0.5828887772608461,0.37887887887887883,0.5385385385385385,0.7547547547547547,0.11607435013369605
"Yester-Me, Yester-You, Yesterday                                                                                                                                                - Stevie Wonder                                   ",0.602102102102102,0.18820678513731828,0.5445445445445445,0.24573275286255175,1.0,0.016016016016016016,0.39372706039372707,0.0,0.25225225225225223,0.5385385385385385,0.7167167167167167,0.30553962667808454
Stop! In The Name Of Love                                                                                                                                                         - The Supremes                                    ,0.6441441441441442,0.3400646203554118,0.0,0.48255687973997835,1.0,0.027527527527527528,0.7333547248515964,0.0,0.3433433433433434,0.5385385385385385,0.5695695695695696,0.4564518141040357
Bus Stop                                                                                                                                                                          - The Hollies                                     ,0.5975975975975976,0.45095095095095095,0.3918918918918919,0.38439205667169896,0.0,0.08458458458458458,0.5090731612470744,0.0,0.22422422422422422,0.5385385385385385,0.8483483483483483,0.7692554892554893
Needles and Pins - Mono                                                                                                                                                           - The Searchers                                   ,0.5440440440440439,0.8778778778778779,0.8058058058058057,0.592620595796159,1.0,0.25625625625625625,0.44492569492569495,0.3631436123623624,0.08258258258258261,0.5385385385385385,0.9306006207414658,0.5748199125361055
Daydream                                                                                                                                                                          - The Lovin' Spoonful                             ,0.93993993993994,0.17853266240363017,0.16616616616616617,0.24846903200279702,1.0,0.44644644644644643,0.8438438438438438,0.0,0.3963963963963964,0.5385385385385385,0.8928928928928929,0.41347893654937096
At Last - Single Version                                                                                                                                                          - Etta James                                      ,0.05655655655655656,0.17538566234218392,0.4664664664664665,0.3127878272386943,1.0,0.10760760760760761,0.8028028028028028,0.46280328147823413,0.8448448448448449,0.05005005005005005,0.39539539539539537,0.9569939990612597
Good Lovin' - Single Version                                                                                                                                                      - The Young Rascals                               ,0.16916916916916916,0.2682682682682683,0.27127127127127126,0.1820328670586137,1.0,0.34984984984984985,0.24273907910271547,0.45945945945945943,0.8563563563563563,0.5385385385385385,0.8773773773773774,0.9940741807884521
It Takes Two                                                                                                                                                                      - Marvin Gaye                                     ,0.4769874476987445,0.25125125125125125,0.3383383383383384,0.2661665387743776,1.0,0.42842842842842843,0.6076076076076076,0.0,0.13513513513513514,0.5385385385385385,0.8698698698698699,0.8700397413977539
Delilah                                                                                                                                                                           - Tom Jones                                       ,0.48465698507123506,0.252514973445206,0.8058058058058057,0.2656660539296843,0.0,0.017017017017017015,0.7662426706674494,0.0,0.9610865300170925,0.005005005005005005,0.8503503503503503,0.23747698809777545
Hang On Sloopy                                                                                                                                                                    - The McCoys                                      ,0.8708708708708709,0.27427427427427425,0.6341341341341341,0.22144508298560067,1.0,0.12462462462462463,0.5703021703021702,0.0,0.12212212212212212,0.5385385385385385,0.9645793485793489,0.4615550073955695
Walk on By                                                                                                                                                                        - Dionne Warwick                                  ,0.7707707707707707,0.17757321750062224,0.4664664664664665,0.36446406175665724,1.0,0.06306306306306306,0.8018018018018018,0.40040732663926015,0.5445445445445445,0.5385385385385385,0.6096096096096096,0.2792397554070192
No Particular Place To Go - Stereo Remix                                                                                                                                          - Chuck Berry                                     ,0.557057057057057,0.2962962962962963,0.6341341341341341,0.23790320705392257,1.0,0.5807751299686784,0.6046046046046046,0.4084084084084084,0.08558558558558559,0.5385385385385385,0.998998998998999,0.6988209203046633
Mr. Tambourine Man                                                                                                                                                                - Bob Dylan                                       ,0.33433433433433435,0.16716716716716717,0.4664664664664665,0.15081747354777958,1.0,0.5945945945945946,0.8254766638146527,0.0,0.9151662907285095,0.5385385385385385,0.6636636636636637,0.968544585145605
Love Me Do - Mono / Remastered                                                                                                                                                    - The Beatles                                     ,0.478978978978979,0.7257257257257257,0.0,0.9065732399065731,1.0,0.7502502502502502,0.6987096006897986,0.42195469557490134,0.6001001001001001,0.5385385385385385,0.8215280343993213,0.852774629055014
Hey! Baby - Remastered                                                                                                                                                            - Bruce Channel                                   ,0.46646646646646645,0.36436436436436437,0.8058058058058057,0.7063958432524452,1.0,0.18468468468468469,0.6818003413748097,0.0,0.7907907907907907,0.5385385385385385,0.7197197197197197,0.007012514223562337
Rhythm of the Rain                                                                                                                                                                - The Cascades                                    ,0.7037037037037037,0.4069069069069069,0.0,0.4103204686423157,1.0,0.3483483483483483,0.7697697697697697,0.42683675997320414,0.5445445445445445,0.5385385385385385,0.7447447447447447,0.4729397119234657
Chain of Fools                                                                                                                                                                    - Aretha Franklin                                 ,0.8048048048048048,0.3173173173173173,0.8883883883883883,0.337118002715069,1.0,0.24874874874874875,0.6136136136136137,0.0,0.9469469469469469,0.5385385385385385,0.9469469469469469,0.47327896330874214
In the Ghetto                                                                                                                                                                     - Elvis Presley                                   ,0.3883883883883884,0.2122991347342398,0.8883883883883883,0.27856095949633664,1.0,0.13863863863863862,0.8208208208208209,0.531322267331312,0.36936936936936937,0.5385385385385385,0.5375375375375375,0.13244087229887472
I Can See Clearly Now                                                                                                                                                             - Johnny Nash                                     ,0.7442442442442443,0.2852852852852853,0.27127127127127126,0.39437837246258817,1.0,0.5405405405405406,0.7019386106623587,0.39409378739454926,0.06806806806806806,0.5385385385385385,0.6576576576576576,0.5756189893744479
Wild World                                                                                                                                                                        - Yusuf / Cat Stevens                             ,0.4274274274274274,0.2690068207054914,0.0,0.35135704173096793,1.0,0.19569569569569567,0.6886886886886887,0.4725966254823081,0.27927927927927926,0.5385385385385385,0.6366366366366366,0.8712197212717472
Easy                                                                                                                                                                              - Commodores                                      ,0.5615615615615616,0.2213349107759047,0.8883883883883883,0.1721687891080229,0.0,0.08758758758758758,0.6199328627114047,0.4876390605686031,0.13113113113113112,0.5385385385385385,0.42842842842842843,0.7340335502402442
Hotel California - 2013 Remaster                                                                                                                                                  - Eagles                                          ,0.5655655655655656,0.2690068207054914,0.27127127127127126,0.33933933933933935,1.0,0.017017017017017015,0.28524203069657617,0.4561727626243755,0.05654281098546041,0.5385385385385385,0.6876876876876877,0.8469834775736166
"Rocket Man (I Think It's Going To Be A Long, Long Time)                                                                                                                         - Elton John                                      ",0.5975975975975976,0.2882882882882883,0.8883883883883883,0.3588071336986055,1.0,0.03565576749934291,0.7112112112112112,0.3111225492489823,0.2502502502502503,0.5385385385385385,0.4174174174174174,0.7712608133827861
How Deep Is Your Love                                                                                                                                                             - Bee Gees                                        ,0.6566566566566566,0.18820678513731828,0.4664664664664665,0.34830729072324706,0.0,0.012012012012012012,0.5105008077544425,0.0,0.5325325325325325,0.5385385385385385,0.7457457457457457,0.3504197080976106
Ain't No Stoppin' Us Now - Single Version                                                                                                                                         - McFadden & Whitehead                            ,0.8048048048048048,0.5095095095095095,0.16616616616616617,0.6106246612881112,1.0,0.46768982229402234,0.4857957545675362,0.0,0.5405405405405406,0.5385385385385385,0.9169169169169169,0.43265388897230844
Ain't No Sunshine                                                                                                                                                                 - Bill Withers                                    ,0.4840421427013605,0.21347127216369416,0.3918918918918919,0.24406250911105276,0.0,0.8168168168168168,0.7182482216964976,0.3439869989165764,0.44994994994994997,0.5385385385385385,0.6006006006006006,0.06275316263306646
Wonderful Tonight                                                                                                                                                                 - Eric Clapton                                    ,0.5530530530530531,0.12812812812812813,0.6341341341341341,0.13238475553993986,1.0,0.04504504504504504,0.7769500269500269,0.6476476476476476,0.496996996996997,0.5385385385385385,0.5655655655655656,0.23517347811525757
Maggie May                                                                                                                                                                        - Rod Stewart                                     ,0.6036036036036035,0.3233233233233233,0.27127127127127126,0.2824815821688956,1.0,0.22322322322322322,0.7481602890018733,0.6433715077671842,0.10271774664838249,0.5385385385385385,0.6268179110284374,0.6971311386066087
You're so Vain                                                                                                                                                                    - Carly Simon                                     ,0.7037037037037037,0.4274274274274274,0.0,0.41991330088990314,1.0,0.08458458458458458,0.5625625625625625,0.31459776102633247,0.15365365365365363,0.5385385385385385,0.7227227227227228,0.3667505930030056
Listen to the Music                                                                                                                                                               - The Doobie Brothers                             ,0.6766766766766766,0.3433433433433433,0.16616616616616617,0.18577494692144375,0.0,0.12762762762762764,0.6136136136136137,0.28842588876530323,0.12112112112112113,0.5385385385385385,0.9464252985379746,0.36291368449641837
Give A Little Bit                                                                                                                                                                 - Supertramp                                      ,0.4894894894894895,0.6186186186186187,0.27127127127127126,0.7391706960181639,1.0,0.36686686686686687,0.4675274141737556,0.5571579157524731,0.7792792792792793,0.5385385385385385,0.5510510510510511,0.16235578844066506
Go Your Own Way - 2004 Remaster                                                                                                                                                   - Fleetwood Mac                                   ,0.5710710710710711,0.8618618618618619,0.4664664664664665,0.7640793638052035,1.0,0.22572572572572575,0.35035035035035034,0.48170011806375446,0.1001615508885298,0.5385385385385385,0.8634894991922459,0.7606542381655796
Let Your Love Flow                                                                                                                                                                - The Bellamy Brothers                            ,0.7377377377377378,0.304812951303287,0.3383383383383384,0.14713967389205876,1.0,0.09109109109109109,0.4579968312224515,0.3172614877772948,0.5540540540540541,0.5385385385385385,0.970970970970971,0.39338739198996747
Tiny Dancer                                                                                                                                                                       - Elton John                                      ,0.3533533533533533,0.21867691986997842,0.0,0.25947915484432343,1.0,0.026026026026026026,0.6906906906906907,0.4313464872878942,0.5825825825825826,0.5385385385385385,0.34734734734734735,0.8369713681696608
Midnight Train to Georgia                                                                                                                                                         - Gladys Knight & The Pips                        ,0.5875875875875876,0.1991991991991992,0.8883883883883883,0.2232905309513137,0.0,0.37037037037037035,0.6436436436436437,0.3612236954362048,0.3128128128128128,0.5385385385385385,0.5315315315315315,0.17518528169101308
Cecilia                                                                                                                                                                           - Simon & Garfunkel                               ,0.8573573573573574,0.7167167167167168,0.0,0.3745328298853819,1.0,0.1886886886886887,0.6812381301195349,0.3042548486729009,0.7287287287287287,0.5385385385385385,0.975975975975976,0.326226759976211
My Life                                                                                                                                                                           - Billy Joel                                      ,0.8323323323323324,0.3898898898898899,0.27127127127127126,0.19553099282829012,1.0,0.3228228228228228,0.5135135135135135,0.48887515451174285,0.04704704704704705,0.5385385385385385,0.8648648648648649,0.7237423831059159
American Pie                                                                                                                                                                      - Don McLean                                      ,0.4894894894894895,0.2520282520282521,0.3918918918918919,0.23323323323323322,0.0,0.5385385385385385,0.7927927927927928,0.0,0.18618618618618618,0.5385385385385385,0.5725725725725725,0.7842867637630553
Follow You Follow Me - Remastered 2007                                                                                                                                            - Genesis                                         ,0.4894894894894895,0.5145145145145145,0.6341341341341341,0.3479855921548056,1.0,0.15165165165165165,0.5525525525525525,0.6259179931082612,0.11011011011011011,0.5385385385385385,0.8248248248248248,0.19502646844038804
"December, 1963 (Oh, What a Night)                                                                                                                                               - Frankie Valli & The Four Seasons                ",0.8168168168168168,0.34534534534534533,0.16616616616616617,0.336279242480505,1.0,0.006006006006006006,0.4644636131697242,0.31986159706366957,0.012012012012012012,0.5385385385385385,0.9874874874874875,0.34487180198213613
Moondance - 2013 Remaster                                                                                                                                                         - Van Morrison                                    ,0.6050080775444264,0.1582461195817962,0.8058058058058057,0.21811769702011272,0.0,0.1366366366366366,0.7314249341323273,0.32187159501234486,0.5930930930930931,0.5385385385385385,0.6446446446446447,0.01293726882637934
She's Always a Woman                                                                                                                                                              - Billy Joel                                      ,0.22972972972972971,0.17461644693355938,0.3383383383383384,0.22517298262649665,1.0,0.15565565565565564,0.8268268268268268,0.45341723778771537,0.47047047047047047,0.05005005005005005,0.46446446446446443,0.9661735569588515
Solsbury Hill                                                                                                                                                                     - Peter Gabriel                                   ,0.7367367367367368,0.3733733733733734,1.0,0.3896768893245577,1.0,0.060560560560560556,0.6807570139299751,0.4344552835118873,0.9129129129129129,0.005005005005005005,0.5444763793644392,0.3233686169594044
Don't Go Breaking My Heart                                                                                                                                                        - Elton John                                      ,0.8168168168168168,0.6631631631631631,0.4664664664664665,0.37603484911232293,1.0,0.15165165165165165,0.5548706240487061,0.2796807244820091,0.06966602966602968,0.5385385385385385,0.8388388388388388,0.7259516824001186
The Air That I Breathe - 2008 Remaster                                                                                                                                            - The Hollies                                     ,0.20870870870870872,0.24524524524524524,0.3918918918918919,0.40738413124034034,0.0,0.07607607607607608,0.6241241241241242,0.49520297115858153,0.6116116116116116,0.5385385385385385,0.30937921161384835,0.92215294563476
Crazy Little Thing Called Love - Remastered 2011                                                                                                                                  - Queen                                           ,0.5940940940940941,0.5345345345345345,0.0,0.5477410490338248,1.0,0.3123123123123123,0.7987987987987988,0.3003342274934367,0.8853853853853855,0.5385385385385385,0.7773067184831889,0.05301560513681736
Bridge Over Troubled Water                                                                                                                                                        - Simon & Garfunkel                               ,0.037037037037037035,0.12362362362362363,0.3383383383383384,0.16667440028110195,1.0,0.1046046046046046,0.8378378378378378,0.46553259707873174,0.43843843843843844,0.5385385385385385,0.32432432432432434,0.07449735735979432
Big Yellow Taxi                                                                                                                                                                   - Joni Mitchell                                   ,0.6131131131131131,0.2431240764574099,0.3918918918918919,0.3576592338073603,1.0,0.17717717717717718,0.7549897657136263,0.0,0.964964964964965,0.5385385385385385,0.9954954954954955,0.12423681118464461
Take It Easy - 2013 Remaster                                                                                                                                                      - Eagles                                          ,0.5590590590590591,0.41541541541541543,0.6341341341341341,0.2911686589950045,1.0,0.0945945945945946,0.6766766766766766,0.3024606611046573,0.516016016016016,0.5385385385385385,0.8063063063063063,0.7892686172284309
"Knowing Me, Knowing You                                                                                                                                                         - ABBA                                            ",0.52002002002002,0.505005005005005,0.27127127127127126,0.521956390504002,1.0,0.057057057057057055,0.4214214214214214,0.2912010215381002,0.7477477477477478,0.5385385385385385,0.9409409409409409,0.37723893689300714
What a Fool Believes                                                                                                                                                              - The Doobie Brothers                             ,0.861876669568977,0.1981981981981982,0.7217217217217218,0.13702572746366476,0.0,0.36186186186186187,0.6516516516516516,0.0,0.029029029029029027,0.5385385385385385,1.0,0.5275708354313544
Just the Way You Are                                                                                                                                                              - Billy Joel                                      ,0.5805805805805806,0.23223223223223222,0.6341341341341341,0.37245621096500847,1.0,0.26476476476476474,0.7947947947947948,0.357732152753612,0.5365365365365365,0.5385385385385385,0.5985985985985985,0.7888652514694935
Your Song                                                                                                                                                                         - Elton John                                      ,0.5255255255255256,0.17017017017017017,0.3383383383383384,0.26126126126126126,1.0,0.055055055055055056,0.8408408408408409,0.30704789810562666,0.31931931931931934,0.5385385385385385,0.3993993993993994,0.6836256277156405
50 Ways to Leave Your Lover                                                                                                                                                       - Paul Simon                                      ,0.9344344344344344,0.193993993993994,0.6341341341341341,0.19717459417313515,1.0,0.6418618924995392,0.5695695695695696,0.4079079079079079,0.14414414414414414,0.5385385385385385,0.36036036036036034,0.31208280649755066
Livin' Thing                                                                                                                                                                      - Electric Light Orchestra                        ,0.5185185185185185,0.3963963963963964,0.0,0.5242584259438191,1.0,0.1046046046046046,0.7567999033516275,0.0,0.4764764764764765,0.5385385385385385,0.44844844844844844,0.5553285330203563
Everything I Own                                                                                                                                                                  - Bread                                           ,0.3133133133133133,0.18066438531554807,0.27127127127127126,0.1792026630736308,1.0,0.1016016016016016,0.8070643133840163,0.0,0.3433433433433434,0.5385385385385385,0.53003003003003,0.07090785865525563
I Am...I Said - Single Version                                                                                                                                                    - Neil Diamond                                    ,0.16016016016016016,0.1961961961961962,0.8883883883883883,0.15386016734114952,1.0,0.01901901901901902,0.5475475475475475,0.30267187665012146,0.3868868868868869,0.5385385385385385,0.5945945945945946,0.1605604896430259
Me and Bobby McGee                                                                                                                                                                - Janis Joplin                                    ,0.37237237237237236,0.23823823823823823,0.27127127127127126,0.2645557421534542,1.0,0.34984984984984985,0.6611611611611612,0.385255565834561,0.5930930930930931,0.5385385385385385,0.7337337337337337,0.1937066940885034
Daniel                                                                                                                                                                            - Elton John                                      ,0.7492492492492493,0.24824824824824826,0.0,0.22669099251517805,1.0,0.04104104104104104,0.6897656213104871,0.3799545835995915,0.2012012012012012,0.5385385385385385,0.936995153473344,0.7328320347889107
Fire and Rain                                                                                                                                                                     - James Taylor                                    ,0.6131131131131131,0.18541409147095175,0.4664664664664665,0.15204491293788253,1.0,0.17717717717717718,0.7307307307307307,0.3198046591828975,0.1871871871871872,0.5385385385385385,0.44177309839960444,0.047122913268733954
Piano Man                                                                                                                                                                         - Billy Joel                                      ,0.2772772772772773,0.3023023023023023,0.0,0.5945945945945946,1.0,0.01901901901901902,0.7640961461943175,0.2934601267934601,0.6871871871871872,0.05005005005005005,0.5125125125125125,0.9689547597226478
It's Too Late                                                                                                                                                                     - Carole King                                     ,0.7667667667667668,0.22822822822822822,0.8058058058058057,0.2004189797207253,0.0,0.03303303303303303,0.7301195585023967,0.5361281066111002,0.6561561561561562,0.5385385385385385,0.8503503503503503,0.3439258974731802
Annie's Song                                                                                                                                                                      - John Denver                                     ,0.2702702702702703,0.1663889570504357,0.27127127127127126,0.24124124124124124,1.0,0.05305305305305305,0.8858858858858859,0.5400749911923097,0.9402869212029518,0.05005005005005005,0.5310310310310311,0.8469321108990309
When You're In Love With A Beautiful Woman                                                                                                                                        - Dr. Hook                                        ,0.7707707707707707,0.33433433433433435,0.8058058058058057,0.23476853149030233,1.0,0.6386386386386387,0.2822822822822823,0.4867822318526544,0.49199199199199195,0.5385385385385385,0.5095095095095095,0.44442993671000847
Cracklin' Rosie - Single Version                                                                                                                                                  - Neil Diamond                                    ,0.5390390390390389,0.26626626626626626,0.16616616616616617,0.1445941354198235,1.0,0.12762762762762764,0.6682201538555129,0.0,0.6251251251251251,0.5385385385385385,0.9029029029029029,0.638204665233968
Goodbye Yellow Brick Road - Remastered 2014                                                                                                                                       - Elton John                                      ,0.5335335335335335,0.24524524524524524,0.4664664664664665,0.4641071868486199,1.0,0.027527527527527528,0.7148504059615172,0.4894954656148685,0.6001001001001001,0.5385385385385385,0.47997997997998,0.5329381053940951
You Are The Sunshine Of My Life                                                                                                                                                   - Stevie Wonder                                   ,0.47097097097097096,0.23623623623623624,1.0,0.15105580333264723,1.0,0.6036036036036035,0.8385130572841577,0.3859977552567877,0.7597597597597597,0.5385385385385385,0.7472472472472473,0.7330811741257469
The Boxer                                                                                                                                                                         - Simon & Garfunkel                               ,0.38038038038038036,0.25625625625625625,1.0,0.15290132900195796,1.0,0.5505505505505506,0.7940147635935471,0.44266279056089,0.617117117117117,0.5385385385385385,0.7087087087087087,0.18776488793819812
Take A Chance On Me                                                                                                                                                               - ABBA                                            ,0.7457457457457457,0.4224224224224224,1.0,0.42503124483707005,1.0,0.007007007007007007,0.5665665665665666,0.0,0.7582582582582582,0.5385385385385385,0.954954954954955,0.37525233384129075
Lola                                                                                                                                                                              - The Kinks                                       ,0.4159159159159159,0.7952952952952952,0.8058058058058057,0.8741841308448768,1.0,0.2602602602602603,0.7562925244084664,0.6771861010271604,0.7022022022022022,0.5385385385385385,0.9404404404404405,0.8732681099890187
Crocodile Rock                                                                                                                                                                    - Elton John                                      ,0.6306306306306306,0.592092092092092,0.3918918918918919,0.5049390341710299,0.0,0.15165165165165165,0.37639150816935896,0.34034034034034033,0.06354485326447944,0.5385385385385385,0.993993993993994,0.8614587302172565
Into the Mystic - 2013 Remaster                                                                                                                                                   - Van Morrison                                    ,0.6081081081081081,0.28128128128128127,0.7217217217217218,0.2982530760308538,1.0,0.07607607607607608,0.6852174497352974,0.5120622733987888,0.43843843843843844,0.5385385385385385,0.8583583583583583,0.12737858384239842
More Than a Feeling                                                                                                                                                               - Boston                                          ,0.32432432432432434,0.4314314314314314,0.6341341341341341,0.4331716875886488,1.0,0.055055055055055056,0.21850947821186953,0.5068599666202406,0.03122047546653942,0.5385385385385385,0.35035035035035034,0.38938154547954085
He Ain't Heavy He's My Brother - 1998 Remaster                                                                                                                                    - The Hollies                                     ,0.24474474474474472,0.21521521521521522,0.6341341341341341,0.45925925925925914,1.0,0.04504504504504504,0.71900915600584,0.3733354907184285,0.6251251251251251,0.5385385385385385,0.27427427427427425,0.046466385865075725
Silly Love Songs - Remastered 2014                                                                                                                                                - Wings                                           ,0.8343343343343343,0.24394184168012928,0.0,0.272368162918,1.0,0.11161161161161161,0.5395395395395395,0.6358186651131561,0.8018018018018018,0.5385385385385385,0.8758758758758759,0.5825313854577093
Forever In Blue Jeans                                                                                                                                                             - Neil Diamond                                    ,0.7822822822822824,0.2030088507751738,0.8058058058058057,0.17146563398292933,1.0,0.10760760760760761,0.362527592364617,0.37110582421867844,0.26726726726726724,0.5385385385385385,0.8958958958958959,0.16119255826812878
Burning Love                                                                                                                                                                      - Elvis Presley                                   ,0.7052052052052051,0.5165165165165165,0.27127127127127126,0.25511663624408715,1.0,0.03303303303303303,0.5050207683522067,0.538872649061951,0.8003003003003002,0.5385385385385385,0.9967766361208987,0.8247074953676476
Afternoon Delight                                                                                                                                                                 - Starland Vocal Band                             ,0.43793793793793795,0.22522522522522523,0.4664664664664665,0.23439494411755551,1.0,0.060560560560560556,0.7392442131572567,0.0,0.3278278278278278,0.5385385385385385,0.8678678678678678,0.8466361286865043
Mandy                                                                                                                                                                             - Barry Manilow                                   ,0.24924924924924924,0.23923923923923923,0.8883883883883883,0.3637688845512808,1.0,0.027527527527527528,0.7062062062062062,0.277401249012401,0.5665665665665666,0.5385385385385385,0.3908908908908909,0.33736915866448136
Ventura Highway                                                                                                                                                                   - America                                         ,0.7272272272272272,0.3303303303303303,0.27127127127127126,0.3008364463525208,1.0,0.04104104104104104,0.614280947614281,0.4247770959109347,0.07915993537964458,0.5385385385385385,0.8798798798798799,0.7202592186531098
It Never Rains in Southern California                                                                                                                                             - Albert Hammond                                  ,0.6406406406406406,0.3157058157058157,0.8058058058058057,0.30937580350773397,1.0,0.018018018018018018,0.5295295295295295,0.0,0.16916916916916916,0.5385385385385385,0.954954954954955,0.47234641630626817
Vincent                                                                                                                                                                           - Don McLean                                      ,0.3588588588588588,0.061276818659524876,0.6341341341341341,0.08104641326806539,1.0,0.1886886886886887,0.8778778778778779,0.3055856172294528,0.8758758758758759,0.05005005005005005,0.5405405405405406,0.1688026844148162
Nobody Does It Better                                                                                                                                                             - Marvin Hamlisch                                 ,0.31583198707592897,0.20876198201779597,0.8883883883883883,0.20101273343168602,1.0,0.03803803803803804,0.7947947947947948,0.31923577078921994,0.7042042042042043,0.5385385385385385,0.41519383764122664,0.7598246853463961
Love Will Keep Us Together                                                                                                                                                        - Captain & Tennille                              ,0.7402402402402402,0.25325325325325326,0.3918918918918919,0.17153368125309967,1.0,0.16016016016016016,0.6672922922922924,0.0,0.4764764764764765,0.5385385385385385,0.953953953953954,0.7000071272220826
Band On The Run - Remastered 2010                                                                                                                                                 - Wings                                           ,0.4224224224224224,0.34634634634634637,0.6341341341341341,0.37704746866323785,1.0,0.0945945945945946,0.48547797373747503,0.4899929780526795,0.3963963963963964,0.5385385385385385,0.7417417417417418,0.5835835835835835
Born to Run                                                                                                                                                                       - Bruce Springsteen                               ,0.19569569569569567,0.8558558558558558,0.3918918918918919,0.8731940670645105,1.0,0.7455573505654282,0.2789566543983505,0.3494568579638762,0.44494494494494496,0.5385385385385385,0.6846846846846847,0.8438499572308784
You Sexy Thing                                                                                                                                                                    - Hot Chocolate                                   ,0.9064064064064064,0.4934934934934935,0.4664664664664665,0.7229908121237723,1.0,0.5646292359775505,0.7367367367367368,0.49434117802597266,0.632132132132132,0.5385385385385385,0.9834834834834835,0.361998242508182
Bennie And The Jets - Remastered 2014                                                                                                                                             - Elton John                                      ,0.7122122122122122,0.42042042042042044,0.0,0.44177510844177503,1.0,0.43043043043043044,0.6361361361361362,0.3188847088267836,0.9539546243269791,0.5385385385385385,0.8408408408408409,0.7367338331135374
Long Train Runnin'                                                                                                                                                                - The Doobie Brothers                             ,0.5590590590590591,0.7847847847847848,0.6341341341341341,0.5063241603165557,0.0,0.25625625625625625,0.49508067689885876,0.503984879838432,0.050050050050050046,0.5385385385385385,0.8998998998998999,0.48087633351330905
You Ain't Seen Nothing Yet                                                                                                                                                        - Bachman-Turner Overdrive                        ,0.4174174174174174,0.22522522522522523,1.0,0.14160105210870333,0.0,0.3228228228228228,0.1647449970979383,0.4355429738804295,0.7327327327327328,0.5385385385385385,0.8238238238238238,0.49055811267260535
If You Leave Me Now                                                                                                                                                               - Chicago                                         ,0.3763763763763764,0.31431431431431434,1.0,0.5595595595595596,1.0,0.015015015015015015,0.35487302655352443,0.47380459025916544,0.5115115115115114,0.5385385385385385,0.33783783783783783,0.34333543518470816
Lovely Day                                                                                                                                                                        - Bill Withers                                    ,0.7577577577577578,0.3963963963963964,0.8058058058058057,0.4151904561129069,1.0,0.10760760760760761,0.6559960232526605,0.5089017448435459,0.35235235235235235,0.5385385385385385,0.7727727727727728,0.2698050172585824
Layla                                                                                                                                                                             - Derek & The Dominos                             ,0.34534534534534533,0.7632632632632632,0.16616616616616617,0.9039021666033341,1.0,0.5864997764863658,0.7541732168410021,0.688417843106484,0.8063063063063063,0.5385385385385385,0.5795795795795796,0.4647886748593879
Who'll Stop The Rain                                                                                                                                                              - Creedence Clearwater Revival                    ,0.5925925925925926,0.587087087087087,0.6341341341341341,0.5573905661854451,1.0,0.12062062062062062,0.4209784535365931,0.44747580887986976,0.11811811811811812,0.5385385385385385,0.7007007007007007,0.5647365298351319
"Signed, Sealed, Delivered (I'm Yours)                                                                                                                                           - Stevie Wonder                                   ",0.7212212212212212,0.3613613613613614,0.0,0.29260603744745894,0.0,0.1046046046046046,0.4391507906253596,0.0,0.029470822711379366,0.5385385385385385,0.8668668668668669,0.3899731402787243
Morning Has Broken                                                                                                                                                                - Yusuf / Cat Stevens                             ,0.36536536536536535,0.17317317317317318,0.6341341341341341,0.1862928470824216,1.0,0.08208208208208209,0.7682682682682682,0.5825092707045736,0.23023023023023023,0.05005005005005005,0.4894894894894895,0.742426663170815
Still The Same                                                                                                                                                                    - Bob Seger                                       ,0.7872872872872874,0.5445445445445445,0.0,0.5665665665665666,1.0,0.03203203203203203,0.6996996996996997,0.418993051147207,0.06406406406406406,0.5385385385385385,0.6396396396396397,0.46446367759852186
Fernando                                                                                                                                                                          - ABBA                                            ,0.3023023023023023,0.2902902902902903,0.8058058058058057,0.3741366543039184,1.0,0.06306306306306306,0.7697697697697697,0.28028232506548034,0.16750083416750083,0.5385385385385385,0.5175175175175175,0.41367927395974624
Here You Come Again                                                                                                                                                               - Dolly Parton                                    ,0.5755755755755756,0.2702702702702703,0.16616616616616617,0.34766389358636446,1.0,0.2527527527527528,0.7766147809886673,0.5471464965429683,0.013334204360716936,0.5385385385385385,0.6336336336336337,0.3623826807280045
Sir Duke                                                                                                                                                                          - Stevie Wonder                                   ,0.5790790790790791,0.31824582242409544,0.5445445445445445,0.3247962247962248,1.0,0.5925925925925926,0.5646292359775505,0.0,0.15815815815815815,0.5385385385385385,0.9741546304302658,0.3727910565173361
I Want You to Want Me                                                                                                                                                             - Cheap Trick                                     ,0.924924924924925,0.23746841529751458,0.27127127127127126,0.19864188695357524,1.0,0.055055055055055056,0.8204940234352,0.5695695695695696,0.5880880880880881,0.5385385385385385,0.8028028028028028,0.1819341513789338
Never Going Back Again - 2004 Remaster                                                                                                                                            - Fleetwood Mac                                   ,0.6961961961961962,0.1798516687268232,0.5445445445445445,0.19679246397095357,1.0,0.2277277277277277,0.8520339740724183,0.7029629629629629,0.15415415415415415,0.5385385385385385,0.9714714714714714,0.9646875909429709
"Jive Talkin' - From ""Saturday Night Fever"" Soundtrack                                                                                                                         - Bee Gees                                        ",0.9309309309309309,0.2987987987987988,0.6341341341341341,0.19373341996495055,0.0,0.5210210210210211,0.5610610610610611,0.6336794380024396,0.6061061061061062,0.5385385385385385,0.8008008008008007,0.362605359727662
Kiss You All Over                                                                                                                                                                 - Exile                                           ,0.8323323323323324,0.14967993471178187,0.0,0.11009310812227643,1.0,0.03453453453453453,0.6326326326326326,0.4508816508816509,0.3003003003003003,0.5385385385385385,0.5795795795795796,0.32378404426793395
I Shot The Sheriff                                                                                                                                                                - Eric Clapton                                    ,0.8178178178178178,0.38238238238238237,0.6341341341341341,0.26136122127725486,0.0,0.4670468495192812,0.48798840583779635,0.5055055055055055,0.3278278278278278,0.5385385385385385,0.7322322322322322,0.21170100531305877
Rock the Boat                                                                                                                                                                     - Hues Corporation                                ,0.6326326326326326,0.46546546546546547,0.3383383383383384,0.37596324664919817,1.0,0.6226226226226226,0.4615478070708298,0.0,0.08308308308308308,0.5385385385385385,0.7907907907907907,0.3773732263673982
Superstition                                                                                                                                                                      - Stevie Wonder                                   ,0.6131131131131131,0.32732732732732733,0.16616616616616617,0.15890872271682935,1.0,0.5945945945945946,0.45642150504174156,0.5868155737436783,0.2962962962962963,0.5385385385385385,0.9269269269269269,0.3049576817442969
Have You Ever Seen The Rain                                                                                                                                                       - Creedence Clearwater Revival                    ,0.8323323323323324,0.4494494494494494,0.0,0.5318570850485745,1.0,0.025025025025025023,0.4645890558061198,0.35451261976544873,0.5325325325325325,0.5385385385385385,0.8368328448089167,0.4696140131060766
I Saw the Light - 2015 Remaster                                                                                                                                                   - Todd Rundgren                                   ,0.45345345345345345,0.42042042042042044,0.0,0.22965277389547673,0.0,0.13113113113113112,0.6076076076076076,0.2752752752752753,0.6401401401401401,0.5385385385385385,0.6601601601601601,0.524339651929982
Lean on Me                                                                                                                                                                        - Bill Withers                                    ,0.6266266266266266,0.13013013013013014,0.0,0.16770974177117523,1.0,0.5925925925925926,0.8213213213213213,0.3334763334763336,0.49199199199199195,0.5385385385385385,0.508008008008008,0.04206915751512322
Right Down the Line                                                                                                                                                               - Gerry Rafferty                                  ,0.8968968968968969,0.17378817932323473,0.0,0.14101740699602264,1.0,0.14764764764764765,0.6056056056056056,0.5095927276846524,0.4314314314314314,0.5385385385385385,0.8328328328328328,0.6849963357142594
Get It On                                                                                                                                                                         - T. Rex                                          ,0.8153203759877167,0.7212212212212212,1.0,0.5435435435435435,0.0,0.5065065065065065,0.5775775775775776,0.8398398398398398,0.9695557197628448,0.5385385385385385,0.9455947175245422,0.6235821657253781
I Don't Like Mondays                                                                                                                                                              - The Boomtown Rats                               ,0.40540540540540543,0.23623623623623624,1.0,0.5491551655773143,1.0,0.25625625625625625,0.8011344678011344,0.0,0.5910910910910911,0.5385385385385385,0.5565565565565566,0.8249436044451498
Knockin' On Heaven's Door                                                                                                                                                         - Bob Dylan                                       ,0.46446446446446443,0.20553887220553888,0.6341341341341341,0.1899612324015506,1.0,0.057057057057057055,0.6316316316316316,0.6642825212337953,0.3963963963963964,0.5385385385385385,0.28928928928928926,0.8054130512544231
Do It Again                                                                                                                                                                       - Steely Dan                                      ,0.7422422422422423,0.2922922922922923,0.27127127127127126,0.2986460584070524,0.0,0.1046046046046046,0.6106708778392692,0.3645904118625755,0.04733715438676273,0.5385385385385385,0.9854854854854855,0.5766675329175329
Jolene                                                                                                                                                                            - Dolly Parton                                    ,0.7292292292292293,0.2922922922922923,0.16616616616616617,0.26340311895115676,0.0,0.1921921921921922,0.750041635330602,0.0,0.5245245245245245,0.5385385385385385,0.8688688688688688,0.4124338568703052
Heroes - 2017 Remaster                                                                                                                                                            - David Bowie                                     ,0.43593593593593594,0.5290290290290289,0.6341341341341341,0.5936097367834411,1.0,0.05305305305305305,0.21119275052205402,0.7207207207207207,0.24724724724724725,0.5385385385385385,0.5190190190190189,0.4293951832820803
My Sharona                                                                                                                                                                        - The Knack                                       ,0.5765765765765766,0.45495495495495497,0.0,0.33408618993843575,1.0,0.1921921921921922,0.45492256637168144,0.48642219764960015,0.0032934363730725428,0.5385385385385385,0.936995153473344,0.8477539776924019
Waterloo                                                                                                                                                                          - ABBA                                            ,0.38691437802907924,0.8668668668668669,0.27127127127127126,0.8217396914510396,1.0,0.3993993993993994,0.6951951951951951,0.3213798924923695,0.22940582792190384,0.5385385385385385,0.7277958929078328,0.8496600255592265
The Logical Song - Remastered 2010                                                                                                                                                - Supertramp                                      ,0.6391391391391392,0.5290290290290289,0.4664664664664665,0.6289633060206626,0.0,0.3868868868868869,0.7347347347347347,0.4274274274274274,0.5965965965965966,0.5385385385385385,0.7647647647647647,0.5055938083865542
Walk On the Wild Side                                                                                                                                                             - Lou Reed                                        ,0.5590590590590591,0.17121431776604193,0.0,0.11734948512142206,1.0,0.7832832832832832,0.7877877877877878,0.42389783148076987,0.25825825825825827,0.5385385385385385,0.46596596596596596,0.34579364890403724
Reelin' In The Years                                                                                                                                                              - Steely Dan                                      ,0.4769874476987445,0.5290290290290289,0.27127127127127126,0.3231859363917653,1.0,0.27477477477477474,0.5385385385385385,0.0,0.2727051727051727,0.5385385385385385,0.8298298298298298,0.7605116587747827
Heart of Gold - 2009 Remaster                                                                                                                                                     - Neil Young                                      ,0.503003003003003,0.23567349003477311,0.3918918918918919,0.28807195438642946,0.0,0.05305305305305305,0.5885885885885885,0.5920889987639061,0.30280280280280286,0.5385385385385385,0.8634894991922459,0.9349238293283957
You Make Me Feel Like Dancing - Remastered                                                                                                                                        - Leo Sayer                                       ,0.8153203759877167,0.4774774774774775,0.7217217217217218,0.7487544918608674,0.0,0.4394394394394394,0.48725082910386425,0.0,0.058058058058058054,0.5385385385385385,0.7987987987987988,0.23879138655453966
Landslide                                                                                                                                                                         - Fleetwood Mac                                   ,0.3533533533533533,0.10271774664838247,0.6341341341341341,0.05144704439425532,0.0,0.0945945945945946,0.8668668668668669,0.4278028028028028,0.44994994994994997,0.5385385385385385,0.5055055055055055,0.897655708764188
Brown Sugar - 2009 Remaster                                                                                                                                                       - The Rolling Stones                              ,0.6566566566566566,0.8323323323323324,0.0,0.9277730349301719,1.0,0.15165165165165165,0.6116116116116116,0.4254871990829194,0.06406406406406406,0.5385385385385385,0.9854854854854855,0.6874682350099469
I Will Always Love You                                                                                                                                                            - Dolly Parton                                    ,0.3883883883883884,0.09309309309309309,0.8058058058058057,0.17681311885133547,1.0,0.12762762762762764,0.9183001070377305,0.48311090524205286,0.31931931931931934,0.5385385385385385,0.19569569569569567,0.7637914050738398
"You're The First, The Last, My Everything - Edit                                                                                                                                - Barry White                                     ",0.6516516516516516,0.3383383383383383,0.4664664664664665,0.22050838972076017,1.0,0.05305305305305305,0.2659458146033289,0.5158694243867745,0.04104104104104104,0.5385385385385385,0.9569569569569569,0.7160031789125552
Your Smiling Face                                                                                                                                                                 - James Taylor                                    ,0.7422422422422423,0.2695132679992635,0.16616616616616617,0.2284918596745407,1.0,0.6575771122038445,0.5525525525525525,0.30319991551378184,0.21871871871871873,0.5385385385385385,0.6841841841841843,0.1447333545810263
"The Harder They Come - From ""The Harder They Come"" Soundtrack                                                                                                                 - Jimmy Cliff                                     ",0.7377377377377378,0.32432432432432434,0.16616616616616617,0.43343343343343343,1.0,0.6226226226226226,0.7722722722722724,0.0,0.6286286286286287,0.5385385385385385,0.8518518518518519,0.3250831974603448
Please Mr. Postman                                                                                                                                                                - Carpenters                                      ,0.7187187187187187,0.2732732732732733,0.8058058058058057,0.24124124124124124,1.0,0.04504504504504504,0.5625625625625625,0.3159977344402758,0.27127127127127126,0.5385385385385385,0.991991991991992,0.7399327085569909
Don't Bring Me Down                                                                                                                                                               - Electric Light Orchestra                        ,0.6656656656656657,0.7002002002002001,0.27127127127127126,0.5969402392082803,1.0,0.11946609788336406,0.5495495495495496,0.4694918948669195,0.18852185518852183,0.5385385385385385,0.8653803287823907,0.46504724418407223
Always On My Mind                                                                                                                                                                 - Elvis Presley                                   ,0.3063063063063063,0.20195591818233327,0.6341341341341341,0.15522045598142362,1.0,0.10760760760760761,0.8108521207489492,0.5651706208578247,0.4629629629629629,0.5385385385385385,0.5765765765765766,0.9806597182076272
Wild Horses - 2009 Mix                                                                                                                                                            - The Rolling Stones                              ,0.3743743743743744,0.20266520816348996,0.6341341341341341,0.5913413413413412,1.0,0.006006006006006006,0.7889874379743271,0.5610674904153166,0.15563423548809766,0.5385385385385385,0.1981981981981982,0.7922215325333086
Don't It Make My Brown Eyes Blue                                                                                                                                                  - Crystal Gayle                                   ,0.7312312312312312,0.25766625521226744,0.5445445445445445,0.45431075218309264,1.0,0.2602602602602603,0.7997997997997998,0.4401660956099614,0.4244244244244244,0.5385385385385385,0.4339339339339339,0.11558865536250376
Love Train                                                                                                                                                                        - The O'Jays                                      ,0.8363363363363363,0.32062784004531564,0.0,0.33087293114797117,1.0,0.43043043043043044,0.5855855855855856,0.3391720190386301,0.6251251251251251,0.5385385385385385,0.7472472472472473,0.5524320590110063
You Can Get It If You Really Want                                                                                                                                                 - Jimmy Cliff                                     ,0.983983983983984,0.3103103103103103,0.16616616616616617,0.3940705665034647,1.0,0.5105105105105106,0.6286286286286287,0.0,0.14114114114114115,0.5385385385385385,0.9584584584584585,0.6839384496128292
I Don't Want to Talk About It - 2008 Remaster                                                                                                                                     - Rod Stewart                                     ,0.4144144144144144,0.1941941941941942,0.3383383383383384,0.19342501163231812,1.0,0.011011011011011011,0.8602244242054669,0.6702719406674906,0.5785785785785786,0.5385385385385385,0.5415415415415415,0.7587587587587588
Top Of The World                                                                                                                                                                  - Carpenters                                      ,0.3263263263263263,0.1823238566131026,0.8883883883883883,0.19291342427391625,1.0,0.24074074074074076,0.8308308308308309,0.0,0.3033033033033033,0.5385385385385385,0.7637637637637638,0.9851232612390384
What's Going On                                                                                                                                                                   - Marvin Gaye                                     ,0.1896896896896897,0.6281281281281281,0.16616616616616617,0.699550479893087,0.0,0.7527968159547107,0.5047933664192903,0.0,0.8978978978978979,0.5385385385385385,0.8718718718718719,0.9977597540183222
Sultans Of Swing                                                                                                                                                                  - Dire Straits                                    ,0.8218218218218218,0.5835835835835835,0.4664664664664665,0.30960705748241163,1.0,0.07207207207207207,0.4583430516494567,0.602112742702534,0.8638638638638638,0.5385385385385385,0.9604604604604605,0.8539174249677717
My Sweet Lord - 2020 Mix                                                                                                                                                          - George Harrison                                 ,0.5,0.503003003003003,0.5445445445445445,0.4494947792687466,1.0,0.055055055055055056,0.5715715715715716,0.0,0.5115115115115114,0.5385385385385385,0.7587587587587588,0.5293325075122558
Stumblin' In - 2017 Remaster                                                                                                                                                      - Suzi Quatro                                     ,0.8658658658658659,0.4824824824824825,0.6341341341341341,0.2818580998504584,1.0,0.08458458458458458,0.5323101777059773,0.43729666161855385,0.8798798798798799,0.5385385385385385,0.953953953953954,0.6956287485325657
Dancing In The Moonlight (It's Caught Me In It's Spotlight)                                                                                                                       - Thin Lizzy                                      ,0.7237237237237237,0.23682516438700182,0.3918918918918919,0.16716716716716717,0.0,0.8338338338338338,0.29728871001906376,0.0,0.3353353353353353,0.5385385385385385,0.8451882845188295,0.8377277722785561
Dirty Work                                                                                                                                                                        - Steely Dan                                      ,0.6516516516516516,0.18685739830129638,0.16616616616616617,0.2587252440295557,1.0,0.08458458458458458,0.8258258258258259,0.40543093270365993,0.2122122122122122,0.5385385385385385,0.6086086086086087,0.03165896440575257
Because the Night                                                                                                                                                                 - Patti Smith                                     ,0.4084084084084084,0.537037037037037,1.0,0.4612358374239315,0.0,0.2527527527527528,0.444276625932537,0.0,0.4629629629629629,0.5385385385385385,0.5535535535535535,0.5645424637400328
Son of a Preacher Man                                                                                                                                                             - Aretha Franklin                                 ,0.4159159159159159,0.24524524524524524,0.27127127127127126,0.24390069681331816,1.0,0.5405405405405406,0.7435655253837072,0.25524927912987605,0.007687356252953256,0.5385385385385385,0.6426426426426426,0.05738563352776549
We Can Work It Out                                                                                                                                                                - Stevie Wonder                                   ,0.6266266266266266,0.3233233233233233,0.7217217217217218,0.3241998816312956,1.0,0.1145354049701876,0.4821723730814641,0.0,0.269655071738405,0.5385385385385385,0.8298298298298298,0.3583905017966253
Love Is In The Air                                                                                                                                                                - John Paul Young                                 ,0.53003003003003,0.5795795795795796,0.0,0.5145169689186141,1.0,0.24874874874874875,0.37268168261054124,0.43343343343343343,0.07007007007007007,0.5385385385385385,0.9359359359359359,0.5485222884935926
Rebel Rebel - 2016 Remaster                                                                                                                                                       - David Bowie                                     ,0.6601601601601601,0.436995153473344,0.8058058058058057,0.13131200847131752,1.0,0.47297297297297297,0.6025810335310827,0.5785250286587696,0.7987987987987988,0.5385385385385385,0.5450055887420899,0.6084672435105066
Summer Breeze                                                                                                                                                                     - Seals and Crofts                                ,0.43593593593593594,0.3303303303303303,0.4664664664664665,0.5836460714713281,1.0,0.24724724724724725,0.7455455455455455,0.5787485242030697,0.14216943330867385,0.5385385385385385,0.3908908908908909,0.1430835687414786
Roxanne - Remastered 2003                                                                                                                                                         - The Police                                      ,0.6251251251251251,0.5165165165165165,0.0,0.37274876749110875,1.0,0.9895522072941427,0.4114114114114114,0.29476120219671054,0.02654867256637168,0.5385385385385385,0.7358731788783605,0.7497497497497497
A Horse with No Name                                                                                                                                                              - America                                         ,0.6961961961961962,0.2677677677677678,1.0,0.11091359057478477,0.0,0.477977977977978,0.7887887887887888,0.5741234438321817,0.6026026026026026,0.5385385385385385,0.8903903903903905,0.5614855226124841
New York Groove                                                                                                                                                                   - Ace Frehley                                     ,0.9434434434434434,0.35235235235235235,0.3918918918918919,0.4028357645937181,1.0,0.8903903903903905,0.7654473773097007,0.41713947641313126,0.44494494494494496,0.5385385385385385,0.9029029029029029,0.23121197770573002
We Are Family                                                                                                                                                                     - Sister Sledge                                   ,0.8975234633129368,0.7497497497497497,0.6341341341341341,0.7599683016349684,0.0,0.7247247247247247,0.6596596596596597,0.34134134134134136,0.7887887887887888,0.5385385385385385,0.8812006829718,0.4931879822355169
Isn't She Lovely                                                                                                                                                                  - Stevie Wonder                                   ,0.4244244244244244,0.6311311311311312,0.16616616616616617,0.5381405708138381,0.0,0.6922455573505654,0.5823906430702549,0.5217717717717718,0.8548548548548548,0.5385385385385385,0.8812006829718,0.4926647470457334
The Rose                                                                                                                                                                          - Bette Midler                                    ,0.29404235696370534,0.13327293342725438,0.0,0.32846061149833333,1.0,0.05055055055055055,0.8742075408742075,0.0,0.9159159159159159,0.5385385385385385,0.23423423423423423,0.7447484783251206
Sailing                                                                                                                                                                           - Rod Stewart                                     ,0.37237237237237236,0.19519519519519518,1.0,0.3142960028590084,1.0,0.044044044044044044,0.6876876876876877,0.7010853395829919,0.8448448448448449,0.5385385385385385,0.24274274274274274,0.6870425573959625
Dreams - 2004 Remaster                                                                                                                                                            - Fleetwood Mac                                   ,0.9446112779446113,0.2586232203141053,0.0,0.32642984979433576,1.0,0.023597735666701192,0.46191228283319163,0.527315296566077,0.5115115115115114,0.5385385385385385,0.8513513513513513,0.521580945319756
Are You Ready For Love? - Remastered                                                                                                                                              - Elton John                                      ,0.9219219219219219,0.5165165165165165,0.27127127127127126,0.7537537537537538,1.0,0.08758758758758758,0.6331331331331331,0.504130165324412,0.4244244244244244,0.5385385385385385,0.8173173173173174,0.47149913358540424
One of These Nights - 2013 Remaster                                                                                                                                               - Eagles                                          ,0.6976976976976977,0.35035035035035034,0.6341341341341341,0.29147521751881905,1.0,0.03453453453453453,0.4570484158531379,0.6299409742492055,0.13768439874832364,0.5385385385385385,0.8288288288288288,0.4069694640459417
Let's Stay Together                                                                                                                                                               - Al Green                                        ,0.8598598598598599,0.20587253920587253,0.6341341341341341,0.2752752752752753,0.0,0.46396396396396394,0.7514528386231558,0.5636588380716935,0.042651055440336795,0.5385385385385385,0.5905905905905906,0.31641997835939684
The Joker                                                                                                                                                                         - Steve Miller Band                               ,0.5890890890890891,0.23023023023023023,0.4664664664664665,0.3317340699539653,1.0,0.26226226226226224,0.684351017684351,0.3053221820345108,0.7107107107107107,0.5385385385385385,0.8578578578578578,0.1071966592589841
Love Really Hurts Without You                                                                                                                                                     - Billy Ocean                                     ,0.46996996996997,0.7727727727727728,0.4664664664664665,0.9178294198660796,1.0,0.14764764764764765,0.24574574574574576,0.33233233233233234,0.18336316612178682,0.5385385385385385,0.980980980980981,0.8093343558703012
I'd Really Love to See You Tonight - 2012 Remaster                                                                                                                                - England Dan & John Ford Coley                   ,0.5640640640640641,0.5445445445445445,0.4664664664664665,0.8256941255755953,1.0,0.08758758758758758,0.5935935935935935,0.0,0.6341341341341342,0.5385385385385385,0.7397397397397397,0.4960364294425431
Laughter In The Rain                                                                                                                                                              - Neil Sedaka                                     ,0.44344344344344344,0.3563563563563564,0.4664664664664665,0.34137281747037845,1.0,0.001620606805696449,0.6786786786786787,0.5386434699814174,0.01512774591278496,0.5385385385385385,0.954954954954955,0.30432711170898497
Grease - 2007 Remaster                                                                                                                                                            - Frankie Valli                                   ,0.9379379379379379,0.23923923923923923,1.0,0.40231765642299655,1.0,0.4134134134134134,0.5615615615615616,0.0,0.31931931931931934,0.5385385385385385,0.9200421862987768,0.3964077519610538
Beast Of Burden - Remastered 1994                                                                                                                                                 - The Rolling Stones                              ,0.8968968968968969,0.7212212212212212,0.16616616616616617,0.9069069069069069,0.0,0.07407407407407407,0.6934095385708289,0.47126081582200247,0.018018018018018018,0.5385385385385385,0.9281119354648762,0.3049646880780226
Take on Me                                                                                                                                                                        - a-ha                                            ,0.555055055055055,0.7632632632632632,0.5445445445445445,0.47113725926362093,0.0,0.4824824824824825,0.34823505262919385,0.48642219764960015,0.25325325325325326,0.5385385385385385,0.9229229229229229,0.11563418924730304
A Groovy Kind Of Love                                                                                                                                                             - Phil Collins                                    ,0.4014014014014014,0.11211211211211211,0.27127127127127126,0.14678416047142714,1.0,0.06306306306306306,0.6506506506506506,0.35824717421283947,0.31931931931931934,0.5385385385385385,0.23823823823823823,0.8290908888728269
Time After Time                                                                                                                                                                   - Cyndi Lauper                                    ,0.8093093093093093,0.22399631947370638,0.0,0.35044422507403744,1.0,0.03073674381094876,0.7537537537537538,0.2529832289422178,0.23623623623623624,0.5385385385385385,0.3983983983983984,0.7184704053167827
What's Love Got to Do with It                                                                                                                                                     - Tina Turner                                     ,0.9623430962343116,0.21021021021021022,0.16616616616616617,0.23597580066499657,1.0,0.5845845845845846,0.6116116116116116,0.3122612927312832,0.1931931931931932,0.5385385385385385,0.8538538538538538,0.2684628702011323
Dancing In the Dark                                                                                                                                                               - Bruce Springsteen                               ,0.4840421427013605,0.8508508508508509,0.16616616616616617,0.7017017017017017,0.0,0.2017017017017017,0.3208777339212122,0.0,0.6791791791791792,0.5385385385385385,0.5765765765765766,0.8561937872549047
Every Breath You Take                                                                                                                                                             - The Police                                      ,0.93993993993994,0.24954997013820548,0.16616616616616617,0.3815999641616925,1.0,0.14764764764764765,0.7481602890018733,0.5484633310383338,0.17017017017017017,0.5385385385385385,0.7887887887887888,0.48083918254664093
Karma Chameleon                                                                                                                                                                   - Culture Club                                    ,0.7167167167167167,0.24524524524524524,0.8883883883883883,0.1356351671884719,1.0,0.13113113113113112,0.6190977753028544,0.0,0.43843843843843844,0.5385385385385385,0.9834834834834835,0.17310082589613507
Billie Jean                                                                                                                                                                       - Michael Jackson                                 ,0.991991991991992,0.3993993993993994,1.0,0.9602982677588497,0.0,0.27127127127127126,0.36652658505390096,0.5747343565525384,0.00803461063040791,0.5385385385385385,0.9044044044044044,0.47742588504644484
I Wanna Dance with Somebody (Who Loves Me)                                                                                                                                        - Whitney Houston                                 ,0.7872872872872874,0.6281281281281281,0.16616616616616617,0.37603484911232293,1.0,0.3688688688688689,0.6011011011011012,0.4394394394394394,0.22022022022022023,0.5385385385385385,0.9169169169169169,0.49399880222785797
Summer Of '69                                                                                                                                                                     - Bryan Adams                                     ,0.4574574574574575,0.6451451451451451,0.27127127127127126,0.6296875581871672,1.0,0.24274274274274274,0.34919653893695923,0.0,0.12570889628682974,0.5385385385385385,0.8368328448089167,0.7887077613105012
"Let's Groove                                                                                                                                                                      - Earth, Wind & Fire                            ",0.9732881029177328,0.3913913913913914,1.0,0.3849727093252816,0.0,0.5646292359775505,0.5271966527196659,0.35235235235235235,0.5025025025025025,0.5385385385385385,0.9387572641931156,0.5928562213584154
You Can't Hurry Love - 2016 Remaster                                                                                                                                              - Phil Collins                                    ,0.6286286286286287,0.8378378378378378,0.6341341341341341,0.8337466311879957,1.0,0.07407407407407407,0.37537537537537535,0.0,0.1001615508885298,0.5385385385385385,0.8268268268268268,0.2659925069869998
Faith - Remastered                                                                                                                                                                - George Michael                                  ,0.9821877009698445,0.25125125125125125,1.0,0.22523731614640707,1.0,0.8038038038038038,0.30903085166090943,0.3690357023690357,0.09309309309309309,0.5385385385385385,0.6857938295438296,0.23775647684835335
The Best                                                                                                                                                                          - Tina Turner                                     ,0.7077077077077077,0.4984984984984985,0.0,0.3353100200575564,1.0,0.05055055055055055,0.5135135135135135,0.5812957858444913,0.4629629629629629,0.5385385385385385,0.8098098098098098,0.3385104976842523
I Still Haven't Found What I'm Looking For - Remastered 2007                                                                                                                      - U2                                              ,0.5440440440440439,0.5395395395395395,0.16616616616616617,0.3436590348016729,1.0,0.16466466466466467,0.33158220024721885,0.5319704455706811,0.15749082415749083,0.5385385385385385,0.7577577577577578,0.3064761213899298
Don't You (Forget About Me) - Remastered                                                                                                                                          - Simple Minds                                    ,0.5995995995995996,0.5705705705705706,1.0,0.4385048600001871,0.0,0.08458458458458458,0.26957913498963304,0.633585085473027,0.25525040387722125,0.5385385385385385,0.94994994994995,0.7412889863547759
Crazy Little Thing Called Love - Remastered 2011                                                                                                                                  - Queen                                           ,0.5940940940940941,0.5345345345345345,0.0,0.5477410490338248,1.0,0.3123123123123123,0.7987987987987988,0.3003342274934367,0.8853853853853855,0.5385385385385385,0.7773067184831889,0.05301560513681736
I'm Still Standing                                                                                                                                                                - Elton John                                      ,0.4344344344344344,0.8153153153153153,0.8883883883883883,0.6183450324452577,0.0,0.8988988988988988,0.7177177177177178,0.4954084787623629,0.8303303303303303,0.5385385385385385,0.8518518518518519,0.9682430412784642
"Hungry Eyes - From ""Dirty Dancing"" Soundtrack                                                                                                                                 - Eric Carmen                                     ",0.7922922922922924,0.3013013013013013,0.4664664664664665,0.33933933933933935,1.0,0.0055055055055055055,0.3173173173173173,0.0,0.45545545545545546,0.5385385385385385,0.6336336336336337,0.3998947204958572
Islands in the Stream                                                                                                                                                             - Dolly Parton                                    ,0.6131131131131131,0.28128128128128127,0.7217217217217218,0.4159754607914727,1.0,0.16316316316316315,0.7871871871871872,0.0,0.1359244011177713,0.5385385385385385,0.7957957957957957,0.9980671817468098
Walk Of Life                                                                                                                                                                      - Dire Straits                                    ,0.40290290290290287,0.7972972972972974,0.3918918918918919,0.39756456191641387,1.0,0.7384409424314128,0.6996996996996997,0.4418876233644695,0.5025025025025025,0.5385385385385385,0.8618618618618619,0.9437997283089689
The Power Of Love                                                                                                                                                                 - Huey Lewis & The News                           ,0.8753753753753755,0.6351351351351351,0.4664664664664665,0.7657621715072342,1.0,0.08458458458458458,0.501777339340791,0.36236236236236236,0.2852852852852853,0.5385385385385385,0.9834834834834835,0.49349960094990275
Dancing On The Ceiling                                                                                                                                                            - Lionel Richie                                   ,0.7667667667667668,0.5565565565565566,0.0,0.38847523058049366,1.0,0.4124124124124124,0.5258481421647817,0.27484627484627483,0.9239239239239239,0.5385385385385385,0.7967967967967968,0.742936772047969
Got My Mind Set On You - Remastered 2004                                                                                                                                          - George Harrison                                 ,0.8738738738738738,0.6776776776776776,0.3918918918918919,0.5409684993766066,1.0,0.3208208208208208,0.7203352937424958,0.2709151459151459,0.951313553081602,0.5385385385385385,0.9854854854854855,0.8584226286951777
Walking On Sunshine                                                                                                                                                               - Katrina & The Waves                             ,0.5890890890890891,0.7062062062062062,0.8883883883883883,0.22608495335768058,1.0,0.2102102102102102,0.32217573221757356,0.6626626626626626,0.0993537964458804,0.5385385385385385,0.970051430741086,0.40020362942950355
Every Little Thing She Does Is Magic                                                                                                                                              - The Police                                      ,0.532032032032032,0.5460460460460461,0.27127127127127126,0.31125615634776144,1.0,0.14764764764764765,0.5271966527196659,0.6203144829892439,0.49199199199199195,0.5385385385385385,0.5125125125125125,0.09418073956059902
A Little Respect - 2009 - Remaster                                                                                                                                                - Erasure                                         ,0.6036036036036035,0.572072072072072,0.0,0.44044044044044045,1.0,0.007007007007007007,0.39159588734912837,0.2952281100991268,0.8083083083083082,0.5385385385385385,0.7072072072072072,0.446400447996207
Always on My Mind                                                                                                                                                                 - Pet Shop Boys                                   ,0.4924924924924925,0.5685685685685686,0.6341341341341341,0.2789528772806948,1.0,0.2017017017017017,0.32217573221757356,0.6156032169919756,0.6746746746746747,0.5385385385385385,0.7917917917917918,0.5798738833420911
Don't Stop Believin'                                                                                                                                                              - Journey                                         ,0.43793793793793795,0.5955955955955956,0.3918918918918919,0.5227983907018329,1.0,0.25425425425425424,0.6306306306306306,0.0,0.9196187089819,0.5385385385385385,0.5525525525525525,0.5005238290870805
Invisible Touch - Remastered 2007                                                                                                                                                 - Genesis                                         ,0.6341341341341342,0.8468468468468469,0.0,0.6916916916916916,1.0,0.1991991991991992,0.5980823285719069,0.4989374262101535,0.025648949320148325,0.5385385385385385,0.8952285618952286,0.7229089608507111
Stuck With You                                                                                                                                                                    - Huey Lewis & The News                           ,0.7787787787787788,0.2982982982982983,0.3918918918918919,0.2462593516209477,0.0,0.009009009009009009,0.49091926610368986,0.3433189084823344,0.015675766189535197,0.5385385385385385,0.7072072072072072,0.5269813676676421
Uptown Girl                                                                                                                                                                       - Billy Joel                                      ,0.7732732732732732,0.8558558558558558,0.3918918918918919,0.9648356836308148,1.0,0.37287287287287285,0.4756538374504812,0.0,0.9677444040372134,0.5385385385385385,0.8538538538538538,0.6919357650388978
The Look                                                                                                                                                                          - Roxette                                         ,0.6586586586586587,0.6531531531531531,0.27127127127127126,0.7385292683600787,1.0,0.2952952952952953,0.44275664050068736,0.32203549585233665,0.036656236030397873,0.5385385385385385,0.6246246246246246,0.22422422422422422
"Footloose - From ""Footloose"" Soundtrack                                                                                                                                       - Kenny Loggins                                   ",0.5710710710710711,0.7687687687687688,0.27127127127127126,0.6386972565377828,1.0,0.6311311311311312,0.5041362584715187,0.42172083215114087,0.06506506506506507,0.5385385385385385,0.7222222222222222,0.9518849023619581
All Night Long (All Night) - Single Version                                                                                                                                       - Lionel Richie                                   ,0.8448448448448449,0.34814479551321675,0.16616616616616617,0.22370035501969576,1.0,0.32732732732732733,0.5560560560560561,0.4331676173781437,0.001589997676755828,0.5385385385385385,0.8869198336768525,0.39005355715983614
Wake Me Up Before You Go-Go                                                                                                                                                       - Wham!                                           ,0.6251251251251251,0.5395395395395395,0.0,0.6531960996749729,1.0,0.5045045045045045,0.5855855855855856,0.0,0.47047047047047047,0.5385385385385385,0.9229229229229229,0.08922050937313784
Nothing's Gonna Stop Us Now                                                                                                                                                       - Starship                                        ,0.6741741741741742,0.5935935935935935,0.5445445445445445,0.7918971238938053,1.0,0.000974517229293646,0.3883883883883884,0.0,0.12012012012012012,0.5385385385385385,0.6186186186186187,0.24109573788279787
Hungry Heart                                                                                                                                                                      - Bruce Springsteen                               ,0.6711711711711712,0.7517517517517518,0.7217217217217218,0.4925087419703951,1.0,0.02002002002002002,0.4886143501046444,0.5553737326510645,0.6091091091091092,0.5385385385385385,0.9967766361208987,0.3992063295229158
Manic Monday                                                                                                                                                                      - The Bangles                                     ,0.7467467467467468,0.3199624061360395,0.27127127127127126,0.23637484372217202,1.0,0.057057057057057055,0.674341007674341,0.27627627627627627,0.7197197197197197,0.5385385385385385,0.9184184184184183,0.5371148196059625
"(I've Had) The Time of My Life - From ""Dirty Dancing"" Soundtrack                                                                                                              - Bill Medley                                     ",0.7707707707707707,0.565065065065065,0.5445445445445445,0.4160376189217561,0.0,0.44744744744744747,0.4904072723153478,0.5204217926186292,0.06304079110012362,0.5385385385385385,0.46596596596596596,0.3883502585425663
Pride (In The Name Of Love) - Remastered 2009                                                                                                                                     - U2                                              ,0.3993993993993994,0.6616616616616616,0.3918918918918919,0.5145169689186141,1.0,0.09109109109109109,0.23072438885920893,0.43786262843639895,0.9910691283532044,0.5385385385385385,0.7787787787787788,0.36095522575877376
I Knew You Were Waiting (For Me)                                                                                                                                                  - George Michael                                  ,0.7887887887887888,0.38238238238238237,0.3918918918918919,0.1963061164409042,1.0,0.3638638638638638,0.6186186186186187,0.0,0.6431431431431431,0.5385385385385385,0.7987987987987988,0.38136604599622925
Against All Odds (Take a Look at Me Now) - 2016 Remaster                                                                                                                          - Phil Collins                                    ,0.5665665665665666,0.26326326326326327,0.16616616616616617,0.5454922566371682,1.0,0.025025025025025023,0.5951792336217553,0.0,0.529029029029029,0.5385385385385385,0.13813813813813813,0.47043033963668884
Valerie                                                                                                                                                                           - Steve Winwood                                   ,0.8063063063063063,0.27544846170673976,0.8058058058058057,0.27132760355914864,1.0,0.05055055055055055,0.7602602602602602,0.5298874393362581,0.1941941941941942,0.5385385385385385,0.8188188188188188,0.470510576273467
Nikita                                                                                                                                                                            - Elton John                                      ,0.6541541541541542,0.4014014014014014,0.6341341341341341,0.35211500029589976,1.0,0.025025025025025023,0.5285285285285285,0.43343343343343343,0.126587752801345,0.5385385385385385,0.8173173173173174,0.1291737741036523
Like a Prayer                                                                                                                                                                     - Madonna                                         ,0.7052052052052051,0.3713713713713714,0.4664664664664665,0.2134182813251218,1.0,0.24524524524524524,0.7112112112112112,0.39355552969332364,0.6431431431431431,0.5385385385385385,0.3983983983983984,0.4243408545474314
Easy Lover                                                                                                                                                                        - Philip Bailey                                   ,0.8478478478478478,0.45345345345345345,0.16616616616616617,0.1879767175362553,1.0,0.2127127127127127,0.4658420128633691,0.5005005005005005,0.14164875535433916,0.5385385385385385,0.963963963963964,0.6895962998797099
If I Could Turn Back Time                                                                                                                                                         - Cher                                            ,0.7017017017017017,0.32432432432432434,1.0,0.29260603744745894,1.0,0.014014014014014014,0.6246246246246246,0.0,0.4824824824824825,0.5385385385385385,0.5865865865865866,0.3851986458902326
We Built This City                                                                                                                                                                - Starship                                        ,0.7067067067067067,0.7752752752752752,0.4664664664664665,0.7953934233307601,1.0,0.25075075075075076,0.44059548047731206,0.0,0.11311311311311312,0.5385385385385385,0.7307307307307307,0.8294337538525979
The Winner Takes It All                                                                                                                                                           - ABBA                                            ,0.395971100634313,0.5765765765765766,0.5445445445445445,0.5645645645645646,1.0,0.2127127127127127,0.7530864197530864,0.4704206612962347,0.1971971971971972,0.5385385385385385,0.6066066066066066,0.6195996435277631
The Boys Of Summer                                                                                                                                                                - Don Henley                                      ,0.46796796796796797,0.3013013013013013,0.5445445445445445,0.16986799828425717,1.0,0.21671671671671672,0.7314249341323273,0.5375375375375375,0.6706706706706707,0.5385385385385385,0.9435675525619309,0.9672665192966718
Addicted To Love                                                                                                                                                                  - Robert Palmer                                   ,0.7747747747747747,0.32732732732732733,0.27127127127127126,0.1790045096643035,1.0,0.07857857857857858,0.6906906906906907,0.30894810386451205,0.017011681954805017,0.5385385385385385,0.9983316649983317,0.4222031452314578
Everywhere                                                                                                                                                                        - Fleetwood Mac                                   ,0.7537537537537538,0.29429429429429427,0.3918918918918919,0.2831842487887178,1.0,0.09259259259259259,0.6106708778392692,0.5447764818113056,0.43843843843843844,0.5385385385385385,0.8278278278278278,0.45547440424017493
I Guess That's Why They Call It The Blues                                                                                                                                         - Elton John                                      ,0.7272272272272272,0.41004184100418417,0.0,0.5041171989242363,1.0,0.016016016016016016,0.6101266726913056,0.5773859279013918,0.6561561561561562,0.05005005005005005,0.7437437437437437,0.5261296644783519
Jump (Original Mix)                                                                                                                                                               - The Pointer Sisters                             ,0.9584584584584585,0.6311311311311312,0.8883883883883883,0.44648783185840707,0.0,0.7480011047277326,0.49004103902474166,0.0,0.47047047047047047,0.5385385385385385,0.8743743743743744,0.7518281624587951
Girls Just Want to Have Fun                                                                                                                                                       - Cyndi Lauper                                    ,0.7802802802802802,0.6671671671671671,0.5445445445445445,0.978168255719276,1.0,0.1866866866866867,0.7043618739903068,0.28462210691858325,0.9311424815973155,0.5385385385385385,0.8085746789734519,0.5254990521883456
Heaven Is a Place on Earth                                                                                                                                                        - Belinda Carlisle                                ,0.6681681681681682,0.6736736736736737,0.16616616616616617,0.42567818010466185,0.0,0.15415415415415415,0.3683683683683684,0.26729327278487697,0.030327686905523635,0.5385385385385385,0.8548548548548548,0.5564749874482915
Don't Get Me Wrong - 2007 Remaster                                                                                                                                                - Pretenders                                      ,0.4014014014014014,0.8278278278278278,0.0,0.6224835419801804,1.0,0.3943943943943944,0.5455455455455456,0.5326399468981358,0.4314314314314314,0.5385385385385385,0.9057020352357141,0.9979889810825091
Under Pressure - Remastered 2011                                                                                                                                                  - Queen                                           ,0.7237237237237237,0.47097097097097096,0.27127127127127126,0.45457007007007005,1.0,0.4084084084084084,0.7102900123514343,0.0,0.3353353353353353,0.5385385385385385,0.5440099614539913,0.4464274947600618
With Or Without You - Remastered                                                                                                                                                  - U2                                              ,0.5015015015015015,0.21921921921921922,0.27127127127127126,0.22992857256244983,1.0,0.03453453453453453,0.17519074812325483,0.696590854190346,0.5595595595595595,0.5385385385385385,0.14014014014014015,0.40840125882054
You Can Call Me Al                                                                                                                                                                - Paul Simon                                      ,0.8868868868868869,0.537037037037037,0.4664664664664665,0.4248370700797884,1.0,0.47647647647647645,0.5823906430702549,0.5442932077290219,0.14714714714714713,0.5385385385385385,0.8823823823823824,0.6862221228547732
Livin' On A Prayer                                                                                                                                                                - Bon Jovi                                        ,0.49099099099099097,0.7387387387387387,0.0,0.9165538478038477,1.0,0.12762762762762764,0.47893002893002895,0.42625143293847917,0.8148148148148149,0.5385385385385385,0.8568568568568569,0.5506523418968226
Rosanna                                                                                                                                                                           - TOTO                                            ,0.3133133133133133,0.27227227227227224,0.6341341341341341,0.19099452036864822,0.0,0.18018018018018017,0.35935935935935936,0.4146399055489965,0.7097097097097097,0.5385385385385385,0.8058058058058059,0.08342561354194278
Super Trouper                                                                                                                                                                     - ABBA                                            ,0.8693693693693694,0.3683683683683684,0.0,0.4144076209730744,1.0,0.03803803803803804,0.7182482216964976,0.31178495103550685,0.7022022022022022,0.5385385385385385,0.980980980980981,0.49023029494378306
Glory Days                                                                                                                                                                        - Bruce Springsteen                               ,0.557057057057057,0.8968968968968969,0.8058058058058057,0.7939957731918952,1.0,0.0980980980980981,0.42842842842842843,0.0,0.4764764764764765,0.5385385385385385,0.9991241241241241,0.4815226663877076
Don't Leave Me This Way (with Sarah Jane Morris)                                                                                                                                  - The Communards                                  ,0.6681681681681682,0.8128128128128128,0.3383383383383384,0.7063958432524452,1.0,0.1016016016016016,0.5410410410410411,0.27127127127127126,0.5365365365365365,0.5385385385385385,0.93993993993994,0.7310663919917094
The Living Years                                                                                                                                                                  - Mike & The Mechanics                            ,0.4840421427013605,0.21921921921921922,0.7217217217217218,0.21028478419526728,1.0,0.0995995995995996,0.7782983153511259,0.0,0.2022022022022022,0.5385385385385385,0.34134134134134136,0.26917814882239893
Little Lies - 2017 Remaster                                                                                                                                                       - Fleetwood Mac                                   ,0.6681681681681682,0.39289289289289286,0.27127127127127126,0.29424433717044185,1.0,0.012012012012012012,0.6096096096096096,0.39933839008253413,0.04554554554554555,0.5385385385385385,0.9154406772703302,0.5784230955262691
Start Me Up - Remastered 2009                                                                                                                                                     - The Rolling Stones                              ,0.6516516516516516,0.8278278278278278,0.4664664664664665,0.8783921166646854,1.0,0.17267267267267267,0.42360751767968263,0.6503145432666707,0.24624624624624625,0.5385385385385385,0.995995995995996,0.5495111879957411
St. Elmos Fire (Man in Motion)                                                                                                                                                    - John Parr                                       ,0.6151151151151151,0.34534534534534533,0.8058058058058057,0.2654783721129243,1.0,0.11311311311311312,0.5560560560560561,0.28193837376194875,0.7317317317317317,0.5385385385385385,0.5510510510510511,0.41831701398807253
A Kind Of Magic - Remastered 2011                                                                                                                                                 - Queen                                           ,0.7212212212212212,0.5590590590590591,0.8058058058058057,0.6721922338788554,1.0,0.17717717717717718,0.349685456733329,0.5154575134146125,0.5115115115115114,0.5385385385385385,0.7707707707707707,0.7157137061419269
You're the Voice                                                                                                                                                                  - John Farnham                                    ,0.316602521034258,0.5355355355355356,0.8883883883883883,0.3661916125278705,1.0,0.3883883883883884,0.6126126126126126,0.3610980988524319,0.964410794834735,0.5385385385385385,0.7207207207207207,0.1204143748306549
The Way It Is                                                                                                                                                                     - Bruce Hornsby                                   ,0.5695695695695696,0.44044044044044045,0.6341341341341341,0.2182403601999948,1.0,0.025025025025025023,0.7645773781481192,0.6163411185666379,0.572072072072072,0.5385385385385385,0.6166166166166166,0.41778132555604686
"The Heat Is On - From ""Beverly Hills Cop"" Soundtrack                                                                                                                          - Glenn Frey                                      ",0.6326326326326326,0.6966966966966966,0.6341341341341341,0.6084041126508717,1.0,0.473973973973974,0.3433433433433433,0.35498741599873196,0.10557362474295379,0.5385385385385385,0.9189189189189189,0.8598687852454286
Purple Rain                                                                                                                                                                       - Prince                                          ,0.32932932932932935,0.31931931931931934,0.8883883883883883,0.5334084084084083,1.0,0.0945945945945946,0.41825766083747795,0.5461076910599907,0.9887893313367567,0.5385385385385385,0.2327327327327327,0.44999136204305656
Flashdance...What a Feeling - Radio Edit                                                                                                                                          - Irene Cara                                      ,0.5530530530530531,0.3993993993993994,0.6341341341341341,0.5321948087905534,0.0,0.15165165165165165,0.2858784143580717,0.28462210691858325,0.22875704895800084,0.5385385385385385,0.482982982982983,0.5503847113245728
Bette Davis Eyes                                                                                                                                                                  - Kim Carnes                                      ,0.7312312312312312,0.39289289289289286,0.4664664664664665,0.2980269646936313,1.0,0.0965965965965966,0.35735735735735735,0.0,0.2772772772772773,0.5385385385385385,0.6756756756756757,0.47256276593982505
Africa                                                                                                                                                                            - TOTO                                            ,0.7237237237237237,0.1941941941941942,0.8058058058058057,0.09693815515005363,1.0,0.1046046046046046,0.6351351351351351,0.398343817779712,0.027124685661271023,0.5385385385385385,0.7977977977977978,0.18144818369578491
Papa Don't Preach                                                                                                                                                                 - Madonna                                         ,0.948948948948949,0.8323323323323324,0.4664664664664665,0.9498574044028589,0.0,0.08458458458458458,0.6766766766766766,0.31830418434675073,0.036209208761734474,0.5385385385385385,0.9874874874874875,0.5382656292058001
She Drives Me Crazy                                                                                                                                                               - Fine Young Cannibals                            ,0.9139139139139139,0.44544544544544545,0.27127127127127126,0.6546546546546547,1.0,0.2952952952952953,0.5675675675675675,0.34495779124474146,0.015401756051160084,0.5385385385385385,0.975975975975976,0.38955497249694365
New Sensation                                                                                                                                                                     - INXS                                            ,0.7422422422422423,0.8808808808808809,0.8058058058058057,0.788999093730955,1.0,0.5580580580580581,0.2943650398079563,0.37347898230088494,0.035762181493071074,0.5385385385385385,0.9579579579579579,0.463658068606949
Love Changes (Everything)                                                                                                                                                         - Climie Fisher                                   ,0.637137137137137,0.7032032032032032,0.4664664664664665,0.6728688446998307,1.0,0.016016016016016016,0.6623889343889346,0.3383383383383383,0.6746746746746747,0.5385385385385385,0.8659207930731111,0.4174483300442472
Sledgehammer                                                                                                                                                                      - Peter Gabriel                                   ,0.6996996996996997,0.4361873990306946,0.16616616616616617,0.7554037480301055,1.0,0.12462462462462463,0.3697756788665879,0.0,0.009932782615325415,0.5385385385385385,0.5060060060060061,0.25248365747294704
You Got It                                                                                                                                                                        - Roy Orbison                                     ,0.6856856856856857,0.36036036036036034,0.8058058058058057,0.2740028301917553,1.0,0.013013013013013013,0.7614147829975169,0.25890300463803184,0.6871871871871872,0.5385385385385385,0.7402311402311401,0.45399123717906964
Don't You Want Me                                                                                                                                                                 - The Human League                                ,0.8198198198198198,0.5,0.8058058058058057,0.42464289532250704,0.0,0.22322322322322322,0.5835835835835835,0.0,0.7197197197197197,0.5385385385385385,0.9775133614084924,0.48288880199891515
I Don't Want A Lover                                                                                                                                                              - Texas                                           ,0.8598598598598599,0.2431240764574099,0.6341341341341341,0.2051992160776496,1.0,0.25875875875875876,0.5944969359603505,0.4551978049262299,0.5025025025025025,0.5385385385385385,0.5135135135135135,0.5250252125444966
Run To You                                                                                                                                                                        - Bryan Adams                                     ,0.537037037037037,0.6091091091091092,0.3918918918918919,0.6346952557221506,1.0,0.013013013013013013,0.2800375984541217,0.3694557176985292,0.8063063063063063,0.5385385385385385,0.7147147147147147,0.6236108540932012
Holiday                                                                                                                                                                           - Madonna                                         ,0.9324398039481839,0.45345345345345345,0.6341341341341341,0.3877432955298745,1.0,0.37787787787787785,0.3713713713713714,0.5705705705705706,0.038500358888708404,0.5385385385385385,0.7977977977977978,0.4819822899411908
Don't Dream It's Over                                                                                                                                                             - Crowded House                                   ,0.3933933933933934,0.5215215215215215,0.7217217217217218,0.536492225864483,1.0,0.2932932932932933,0.30897063971485933,0.42389783148076987,0.1871871871871872,0.5385385385385385,0.43993993993993996,0.09435013059981298
Need You Tonight                                                                                                                                                                  - INXS                                            ,0.9119119119119119,0.37237237237237236,0.8883883883883883,0.5124688279301746,0.0,0.6886886886886887,0.4194194194194194,0.7380588681166715,0.22522522522522523,0.5385385385385385,0.846303663794158,0.38840203723720157
I Want To Break Free                                                                                                                                                              - Queen                                           ,0.96996996996997,0.20786767992847563,0.3918918918918919,0.22193512619850223,1.0,0.2182182182182182,0.4388658497505912,0.5406406406406407,0.6626626626626626,0.5385385385385385,0.8604332543552726,0.39442085028387497
Fame                                                                                                                                                                              - Irene Cara                                      ,0.7707707707707707,0.4904904904904905,0.0,0.3796344627889692,0.0,0.08008008008008008,0.5375375375375375,0.0,0.5325325325325325,0.5385385385385385,0.980980980980981,0.7189185921879595
Up Where We Belong                                                                                                                                                                - Joe Cocker                                      ,0.555055055055055,0.21921921921921922,0.27127127127127126,0.38599477799477805,1.0,0.04654654654654655,0.7617417941158948,0.3989374143749791,0.1841841841841842,0.5385385385385385,0.44244244244244246,0.7883964288073879
Total Eclipse of the Heart                                                                                                                                                        - Bonnie Tyler                                    ,0.3733733733733734,0.4824824824824825,0.7217217217217218,0.6710877544210878,1.0,0.5105105105105106,0.5510510510510511,0.0,0.9109109109109109,0.5385385385385385,0.24074074074074076,0.715935091488302
I Want to Know What Love Is - 1999 Remaster                                                                                                                                       - Foreigner                                       ,0.4194194194194194,0.24394184168012928,0.5445445445445445,0.3083825265643448,1.0,0.025025025025025023,0.5915915915915916,0.26626626626626626,0.5245245245245245,0.5385385385385385,0.5055055055055055,0.08810626190915993
Here I Go Again - 2018 Remaster                                                                                                                                                   - Whitesnake                                      ,0.22972972972972971,0.6256256256256256,0.6341341341341341,0.5622022257344033,1.0,0.28378378378378377,0.32256593882445944,0.39677741045766796,0.6026026026026026,0.5385385385385385,0.3073073073073073,0.15122584166408845
"When the Going Gets Tough, The Tough Get Going                                                                                                                                  - Billy Ocean                                     ",0.8573573573573574,0.537037037037037,0.3918918918918919,0.616191362544444,1.0,0.40290290290290287,0.6996996996996997,0.0,0.8468468468468469,0.5385385385385385,0.9619619619619619,0.545159455895616
Gloria                                                                                                                                                                            - Laura Branigan                                  ,0.8868868868868869,0.5095095095095095,0.8058058058058057,0.556611273115587,1.0,0.04004004004004004,0.5125125125125125,0.6880006114386005,0.5855855855855856,0.5385385385385385,0.8968968968968969,0.7251542962003134
I'm Gonna Be (500 Miles)                                                                                                                                                          - The Proclaimers                                 ,0.9623430962343116,0.3033033033033033,0.3918918918918919,0.7577384165400886,1.0,0.26226226226226224,0.5575575575575575,0.0,0.17791685292802858,0.5385385385385385,0.8668668668668669,0.7286661099859387
Black Velvet                                                                                                                                                                      - Alannah Myles                                   ,0.8558558558558559,0.1921921921921922,0.7217217217217218,0.30612849319241925,1.0,0.08208208208208209,0.6454091706385284,0.4014096458343797,0.36036036036036034,0.5385385385385385,0.549049049049049,0.16642253288027892
I Got You Babe                                                                                                                                                                    - UB40                                            ,0.8598598598598599,0.35435435435435436,0.4664664664664665,0.19238128922986727,1.0,0.6182387125614662,0.4824085005903189,0.3975900015852274,0.4314314314314314,0.5385385385385385,0.9136151601039245,0.9496816405285509
Jump - 2015 Remaster                                                                                                                                                              - Van Halen                                       ,0.5530530530530531,0.647147147147147,0.0,0.628318068761282,1.0,0.09259259259259259,0.5734959336067371,0.4462227674087869,0.1111111111111111,0.5385385385385385,0.8568568568568569,0.7059073461951154
Never Tear Us Apart                                                                                                                                                               - INXS                                            ,0.7092092092092093,0.3563563563563564,0.0,0.47746220896602226,1.0,0.02002002002002002,0.258557012068248,0.4114114114114114,0.6516516516516516,0.05005005005005005,0.24574574574574576,0.25347210578666346
"Get Outta My Dreams, Get Into My Car                                                                                                                                            - Billy Ocean                                     ",0.7142142142142143,0.7797797797797797,0.3918918918918919,0.5988253045077884,1.0,0.2677677677677678,0.4910401997111393,0.32232232232232233,0.8718718718718719,0.5385385385385385,0.950950950950951,0.4792953966550258
I Can Dream About You                                                                                                                                                             - Dan Hartman                                     ,0.8428428428428428,0.2887887887887888,0.8058058058058057,0.2192629922461068,1.0,0.4974974974974975,0.5057205901280091,0.0,0.006379063521920662,0.5385385385385385,0.9219219219219219,0.43788525189681576
The Whole Of The Moon - 2004 Remastered Version                                                                                                                                   - The Waterboys                                   ,0.6050080775444264,0.5835835835835835,0.0,0.5172069049712382,1.0,0.04281098546042003,0.5251499153938177,0.3172614877772948,0.496996996996997,0.5385385385385385,0.6636636636636637,0.36166581780237794
Just Can't Get Enough                                                                                                                                                             - Depeche Mode                                    ,0.8723723723723724,0.5530530530530531,0.0,0.3485340627276751,1.0,0.16966966966966968,0.6983930778739184,0.6173663223356987,0.6671671671671671,0.5385385385385385,0.950950950950951,0.6841423439955401
I'm So Excited                                                                                                                                                                    - The Pointer Sisters                             ,0.5815815815815816,0.7032032032032032,0.4664664664664665,0.6775132867327295,0.0,0.4124124124124124,0.5013153999069492,0.4411323178530904,0.9406339024659636,0.5385385385385385,0.8588588588588588,0.9852069100351187
All Right                                                                                                                                                                         - Christopher Cross                               ,0.7902902902902902,0.3898898898898899,0.5445445445445445,0.7531964178195194,0.0,0.16966966966966968,0.5725725725725725,0.0,0.7457457457457457,0.5385385385385385,0.5865865865865866,0.7379245743756042
Where The Streets Have No Name - Remastered                                                                                                                                       - U2                                              ,0.43593593593593594,0.48348348348348347,0.27127127127127126,0.3332552327397688,1.0,0.2017017017017017,0.3123696454355848,0.5307055861041163,0.6146146146146146,0.5385385385385385,0.3588588588588588,0.6014775672780589
Let's Dance - Single Version [Remastered]                                                                                                                                         - David Bowie                                     ,0.6741741741741742,0.37037037037037035,0.7217217217217218,0.2632903539534121,1.0,0.27877877877877877,0.29825124338199904,0.5128764478764478,0.487987987987988,0.5385385385385385,0.7907907907907907,0.4522776069213387
Higher Love - Single Version                                                                                                                                                      - Steve Winwood                                   ,0.7637637637637638,0.7432432432432432,0.4664664664664665,0.5553719008264464,1.0,0.3483483483483483,0.44594594594594594,0.6184377749535634,0.9543564459181925,0.5385385385385385,0.9529529529529529,0.28004303213899506
La Isla Bonita                                                                                                                                                                    - Madonna                                         ,0.8093093093093093,0.6236236236236237,0.16616616616616617,0.8546878770849715,0.0,0.12262262262262262,0.6616616616616616,0.3383383383383383,0.04604604604604605,0.5385385385385385,0.9874874874874875,0.2902746773276425
Love Shack                                                                                                                                                                        - The B-52's                                      ,0.7732732732732732,0.597097097097097,0.4664664664664665,0.5589882942068034,0.0,0.48848848848848847,0.44457919457919454,0.26126126126126126,0.9836217552533992,0.5385385385385385,0.9409409409409409,0.7449189283130888
"De Do Do Do, De Da Da Da                                                                                                                                                        - The Police                                      ",0.8923923923923924,0.27977977977977975,0.8058058058058057,0.37370220225656303,1.0,0.45145145145145144,0.45667950291659093,0.6205904211790892,0.7547547547547547,0.5385385385385385,0.9093446187849807,0.8510623885225481
Heaven                                                                                                                                                                            - Bryan Adams                                     ,0.3283283283283283,0.33683683683683685,0.8058058058058057,0.5016253095200461,0.0,0.014014014014014014,0.4300439778272291,0.0,0.4824824824824825,0.5385385385385385,0.4114114114114114,0.8030507246546614
Maneater                                                                                                                                                                          - Daryl Hall & John Oates                         ,0.8093093093093093,0.26326326326326327,1.0,0.188791599350536,0.0,0.3153153153153153,0.41541541541541543,0.4002676622459684,0.14014014014014015,0.5385385385385385,0.8848848848848849,0.14393112628305962
Alone                                                                                                                                                                             - Heart                                           ,0.35735735735735735,0.23173173173173173,0.16616616616616617,0.18819420548129057,1.0,0.17717717717717718,0.7747747747747747,0.43307901202638044,0.2772772772772773,0.5385385385385385,0.21371371371371373,0.9590534012463714
9 to 5                                                                                                                                                                            - Dolly Parton                                    ,0.5255255255255256,0.5685685685685686,0.5445445445445445,0.6754089378789297,1.0,0.3758758758758759,0.7057057057057057,0.26126126126126126,0.9716824322063707,0.5385385385385385,0.8743743743743744,0.35884662814362345
Born in the U.S.A.                                                                                                                                                                - Bruce Springsteen                               ,0.34134134134134136,0.8748748748748749,0.3918918918918919,0.6520642172201081,1.0,0.5465465465465466,0.19623132469236784,0.3964197566665378,0.3128128128128128,0.5385385385385385,0.6636636636636637,0.5465550021530229
Sacrifice                                                                                                                                                                         - Elton John                                      ,0.8598598598598599,0.21621621621621623,1.0,0.1937894942072473,0.0,0.044044044044044044,0.342425069697797,0.49870129870129876,0.00953915931282591,0.5385385385385385,0.5685685685685685,0.4350734316221808
There Must Be an Angel (Playing With My Heart)                                                                                                                                    - Eurythmics                                      ,0.5,0.4189189189189189,0.0,0.24886549030859853,1.0,0.4014014014014014,0.676343009676343,0.3286646124986992,0.487987987987988,0.5385385385385385,0.6898308454628317,0.4318123357162397
Our House                                                                                                                                                                         - Madness                                         ,0.478978978978979,0.597097097097097,0.0,0.7630347180060085,1.0,0.33183183183183185,0.3783783783783784,0.2889562239371319,0.7342342342342343,0.5385385385385385,0.7787787787787788,0.533864105736978
Eternal Flame                                                                                                                                                                     - The Bangles                                     ,0.482982982982983,0.18901453957996767,0.3918918918918919,0.5105082642249543,0.0,0.0022602448945603167,0.7377377377377378,0.0,0.2652652652652653,0.05005005005005005,0.482982982982983,0.0691225268997503
Part-Time Lover                                                                                                                                                                   - Stevie Wonder                                   ,0.7077077077077077,0.36536536536536535,0.8883883883883883,0.1733021991953102,0.0,0.3053053053053053,0.5685685685685685,0.0,0.0970970970970971,0.5385385385385385,0.980980980980981,0.9564240371935294
Radio Ga Ga - Remastered 2011                                                                                                                                                     - Queen                                           ,0.8378378378378378,0.2652652652652653,0.4664664664664665,0.4634841338891183,1.0,0.18268268268268267,0.583015724412658,0.42842842842842843,0.6821821821821822,0.5385385385385385,0.7337337337337337,0.4313934050058339
Another Day in Paradise - 2016 Remaster                                                                                                                                           - Phil Collins                                    ,0.8923923923923924,0.3157058157058157,0.3383383383383384,0.5012830179454448,0.0,0.07007007007007007,0.8078078078078078,0.513785575410913,0.07915993537964458,0.5385385385385385,0.44644644644644643,0.3153970062016036
La Bamba                                                                                                                                                                          - Los Lobos                                       ,0.45545545545545546,0.5395395395395395,0.0,0.21703604911152077,1.0,0.3818818818818819,0.5495495495495496,0.4321328312016707,0.7637637637637638,0.5385385385385385,0.9179179179179179,0.8899249413084352
Baby Jane - 2008 Remaster                                                                                                                                                         - Rod Stewart                                     ,0.6711711711711712,0.5855855855855856,0.27127127127127126,0.39325258798646573,0.0,0.28378378378378377,0.3303303303303303,0.4074074074074074,0.8968968968968969,0.5385385385385385,0.7927927927927928,0.5620051767360549
"That's What Friends Are For (with Elton John, Gladys Knight & Stevie Wonder)                                                                                                    - Dionne Warwick                                  ",0.7442442442442443,0.15912485420394032,0.0,0.13841948041860358,0.0,0.08758758758758758,0.6736736736736737,0.0,0.07152091362617678,0.5385385385385385,0.26326326326326327,0.5225287053249719
Kiss                                                                                                                                                                              - Prince                                          ,0.9857849196538938,0.15215215215215216,0.6341341341341341,0.21708442840518316,1.0,0.7187187187187187,0.32932932932932935,0.488566131025958,0.023496844392366788,0.5385385385385385,0.8078078078078078,0.4207290356475301
Listen To Your Heart                                                                                                                                                              - Roxette                                         ,0.5,0.33183183183183185,0.16616616616616617,0.7907152578254952,0.0,0.023023023023023025,0.5135135135135135,0.0,0.4074074074074074,0.5385385385385385,0.4144144144144144,0.12659480655143418
Sussudio - 2016 Remaster                                                                                                                                                          - Phil Collins                                    ,0.7942942942942943,0.8348348348348349,0.4664664664664665,0.7569023738090157,1.0,0.6914369302429003,0.4424781277587294,0.6366669983767814,0.03403403403403403,0.5385385385385385,0.7907907907907907,0.5329793908583089
Beds Are Burning - Remastered                                                                                                                                                     - Midnight Oil                                    ,0.8538538538538538,0.21814658524695696,0.0,0.2587252440295557,1.0,0.24524524524524524,0.29975459770821306,0.4655771286070538,0.05905905905905906,0.5385385385385385,0.36236236236236236,0.5000331587115061
Ebony & Ivory                                                                                                                                                                     - Paul McCartney                                  ,0.6541541541541542,0.3103103103103103,0.3918918918918919,0.2384723819074684,1.0,0.17467467467467468,0.554119547657512,0.0,0.03403403403403403,0.5385385385385385,0.8208208208208209,0.08391129761228859
Glory of Love                                                                                                                                                                     - Peter Cetera                                    ,0.4724724724724725,0.35435435435435436,0.4664664664664665,0.4438902743142145,1.0,0.03073674381094876,0.4821723730814641,0.28106799445580094,0.7932932932932932,0.5385385385385385,0.40490490490490494,0.8354791010992285
The Way You Make Me Feel - 2012 Remaster                                                                                                                                          - Michael Jackson                                 ,0.9774063860945826,0.6776776776776776,0.16616616616616617,0.8392482157914256,1.0,0.8688688688688688,0.44457919457919454,0.3834094903339192,0.5690690690690691,0.5385385385385385,0.6236236236236237,0.4522413787126062
We Didn't Start the Fire                                                                                                                                                          - Billy Joel                                      ,0.7922922922922924,0.9169169169169169,0.6341341341341341,0.7550015493439545,1.0,0.3973973973973974,0.4774774774774775,0.0,0.8948948948948949,0.5385385385385385,0.9359359359359359,0.8363333036879795
Raspberry Beret                                                                                                                                                                   - Prince                                          ,0.8658658658658659,0.41541541541541543,0.27127127127127126,0.19947470426604205,1.0,0.34234234234234234,0.6030975307291098,0.44963431327067693,0.1031031031031031,0.5385385385385385,0.9452698312347435,0.5279470493089435
(I Just) Died In Your Arms                                                                                                                                                        - Cutting Crew                                    ,0.6391391391391392,0.4854854854854855,1.0,0.2462593516209477,0.0,0.35235235235235235,0.33840257118945666,0.4181483370162616,0.07657657657657657,0.5385385385385385,0.5905905905905906,0.5823155798553955
Together In Electric Dreams                                                                                                                                                       - The Human League                                ,0.7657657657657657,0.35535535535535534,0.3383383383383384,0.23201908034882174,1.0,0.007530019559308261,0.5805805805805806,0.27127127127127126,0.21021021021021022,0.5385385385385385,0.8678678678678678,0.7033259423503346
Like a Virgin                                                                                                                                                                     - Madonna                                         ,0.8798798798798799,0.40040040040040037,0.3383383383383384,0.2695440700387114,0.0,0.21521521521521522,0.5585585585585585,0.5015356182868873,0.1031031031031031,0.5385385385385385,0.9954954954954955,0.5057541464708577
I Just Called To Say I Love You                                                                                                                                                   - Stevie Wonder                                   ,0.8448448448448449,0.3033033033033033,0.16616616616616617,0.3618457533972664,1.0,0.001620606805696449,0.6246246246246246,0.26160720222067085,0.26626626626626626,0.5385385385385385,0.7257257257257257,0.4440817510835464
Celebration                                                                                                                                                                       - Kool & The Gang                                 ,0.980980980980981,0.4114114114114114,0.16616616616616617,0.23055776911918172,1.0,0.4670468495192812,0.5510510510510511,0.6089509787448365,0.14414414414414414,0.5385385385385385,0.9429429429429429,0.5362404450872065
Give It Up                                                                                                                                                                        - KC & The Sunshine Band                          ,0.96996996996997,0.36536536536536535,0.3383383383383384,0.23603746815389637,1.0,0.5075075075075075,0.35304200752476633,0.4157656044180867,0.02428699257859134,0.5385385385385385,0.9256971256971256,0.5805954518197152
The Lady In Red                                                                                                                                                                   - Chris de Burgh                                  ,0.5165165165165165,0.16227070443937913,0.8883883883883883,0.11222842977171628,1.0,0.12262262262262262,0.6733845727774609,0.2865030898507221,0.013334204360716936,0.5385385385385385,0.5725725725725725,0.050390488011359064
How Will I Know                                                                                                                                                                   - Whitney Houston                                 ,0.9479479479479479,0.2982982982982983,0.5445445445445445,0.20107210880278212,1.0,0.34984984984984985,0.5975975975975976,0.41344026548672563,0.9718631006797221,0.5385385385385385,0.9579579579579579,0.5024964358297692
Gold - 2003 Remaster                                                                                                                                                              - Spandau Ballet                                  ,0.8093093093093093,0.5955955955955956,0.8883883883883883,0.6411411411411412,0.0,0.13313313313313313,0.6306306306306306,0.49434117802597266,0.8768768768768769,0.5385385385385385,0.7947947947947948,0.8221802146972634
If You Don't Know Me by Now - 2008 Remaster                                                                                                                                       - Simply Red                                      ,0.6656656656656657,0.18603213844252162,0.8883883883883883,0.35316148931482705,1.0,0.015015015015015015,0.7298750896110632,0.0,0.35235235235235235,0.05005005005005005,0.25925925925925924,0.210454803856056
Arthur's Theme (Best That You Can Do)                                                                                                                                             - Christopher Cross                               ,0.482982982982983,0.27377377377377377,0.8058058058058057,0.2568475017073148,1.0,0.24874874874874875,0.5715715715715716,0.47365057528120885,0.6646646646646647,0.5385385385385385,0.6046046046046046,0.7710885353753043
I Want It That Way                                                                                                                                                                - Backstreet Boys                                 ,0.7512512512512513,0.45795795795795796,0.5445445445445445,0.7014183353089557,0.0,0.01001001001001001,0.6096096096096096,0.0,0.6146146146146146,0.5385385385385385,0.5645645645645646,0.2835906048073432
Torn                                                                                                                                                                              - Natalie Imbruglia                               ,0.532032032032032,0.8173173173173174,0.4664664664664665,0.9610240733664501,1.0,0.17717717717717718,0.4744744744744745,0.3831704519833445,0.9821189092534645,0.5385385385385385,0.6806806806806807,0.2514612153960711
Wannabe                                                                                                                                                                           - Spice Girls                                     ,0.8753753753753755,0.6951951951951951,1.0,0.6363029696363032,1.0,0.10760760760760761,0.5065065065065065,0.0,0.6226226226226226,0.5385385385385385,0.933933933933934,0.4044554848966608
(Everything I Do) I Do It For You                                                                                                                                                 - Bryan Adams                                     ,0.4924924924924925,0.18974042027194063,0.16616616616616617,0.20438333356473143,1.0,0.03073674381094876,0.4821723730814641,0.3283987257664472,0.07996768982229398,0.5385385385385385,0.3663663663663664,0.7244207882371255
Wonderwall                                                                                                                                                                        - Oasis                                           ,0.349715515588822,0.7477477477477478,0.27127127127127126,0.8547743523530448,1.0,0.13113113113113112,0.21608277106168772,0.0,0.7122122122122122,0.5385385385385385,0.7267267267267267,0.9562550674235808
"It Must Have Been Love - From the Film ""Pretty Woman""                                                                                                                         - Roxette                                         ",0.4724724724724725,0.3973973973973974,0.4664664664664665,0.575046306249796,1.0,0.021521521521521522,0.6756756756756757,0.3833596023200321,0.7727727727727728,0.5385385385385385,0.7887887887887888,0.08312793620850492
Kiss Me                                                                                                                                                                           - Sixpence None The Richer                        ,0.48598598598598597,0.505005005005005,0.3383383383383384,0.6987000364475762,1.0,0.015015015015015015,0.522022022022022,0.25425425425425424,0.12712712712712712,0.5385385385385385,0.5381226750448519,0.29673346143288576
Gangsta's Paradise                                                                                                                                                                - Coolio                                          ,0.6811811811811812,0.2732732732732733,0.7217217217217218,0.3073073073073073,1.0,0.5325325325325325,0.4634916778034261,0.0,0.9269269269269269,0.5385385385385385,0.46846846846846846,0.07698205105078021
Smells Like Teen Spirit                                                                                                                                                           - Nirvana                                         ,0.45145145145145144,0.7847847847847848,0.16616616616616617,0.8370374806716466,1.0,0.5065065065065065,0.10676478085251632,0.4192806554037499,0.36036036036036034,0.5385385385385385,0.7862862862862863,0.47391089483845894
Believe                                                                                                                                                                           - Cher                                            ,0.6916916916916918,0.7952952952952952,0.5445445445445445,0.5677485521235522,1.0,0.49199199199199195,0.3023023023023023,0.0,0.03203203203203203,0.5385385385385385,0.5415415415415415,0.7402765520394373
Stop                                                                                                                                                                              - Spice Girls                                     ,0.8063063063063063,0.6646646646646647,0.27127127127127126,0.8481256891735836,0.0,0.07407407407407407,0.6534709832582171,0.0,0.04904904904904905,0.5385385385385385,0.9904904904904905,0.715747851071607
Man! I Feel Like A Woman!                                                                                                                                                         - Shania Twain                                    ,0.6996996996996997,0.38238238238238237,0.8883883883883883,0.4811936031448226,1.0,0.2932932932932933,0.7557557557557557,0.0,0.7957957957957957,0.5385385385385385,0.7457457457457457,0.580136626379401
MMMBop                                                                                                                                                                            - Hanson                                          ,0.7442442442442443,0.8403403403403403,0.8058058058058057,0.6139309060514772,1.0,0.36186186186186187,0.2772772772772773,0.5307055861041163,0.11011011011011011,0.5385385385385385,0.6976976976976977,0.34930511737698305
When You're Gone                                                                                                                                                                  - Bryan Adams                                     ,0.5135135135135135,0.8248248248248249,0.0,0.6128218479762423,1.0,0.14164164164164164,0.18830110598403282,0.36236236236236236,0.3963963963963964,0.5385385385385385,0.7197197197197197,0.5988859493530405
Hold On                                                                                                                                                                           - Wilson Phillips                                 ,0.7377377377377378,0.40290290290290287,0.4664664664664665,0.3173961681086628,1.0,0.006006006006006006,0.6972687790765592,0.0,0.030327686905523635,0.5385385385385385,0.6296296296296297,0.2680665175361255
Back for Good - Radio Mix                                                                                                                                                         - Take That                                       ,0.5975975975975976,0.26676676676676675,0.4664664664664665,0.3253253253253253,1.0,0.03303303303303303,0.6636636636636637,0.0,0.5480480480480481,0.5385385385385385,0.6451451451451451,0.06906906906906907
Don't Let the Sun Go Down on Me                                                                                                                                                   - George Michael                                  ,0.3743743743743744,0.3033033033033033,0.0,0.4281696801644844,1.0,0.04004004004004004,0.7314249341323273,0.26644023982228576,0.9487963316774933,0.5385385385385385,0.31431431431431434,0.7706049116279706
Picture Of You                                                                                                                                                                    - Boyzone                                         ,0.8753753753753755,0.7992992992992993,0.0,0.6491121265870988,1.0,0.30230230230230226,0.515015015015015,0.2521714766040908,0.9039039039039038,0.5385385385385385,0.9129129129129129,0.4734767290956866
Ironic - 2015 Remaster                                                                                                                                                            - Alanis Morissette                               ,0.34934934934934936,0.3308308308308308,1.0,0.4124124124124124,1.0,0.44844844844844844,0.6106708778392692,0.0,0.6146146146146146,1.0,0.44644644644644643,0.4562722898433266
Walking in Memphis                                                                                                                                                                - Cher                                            ,0.7637637637637638,0.4289289289289289,0.27127127127127126,0.4961911686730344,1.0,0.06706706706706707,0.7581849256347334,0.0,0.6286286286286287,0.5385385385385385,0.6136136136136137,0.6915673325212968
"I'll Be There for You - Theme From ""Friends""                                                                                                                                  - The Rembrandts                                  ",0.2652652652652653,0.7952952952952952,0.8058058058058057,0.6695460998932924,1.0,0.6504486908002688,0.47070208644619277,0.0,0.6366366366366366,0.5385385385385385,0.7807807807807807,0.9906556407821343
That Don't Impress Me Much                                                                                                                                                        - Shania Twain                                    ,0.8363363363363363,0.7122122122122122,0.8883883883883883,0.7901103886284592,0.0,0.44744744744744747,0.5465465465465466,0.0,0.5630630630630631,1.0,0.9904904904904905,0.5884806674153691
Freedom! '90 - Remastered                                                                                                                                                         - George Michael                                  ,0.7352352352352352,0.6736736736736737,0.4664664664664665,0.26879420988684655,1.0,0.3638638638638638,0.6154987879125811,0.3722092511359527,0.06639653533242428,0.5385385385385385,0.958958958958959,0.16991208246906547
To Be With You - 2010 Remastered Version                                                                                                                                          - Mr. Big                                         ,0.7492492492492493,0.1961961961961962,0.3918918918918919,0.33258579908064445,1.0,0.477977977977978,0.6526526526526526,0.0,0.5325325325325325,0.5385385385385385,0.5340340340340339,0.1089375392986835
When You Say Nothing At All                                                                                                                                                       - Ronan Keating                                   ,0.40290290290290287,0.23023023023023023,0.6341341341341341,0.276198565265273,1.0,0.003003003003003003,0.5655655655655656,0.2528064568015072,0.16916916916916916,0.5385385385385385,0.5010010010010011,0.9498090913006901
This Kiss                                                                                                                                                                         - Faith Hill                                      ,0.42342342342342343,0.6406406406406406,1.0,0.6985254116287396,1.0,0.3208208208208208,0.5425425425425425,0.0,0.8923923923923924,0.5385385385385385,0.7237237237237237,0.9886981773574506
You're Still The One                                                                                                                                                              - Shania Twain                                    ,0.5755755755755756,0.2602602602602603,0.3383383383383384,0.3809671472714952,1.0,0.16966966966966968,0.6836836836836837,0.0,0.21871871871871873,0.5385385385385385,0.7137137137137137,0.7463336514024778
Walking on Broken Glass                                                                                                                                                           - Annie Lennox                                    ,0.8478478478478478,0.3133133133133133,0.0,0.40231765642299655,1.0,0.03003003003003003,0.6082944207944208,0.251797889231344,0.35235235235235235,0.5385385385385385,0.8668668668668669,0.45874762205276187
Fading Like A Flower (Every Time You Leave)                                                                                                                                       - Roxette                                         ,0.6096096096096096,0.4139139139139139,0.0,0.6908075183937252,1.0,0.009009009009009009,0.5935935935935935,0.0,0.7277277277277278,0.5385385385385385,0.3923923923923924,0.359177319745197
The Shoop Shoop Song (It's In His Kiss)                                                                                                                                           - Cher                                            ,0.7367367367367368,0.35435435435435436,0.0,0.2835276824638527,1.0,0.07007007007007007,0.7209931242718126,0.0,0.9259259259259259,0.5385385385385385,0.950950950950951,0.4772557832688812
Everybody (Backstreet's Back) - Radio Edit                                                                                                                                        - Backstreet Boys                                 ,0.8198198198198198,0.6752827140549275,0.8883883883883883,0.8705955592748045,0.0,0.1921921921921922,0.4051018771057276,0.0,0.7847847847847848,0.5385385385385385,0.6841841841841843,0.38259160165835127
Together Again                                                                                                                                                                    - Janet Jackson                                   ,0.9757673667205169,0.3400646203554118,0.6341341341341341,0.3697321482556381,1.0,0.7672672672672672,0.4794794794794795,0.5469143702662738,0.3433433433433434,0.5385385385385385,0.5765765765765766,0.5605624715090185
Come on over Baby (All I Want Is You) - Radio Version                                                                                                                             - Christina Aguilera                              ,0.944944944944945,0.7917917917917918,0.7217217217217218,0.9518409387841444,1.0,0.7757757757757757,0.6160807109360165,0.3353353353353353,0.7622622622622623,0.5385385385385385,0.8408408408408409,0.4952556680079998
The Sign                                                                                                                                                                          - Ace of Base                                     ,0.9284284284284283,0.5735735735735735,0.3918918918918919,0.5461625845715978,0.0,0.35785785785785784,0.3083083083083083,0.6234205132651489,0.05573505654281095,0.5385385385385385,0.9383102369244523,0.259503502921046
Angels                                                                                                                                                                            - Robbie Williams                                 ,0.3713713713713714,0.3407378410395911,0.3918918918918919,0.6243454205580045,1.0,0.025025025025025023,0.5615615615615616,0.3024606611046573,0.3128128128128128,0.5385385385385385,0.2977977977977978,0.8667492584533859
Joyride                                                                                                                                                                           - Roxette                                         ,0.6516516516516516,0.549049049049049,0.27127127127127126,0.7452616398846312,1.0,0.014014014014014014,0.42842842842842843,0.0,0.9505833517132952,0.5385385385385385,0.8008008008008007,0.3229615171545901
Sometimes                                                                                                                                                                         - Britney Spears                                  ,0.8393393393393394,0.507007007007007,0.8883883883883883,0.6958680534839475,1.0,0.008087350022833891,0.7067067067067067,0.0,0.3278278278278278,0.5385385385385385,0.8659207930731111,0.2421127588059228
Truly Madly Deeply                                                                                                                                                                - Savage Garden                                   ,0.5275275275275275,0.45095095095095095,0.0,0.3742452673157572,1.0,0.037037037037037035,0.6983930778739184,0.0,0.19169169169169165,0.5385385385385385,0.8773773773773774,0.9239312221731816
"Love Is All Around - From ""Four Weddings And A Funeral""                                                                                                                       - Wet Wet Wet                                     ",0.37037037037037035,0.2962962962962963,0.8883883883883883,0.21271479154848483,1.0,0.06556556556556556,0.6346346346346347,0.0,0.6366366366366366,0.5385385385385385,0.6466466466466466,0.9287619565351091
Jessie                                                                                                                                                                            - Joshua Kadison                                  ,0.6831831831831832,0.23923923923923923,0.6341341341341341,0.23746958257272324,1.0,0.037037037037037035,0.7090906796789149,0.30222510031240557,0.7782782782782782,0.5385385385385385,0.5965965965965966,0.8207193011662287
As Long as You Love Me                                                                                                                                                            - Backstreet Boys                                 ,0.9229229229229229,0.5935935935935935,0.0,0.7960898958523662,1.0,0.06706706706706707,0.6468309877864801,0.36645800840815734,0.7217217217217217,0.5385385385385385,0.8865608774484914,0.2762349845051671
Fantasy                                                                                                                                                                           - Mariah Carey                                    ,0.7187187187187187,0.48648648648648646,0.6341341341341341,0.4755027975200363,1.0,0.16966966966966968,0.5455455455455456,0.0,0.487987987987988,0.5385385385385385,0.8668668668668669,0.32257831892319744
Black or White - Single Version                                                                                                                                                   - Michael Jackson                                 ,0.8323323323323324,0.7517517517517518,0.3918918918918919,0.9113283678543356,1.0,0.43343343343343343,0.48348348348348347,0.6128200229270157,0.22122122122122123,0.5385385385385385,0.978978978978979,0.455803532051475
The King of Wishful Thinking                                                                                                                                                      - Go West                                         ,0.7187187187187187,0.7032032032032032,0.0,0.4946073008849558,1.0,0.46996996996997,0.3998998998998999,0.0,0.3033033033033033,0.5385385385385385,0.9464252985379746,0.3807903835201379
"Baby, I Love Your Way                                                                                                                                                           - Big Mountain                                    ",0.6891891891891893,0.5145145145145145,0.16616616616616617,0.5074512800917081,0.0,0.6114623993669992,0.44228520275031913,0.0,0.7122122122122122,0.5385385385385385,0.8383383383383383,0.8492260678650555
...Baby One More Time                                                                                                                                                             - Britney Spears                                  ,0.8628628628628628,0.45345345345345345,0.0,0.6896896896896897,0.0,0.07207207207207207,0.5980823285719069,0.4119508827295197,0.9409681227863046,0.5385385385385385,0.9435675525619309,0.1851028972822548
2 Become 1                                                                                                                                                                        - Spice Girls                                     ,0.6791791791791792,0.4124124124124124,0.5445445445445445,0.44928498380507037,1.0,0.015015015015015015,0.6717891717891719,0.34826985657243964,0.7517517517517518,0.5385385385385385,0.7687687687687688,0.8271825773323678
I'd Do Anything For Love (But I Won't Do That) - Single Edit                                                                                                                      - Meat Loaf                                       ,0.3588588588588588,0.4189189189189189,0.27127127127127126,0.6111729670233892,1.0,0.7225266586683275,0.7687687687687688,0.0,0.9326266542193035,0.5385385385385385,0.3738738738738739,0.35689153328704776
Only Wanna Be with You                                                                                                                                                            - Hootie & The Blowfish                           ,0.43593593593593594,0.7122122122122122,0.5445445445445445,0.6736736736736737,1.0,0.17467467467467468,0.5125125125125125,0.30440965536681125,0.45545545545545546,0.5385385385385385,0.5985985985985985,0.33237435415688127
"Because You Loved Me (Theme from ""Up Close and Personal"")                                                                                                                     - Céline Dion                                     ",0.6181181181181181,0.2406087301722975,0.16616616616616617,0.31841178161129496,1.0,0.11311311311311312,0.6656656656656657,0.0,0.30280280280280286,0.5385385385385385,0.2247247247247247,0.5073936854917088
Moving on Up                                                                                                                                                                      - M People                                        ,0.9862451472243758,0.6831831831831832,0.0,0.6393390020856731,0.0,0.2102102102102102,0.4368086283185841,0.5955955955955956,0.4169169169169169,0.5385385385385385,0.980980980980981,0.594771212306686
You'll Be In My Heart                                                                                                                                                             - Phil Collins                                    ,0.5484549885638815,0.5165165165165165,0.7217217217217218,0.5905905905905906,1.0,0.055055055055055056,0.45125125125125126,0.29827760157306416,0.25625625625625625,0.5385385385385385,0.6941941941941943,0.25449556210530994
No Matter What                                                                                                                                                                    - Boyzone                                         ,0.7732732732732732,0.2137189195138675,0.6341341341341341,0.3437069642495256,1.0,0.003255975429008566,0.5685685685685685,0.0,0.521021021021021,0.5385385385385385,0.6376376376376376,0.18126594581460398
Sweetest Thing - The Single Mix                                                                                                                                                   - U2                                              ,0.493993993993994,0.34934934934934936,0.0,0.5243861072512758,1.0,0.16716716716716717,0.49810954478399044,0.37713467756182517,0.6961961961961962,0.5385385385385385,0.6399733066399733,0.8175325494116166
Breakfast At Tiffany's                                                                                                                                                            - Deep Blue Something                             ,0.637137137137137,0.6311311311311312,0.27127127127127126,0.7149962066218224,1.0,0.037037037037037035,0.5195195195195195,0.0,0.26226226226226224,0.5385385385385385,0.6123193256951219,0.40937595361227475
I Love You Always Forever                                                                                                                                                         - Donna Lewis                                     ,0.8378378378378378,0.23223223223223222,0.4664664664664665,0.22583772583772582,1.0,0.16016016016016016,0.7697697697697697,0.7096281885458294,0.22822822822822822,0.5385385385385385,0.15315315315315314,0.3376998577113898
"I'll Be There (feat. Trey Lorenz) - Live at MTV Unplugged, Kaufman Astoria StuLive at MTV Unplugged, Kaufman Astoria Studios, New York - March 1992dios, New York - March 1992  - Mariah Carey                                    ",0.1111111111111111,0.2982982982982983,0.4664664664664665,0.42342342342342343,1.0,0.3288288288288288,0.7818112342376767,0.0,0.994933318125338,0.5385385385385385,0.3688688688688689,0.04107038450358561
"Baby, Baby                                                                                                                                                                      - Amy Grant                                       ",0.7747747747747747,0.7617617617617618,0.16616616616616617,0.8474608532540034,1.0,0.012012012012012012,0.7090906796789149,0.49256198347107444,0.00953915931282591,0.5385385385385385,0.950950950950951,0.26875977830807307
Strong Enough                                                                                                                                                                     - Cher                                            ,0.5855855855855856,0.8078078078078078,0.0,0.6313262037092773,1.0,0.7602602602602602,0.43622653617840523,0.0,0.8108108108108109,0.5385385385385385,0.6666666666666666,0.5792488538162702
"Circle of Life - From ""The Lion King""/Soundtrack Version                                                                                                                      - Elton John                                      ",0.23994545392850475,0.20195591818233327,0.8883883883883883,0.13681518068988918,1.0,0.11946609788336406,0.6386386386386387,0.6729639504657248,0.36036036036036034,0.5385385385385385,0.1716716716716717,0.9049532088667023
Out Of Reach                                                                                                                                                                      - Gabrielle                                       ,0.46046046046046046,0.25125125125125125,1.0,0.5835463675813594,1.0,0.36686686686686687,0.7322306660706304,0.0,0.36036036036036034,0.5385385385385385,0.5775775775775776,0.9829990355351368
Relight My Fire (feat. Lulu)                                                                                                                                                      - Take That                                       ,0.6941941941941943,0.8528528528528528,0.8058058058058057,0.5016253095200461,1.0,0.45645645645645644,0.4105648147300704,0.0,0.3023023023023023,0.5385385385385385,0.9556343027810418,0.551564505511874
Over My Shoulder                                                                                                                                                                  - Mike & The Mechanics                            ,0.6516516516516516,0.6311311311311312,0.4664664664664665,0.45092847949990805,0.0,0.1016016016016016,0.5323101777059773,0.0,0.08708708708708708,0.5385385385385385,0.8823823823823824,0.17918027671329434
Bring It All Back                                                                                                                                                                 - S Club 7                                        ,0.7377377377377378,0.7652652652652652,0.3918918918918919,0.7928623234012455,1.0,0.3868868868868869,0.6736736736736737,0.0,0.9089089089089089,0.5385385385385385,0.9200421862987768,0.38362962421902336
Can You Feel the Love Tonight                                                                                                                                                     - Elton John                                      ,0.25075075075075076,0.15447893492713238,0.8883883883883883,0.20528338922057743,1.0,0.12062062062062062,0.8568568568568569,0.4476332148298147,0.3963963963963964,0.5385385385385385,0.2027463651050081,0.5675902328377049
Let Me Entertain You                                                                                                                                                              - Robbie Williams                                 ,0.4209209209209209,0.9109109109109109,0.8883883883883883,0.7785008435767654,1.0,0.5725725725725725,0.16916916916916916,0.5115115115115115,0.1941941941941942,0.5385385385385385,0.4269269269269269,0.5960690944251446
Always Be My Baby                                                                                                                                                                 - Mariah Carey                                    ,0.6876876876876877,0.2867867867867868,0.3918918918918919,0.4104066161268091,1.0,0.19569569569569567,0.7182482216964976,0.0,0.7657657657657657,0.5385385385385385,0.5685685685685685,0.068659891209683
Let's Get Loud                                                                                                                                                                    - Jennifer Lopez                                  ,0.9379379379379379,0.8403403403403403,0.4664664664664665,0.8048048048048048,0.0,0.48535564853556457,0.5455455455455456,0.3944414396589416,0.8563563563563563,0.5385385385385385,0.9529529529529529,0.7222986499855191
All I Wanna Do                                                                                                                                                                    - Sheryl Crow                                     ,0.9379379379379379,0.28378378378378377,0.8058058058058057,0.25629774909598985,1.0,0.0995995995995996,0.5171099883266055,0.5805805805805806,0.7737737737737738,0.5385385385385385,0.9604604604604605,0.5206525879031699
A Whole New World (Aladdin's Theme)                                                                                                                                               - Peabo Bryson                                    ,0.4984984984984985,0.11611611611611611,0.27127127127127126,0.11194722625611107,1.0,0.15165165165165165,0.7738067205637389,0.0,0.6481481481481481,0.5385385385385385,0.2027463651050081,0.3803037896769301
You Gotta Be                                                                                                                                                                      - Des'ree                                         ,0.6341341341341342,0.4144144144144144,0.0,0.31243750318894836,1.0,0.2932932932932933,0.6036036036036035,0.28431834021141433,0.4074074074074074,0.5385385385385385,0.5734959336067371,0.2082176553585865
There She Goes                                                                                                                                                                    - The La's                                        ,0.4924924924924925,0.5345345345345345,0.6341341341341341,0.2779210800724439,1.0,0.055055055055055056,0.3278278278278278,0.8188188188188188,0.7122122122122122,0.5385385385385385,0.9494494494494494,0.5548016694009319
C'est La Vie                                                                                                                                                                      - B*Witched                                       ,0.7802802802802802,0.8378378378378378,0.6341341341341341,0.7657621715072342,1.0,0.07007007007007007,0.503640800172592,0.41017774405396557,0.03154509809273646,0.5385385385385385,0.9674674674674675,0.39237944491252674
I Knew I Loved You                                                                                                                                                                - Savage Garden                                   ,0.6116116116116116,0.26226226226226224,0.8058058058058057,0.3185131603623087,1.0,0.027527527527527528,0.6688206785137318,0.3875077866943062,0.2172172172172172,0.5385385385385385,0.8058058058058059,0.1212293248043962
Quit Playing Games (With My Heart)                                                                                                                                                - Backstreet Boys                                 ,0.9189189189189189,0.6296296296296297,1.0,0.5858323494687132,0.0,0.13863863863863862,0.44830371567043603,0.27342012095375323,0.5595595595595595,0.5385385385385385,0.9409409409409409,0.29994179654659525
Never Ever                                                                                                                                                                        - All Saints                                      ,0.8278278278278278,0.2952952952952953,0.16616616616616617,0.7212343845317347,1.0,0.08008008008008008,0.7481602890018733,0.0,0.029470822711379366,0.5385385385385385,0.38038038038038036,0.7510084843688427
Will You Be There - Single Version                                                                                                                                                - Michael Jackson                                 ,0.35235235235235235,0.3683683683683684,0.5445445445445445,0.592620595796159,0.0,0.6326326326326326,0.7341234877909694,0.4425839199875009,0.1881881881881882,0.5385385385385385,0.5190190190190189,0.10475400998926532
Dreams                                                                                                                                                                            - Gabrielle                                       ,0.8508508508508509,0.24124124124124124,0.8058058058058057,0.17194196487412178,1.0,0.18468468468468469,0.575075075075075,0.0,0.7247247247247247,0.5385385385385385,0.6486486486486487,0.2802845322210959
Life Is A Highway                                                                                                                                                                 - Tom Cochrane                                    ,0.7442442442442443,0.7557557557557557,0.4664664664664665,0.9379379379379379,1.0,0.39039039039039036,0.42842842842842843,0.30432678472787866,0.8048048048048048,0.5385385385385385,0.8173173173173174,0.32944552591803633
I Will Always Love You                                                                                                                                                            - Whitney Houston                                 ,0.2782782782782783,0.12812812812812813,0.3918918918918919,0.20783228945487134,1.0,0.16216216216216217,0.8478478478478478,0.30751568872454565,0.1841841841841842,0.5385385385385385,0.13713713713713713,0.013828328398955146
I Swear                                                                                                                                                                           - All-4-One                                       ,0.49099099099099097,0.21054387721054388,0.5445445445445445,0.32891027425126856,0.0,0.0009958882211641208,0.6206206206206206,0.0,0.44994994994994997,0.5385385385385385,0.2907907907907908,0.10661156276827914
Waterfalls                                                                                                                                                                        - TLC                                             ,0.8773773773773774,0.26726726726726724,0.16616616616616617,0.49875553097345143,1.0,0.6846846846846847,0.6646646646646647,0.3943422140258841,0.1506506506506507,0.5385385385385385,0.8208208208208209,0.9383585523310152
"Show Me Heaven - From ""Days Of Thunder""                                                                                                                                       - Maria McKee                                     ",0.44744744744744747,0.2333473162741456,0.7217217217217218,0.2853920029253187,1.0,0.01001001001001001,0.542042042042042,0.5232425297225946,0.08608608608608609,0.5385385385385385,0.6446446446446447,0.8881361200350643
Hero                                                                                                                                                                              - Mariah Carey                                    ,0.44994994994994997,0.1981981981981982,0.3918918918918919,0.34766389358636446,1.0,0.04104104104104104,0.8070643133840163,0.0,0.4629629629629629,0.5385385385385385,0.2247247247247247,0.512684295894003
Friday I'm In Love                                                                                                                                                                - The Cure                                        ,0.482982982982983,0.537037037037037,0.0,0.20260460015223491,0.0,0.14164164164164164,0.22856189522856188,0.3901835290843365,0.8978978978978979,0.5385385385385385,0.5993660583069639,0.7688250625393482
Say You'll Be There                                                                                                                                                               - Spice Girls                                     ,0.8128128128128128,0.4289289289289289,0.16616616616616617,0.628318068761282,1.0,0.40290290290290287,0.33483483483483484,0.25968444869633883,0.18274429572911866,0.5385385385385385,0.8158354625479256,0.37456371483540624
"All For Love - From ""The Three Musketeers""                                                                                                                                    - Bryan Adams                                     ",0.34934934934934936,0.318798485985986,0.27127127127127126,0.6263095169963202,1.0,0.04104104104104104,0.589660743134087,0.0,0.5025025025025025,0.5385385385385385,0.18118118118118118,0.03957927340430616
Vogue                                                                                                                                                                             - Madonna                                         ,0.8268268268268268,0.7257257257257257,0.5445445445445445,0.5997209383448155,1.0,0.3338338338338338,0.26726726726726724,0.5215215215215215,0.933933933933934,0.5385385385385385,0.40490490490490494,0.46758039757115544
Stars                                                                                                                                                                             - Simply Red                                      ,0.7977977977977978,0.6186186186186187,0.6341341341341341,0.4872820401046206,1.0,0.006506506506506515,0.5605605605605606,0.4734290339173802,0.7487487487487487,0.5385385385385385,0.8788788788788788,0.33632827475238497
Livin' la Vida Loca                                                                                                                                                               - Ricky Martin                                    ,0.36686686686686687,0.8808808808808809,0.16616616616616617,0.9166225291225291,0.0,0.4084084084084084,0.27127127127127126,0.0,0.04704704704704705,0.5385385385385385,0.9629629629629629,0.9701339214919902
Iris                                                                                                                                                                              - The Goo Goo Dolls                               ,0.25875875875875876,0.4744744744744745,1.0,0.4296978296978298,0.0,0.1886886886886887,0.22822822822822822,0.320174755407916,0.2652652652652653,0.05005005005005005,0.5795795795795796,0.8880268471369286
Who Do You Think You Are                                                                                                                                                          - Spice Girls                                     ,0.8148148148148148,0.637137137137137,0.5445445445445445,0.5746613947794342,0.0,0.22072072072072074,0.3638439015661505,0.5226125234225315,0.9868576989018657,0.5385385385385385,0.9383102369244523,0.4874479139333506
Mysterious Girl - Radio Edit                                                                                                                                                      - Peter Andre                                     ,0.6976976976976977,0.6236236236236237,0.7217217217217218,0.688257468335088,1.0,0.9379379379379379,0.5465465465465466,0.0,0.8208208208208209,0.5385385385385385,0.9111373185734147,0.939911578860501
I'll Stand by You                                                                                                                                                                 - Pretenders                                      ,0.3793793793793794,0.35035035035035034,0.6341341341341341,0.5865407319952773,1.0,0.06706706706706707,0.6596596596596597,0.2983697405452359,0.13634331694233345,0.5385385385385385,0.32732732732732733,0.7463336514024778
(I Can't Help) Falling In Love With You                                                                                                                                           - UB40                                            ,0.6726726726726726,0.48098098098098097,0.27127127127127126,0.1910966202223051,1.0,0.21921921921921922,0.4252060309541661,0.5250665379053395,0.4824824824824825,0.5385385385385385,0.8943943943943944,0.9436555773580697
I Love Your Smile                                                                                                                                                                 - Shanice                                         ,0.8063063063063063,0.6606606606606606,0.4664664664664665,0.38166426457321523,0.0,0.8253253253253253,0.3107984651927645,0.32257106307227573,0.6581581581581581,0.5385385385385385,0.8158354625479256,0.20027011985102158
High                                                                                                                                                                              - Lighthouse Family                               ,0.7092092092092093,0.36336336336336333,0.8883883883883883,0.39772990583175766,1.0,0.005005005005005005,0.5051344693186648,0.6270115825491734,0.4169169169169169,0.5385385385385385,0.6936936936936937,0.32287308679349946
Say What You Want                                                                                                                                                                 - Texas                                           ,0.6566566566566566,0.6586586586586587,0.3918918918918919,0.6665542692293285,1.0,0.613217939489126,0.5965965965965966,0.0,0.9254254254254255,0.5385385385385385,0.8634894991922459,0.2382079586762098
Crush                                                                                                                                                                             - Jennifer Paige                                  ,0.8218218218218218,0.46346346346346345,0.16616616616616617,0.6998350745061848,0.0,0.044044044044044044,0.37588767045734256,0.0,0.21421421421421422,0.5385385385385385,0.6786786786786787,0.45947514949065155
Justified & Ancient                                                                                                                                                               - The KLF                                         ,0.6441441441441442,0.8778778778778779,0.8883883883883883,0.7827633967984845,0.0,0.5585585585585585,0.25300760370398256,0.5689022355689022,0.9370595009766477,0.5385385385385385,0.6006006006006006,0.4173526258129808
Bitch                                                                                                                                                                             - Meredith Brooks                                 ,0.6231231231231231,0.7367367367367368,0.8058058058058057,0.662941439427805,1.0,0.493545727891079,0.3183183183183183,0.40307496586755703,0.03710607158883021,0.5385385385385385,0.7087087087087087,0.2515703714018345
Weather With You                                                                                                                                                                  - Crowded House                                   ,0.6741741741741742,0.3575858593239821,0.27127127127127126,0.19553099282829012,1.0,0.027527527527527528,0.6306306306306306,0.3173214850268821,0.7197197197197197,0.5385385385385385,0.933933933933934,0.20172678791260676
Kiss from a Rose                                                                                                                                                                  - Seal                                            ,0.5735735735735736,0.2887887887887888,0.8883883883883883,0.5216357749220846,0.0,0.06706706706706707,0.7881214547881215,0.0,0.8318318318318318,0.05005005005005005,0.28428428428428426,0.7273410642659913
How Deep Is Your Love                                                                                                                                                             - Take That                                       ,0.8998998998998999,0.1966966966966967,0.3918918918918919,0.1561959956277649,1.0,0.02002002002002002,0.7845328565042468,0.4633825947287081,0.6746746746746747,0.5385385385385385,0.5210016155088852,0.2951476739627571
No Scrubs                                                                                                                                                                         - TLC                                             ,0.8363363363363363,0.4224224224224224,0.7217217217217218,0.8658690521925251,0.0,0.7358731788783606,0.3713713713713714,0.46839816620744457,0.1031031031031031,0.5385385385385385,0.6696696696696697,0.1837395297362809
I'm Outta Love - Radio Edit                                                                                                                                                       - Anastacia                                       ,0.8658658658658659,0.47597597597597596,0.8883883883883883,0.6814639905548998,0.0,0.502002002002002,0.6956956956956957,0.0,0.14764764764764765,0.5385385385385385,0.7247247247247247,0.5016718635766254
She's The One                                                                                                                                                                     - Robbie Williams                                 ,0.15465465465465467,0.3533533533533533,0.8883883883883883,0.4022568365713969,1.0,0.1046046046046046,0.7818112342376767,0.3303789503789501,0.7302302302302301,0.5385385385385385,0.41004184100418395,0.9192060503423828
What Can I Do                                                                                                                                                                     - The Corrs                                       ,0.6516516516516516,0.27427427427427425,0.8058058058058057,0.4826652221018418,1.0,0.16316316316316315,0.6746746746746747,0.0,0.2882882882882883,0.5385385385385385,0.7587587587587588,0.06114375936506373
"I Don't Want to Miss a Thing - From ""Armageddon"" Soundtrack                                                                                                                   - Aerosmith                                       ",0.32932932932932935,0.4087237479806138,0.27127127127127126,0.7591256639137762,1.0,0.12262262262262262,0.5685685685685685,0.0,0.7647647647647647,0.5385385385385385,0.17217217217217218,0.5323386577628269
Amazed                                                                                                                                                                            - Lonestar                                        ,0.535035035035035,0.2952952952952953,0.16616616616616617,0.4394394394394394,1.0,0.03803803803803804,0.6186186186186187,0.0,0.45545545545545546,0.5385385385385385,0.34234234234234234,0.793819280785902
Waiting for Tonight                                                                                                                                                               - Jennifer Lopez                                  ,0.7602602602602602,0.8493493493493494,0.8883883883883883,0.6433933933933935,0.0,0.2857857857857858,0.24670454138831774,0.6316475016435382,0.3868868868868869,0.5385385385385385,0.9079497907949786,0.5895895895895896
Spice Up Your Life                                                                                                                                                                - Spice Girls                                     ,0.5285285285285285,0.9854854854854855,0.16616616616616617,0.7721255235818342,1.0,0.3883883883883884,0.3163163163163163,0.5993128519260924,0.9289289289289289,0.5385385385385385,0.7702702702702702,0.5708273957962238
Shiny Happy People                                                                                                                                                                - R.E.M.                                          ,0.3941876745689296,0.7777777777777778,0.8058058058058057,0.8950466629932406,1.0,0.2017017017017017,0.3943943943943944,0.6188689296830244,0.7417417417417418,0.5385385385385385,0.8653803287823907,0.5772029350154351
If It Makes You Happy                                                                                                                                                             - Sheryl Crow                                     ,0.503003003003003,0.44344344344344344,0.6341341341341341,0.5278637184839908,1.0,0.026026026026026026,0.4167676707300739,0.419952774498229,0.37887887887887883,0.5385385385385385,0.37237237237237236,0.2346175075122032
Genie In a Bottle                                                                                                                                                                 - Christina Aguilera                              ,0.6566566566566566,0.592092092092092,0.16616616616616617,0.5411796257357325,1.0,0.8948948948948949,0.6025810335310827,0.4099450776975207,0.5480480480480481,0.5385385385385385,0.9464252985379746,0.9605213034753941
The Power of Love                                                                                                                                                                 - Céline Dion                                     ,0.5135135135135135,0.27627627627627627,0.7217217217217218,0.3610521228335138,1.0,0.04281098546042003,0.6825602197942622,0.4522022022022022,0.7547547547547547,0.5385385385385385,0.3103103103103103,0.8027586402465817
What's Up?                                                                                                                                                                        - 4 Non Blondes                                   ,0.5460460460460461,0.31931931931931934,1.0,0.31902005411737766,0.0,0.03453453453453453,0.5615615615615616,0.0,0.45545545545545546,0.5385385385385385,0.5725725725725725,0.7527699443990071
Life                                                                                                                                                                              - Des'ree                                         ,0.8048048048048048,0.503003003003003,0.16616616616616617,0.7247247247247247,1.0,0.30230230230230226,0.5185185185185185,0.3747603299502033,0.1891891891891892,0.5385385385385385,0.7797797797797797,0.34857674802983213
Step by Step                                                                                                                                                                      - New Kids On The Block                           ,0.9009009009009009,0.37237237237237236,0.0,0.2150154592558926,1.0,0.5459265837443146,0.3800796285006811,0.31459776102633247,0.6196196196196196,0.5385385385385385,0.9256971256971256,0.5976343646126051
Don't Look Back in Anger                                                                                                                                                          - Oasis                                           ,0.2962962962962963,0.7872872872872874,0.0,0.9268917498686284,1.0,0.6056056056056056,0.39159588734912837,0.32058943940132056,0.47047047047047047,0.5385385385385385,0.2852852852852853,0.9137499429490891
I Have Nothing - Film Version                                                                                                                                                     - Whitney Houston                                 ,0.43043043043043044,0.23023023023023023,0.6341341341341341,0.35780502765486005,1.0,0.14464464464464466,0.814317172395775,0.0,0.1921921921921922,0.05005005005005005,0.21621621621621623,0.8761807500961218
She's so High                                                                                                                                                                     - Tal Bachman                                     ,0.4974974974974975,0.6566566566566566,0.8058058058058057,0.8291771738115252,1.0,0.1921921921921922,0.5965965965965966,0.2729065887962177,0.30930930930930933,0.5385385385385385,0.26876876876876876,0.5746798685000364
Change the World - 2015 Remaster                                                                                                                                                  - Eric Clapton                                    ,0.8013013013013013,0.30680680680680683,0.8058058058058057,0.37896204911435644,1.0,0.003508947855014129,0.7255955520106464,0.5336418766456704,0.2587682021644286,0.5385385385385385,0.5945945945945946,0.2570592149554722
Save Tonight                                                                                                                                                                      - Eagle-Eye Cherry                                ,0.5165165165165165,0.507007007007007,0.0,0.5888108067334138,1.0,0.13313313313313313,0.16596596596596597,0.3723733354907184,0.3868868868868869,0.5385385385385385,0.6626626626626626,0.5026032605305326
Finally                                                                                                                                                                           - CeCe Peniston                                   ,0.9064064064064064,0.4044044044044044,0.6341341341341341,0.2581086492309273,1.0,0.35485485485485485,0.2911452184179457,0.0,0.025648949320148325,0.5385385385385385,0.8988988988988988,0.5198536539341022
Say My Name                                                                                                                                                                       - Destiny's Child                                 ,0.474974974974975,0.42492492492492495,0.4664664664664665,0.9289289289289289,0.0,0.8863863863863863,0.6462035541195479,0.0,0.5365365365365365,0.5385385385385385,0.8118118118118118,0.013013013013013013
I Try                                                                                                                                                                             - Macy Gray                                       ,0.5855855855855856,0.3858858858858859,0.27127127127127126,0.5049390341710299,1.0,0.057057057057057055,0.665331998665332,0.46081933359880606,0.1649530621367903,0.5385385385385385,0.8028028028028028,0.04887274500324581
When You Believe - from The Prince of Egypt                                                                                                                                       - Whitney Houston                                 ,0.3778243617578798,0.2035541195476575,0.16616616616616617,0.33141187905585817,0.0,0.11161161161161161,0.7457457457457457,0.0,0.47047047047047047,0.5385385385385385,0.15815815815815815,0.5976934707588
Heal the World                                                                                                                                                                    - Michael Jackson                                 ,0.5125125125125125,0.25425425425425424,0.8058058058058057,0.43239031912171066,1.0,0.4194194194194194,0.7417417417417418,0.26696216049034427,0.3433433433433434,0.5385385385385385,0.12612612612612611,0.08596496395008725
"Beauty and the Beast - from the Soundtrack ""Beauty and the Beast""                                                                                                             - Céline Dion                                     ",0.40490490490490494,0.20742065265981227,0.5445445445445445,0.3111194322569766,0.0,0.07407407407407407,0.7759667978362292,0.3564814626401737,0.5245245245245245,0.5385385385385385,0.15165165165165168,0.056020527196724214
You Get What You Give                                                                                                                                                             - New Radicals                                    ,0.6306306306306306,0.7617617617617618,0.27127127127127126,0.7336755976255415,1.0,0.06156156156156157,0.5725725725725725,0.0,0.2092092092092092,0.5385385385385385,0.8098098098098098,0.4483455586357355
Two Princes                                                                                                                                                                       - Spin Doctors                                    ,0.5085085085085085,0.7847847847847848,0.6341341341341341,0.27480111690638004,1.0,0.5405405405405406,0.23678698566115786,0.27212927212927207,0.05105105105105105,0.5385385385385385,0.8943943943943944,0.33734372027625764
Mr. Jones                                                                                                                                                                         - Counting Crows                                  ,0.5640640640640641,0.6176176176176176,0.0,0.5880663428239731,1.0,0.1921921921921922,0.583015724412658,0.2821103280221155,0.8033033033033032,0.5385385385385385,0.7917917917917918,0.8124166020650176
I'm Every Woman                                                                                                                                                                   - Whitney Houston                                 ,0.7122122122122122,0.6671671671671671,0.4664664664664665,0.41196196196196194,0.0,0.477977977977978,0.34734734734734735,0.5149003586184384,0.5025025025025025,0.5385385385385385,0.4844844844844845,0.5036763335343458
Mambo No. 5 (A Little Bit of...)                                                                                                                                                  - Lou Bega                                        ,0.6066066066066066,0.5955955955955956,0.4664664664664665,0.5515802984116798,0.0,0.9950205131319781,0.5125125125125125,0.0,0.8303303303303303,0.5385385385385385,0.93993993993994,0.9555942888800737
All That She Wants                                                                                                                                                                - Ace of Base                                     ,0.9164164164164164,0.3663663663663664,1.0,0.327696476677801,1.0,0.49199199199199195,0.2825062297292814,0.39815536373109084,0.3353353353353353,0.5385385385385385,0.910649281444106,0.1976751377777694
Ride On Time                                                                                                                                                                      - Black Box                                       ,0.6941941941941943,0.6011011011011012,0.8058058058058057,0.47952102503160654,0.0,0.10960960960960961,0.28524203069657617,0.7345926800472256,0.10508162121065345,0.5385385385385385,0.9044044044044044,0.49340969206169644
Nothing Compares 2 U                                                                                                                                                              - Sinéad O'Connor                                 ,0.46146146146146144,0.3233233233233233,0.4664664664664665,0.5337437721543682,1.0,0.02002002002002002,0.42119993747900725,0.35490828329318475,0.35235235235235235,0.5385385385385385,0.2027463651050081,0.5074172715099173
Again                                                                                                                                                                             - Janet Jackson                                   ,0.3073073073073073,0.15999999999999992,0.0,0.3377431906614788,1.0,0.06306306306306306,0.8663663663663663,0.5406406406406407,0.6746746746746747,0.5385385385385385,0.23923923923923923,0.7158329603519229
Stay Another Day                                                                                                                                                                  - East 17                                         ,0.478978978978979,0.25725725725725723,0.27127127127127126,0.45353138970160245,1.0,0.021521521521521522,0.7545926799282504,0.4643805472539174,0.6746746746746747,0.5385385385385385,0.5280280280280281,0.6375517437364373
End Of The Road                                                                                                                                                                   - Boyz II Men                                     ,0.6681681681681682,0.21814658524695696,0.4664664664664665,0.35211500029589976,0.0,0.001878571464538187,0.4645890558061198,0.0,0.058058058058058054,0.05005005005005005,0.6146146146146146,0.8598552915937357
"Rhythm Is A Dancer - 7"" Edit                                                                                                                                                   - SNAP!                                           ",0.9104104104104105,0.512012012012012,0.8058058058058057,0.24855713384853065,0.0,0.2102102102102102,0.6454091706385284,0.4485423531299289,0.5665665665665666,0.5385385385385385,0.7727727727727728,0.5745033995284399
All My Life                                                                                                                                                                       - K-Ci & JoJo                                     ,0.6466466466466466,0.2702702702702703,0.16616616616616617,0.38799238634838695,1.0,0.11161161161161161,0.5205205205205206,0.2929428260035737,0.062422744128553774,0.5385385385385385,0.23012552301255204,0.675430532573393
My Love Is Your Love                                                                                                                                                              - Whitney Houston                                 ,0.8788788788788788,0.24724724724724725,0.6341341341341341,0.33748378728923484,1.0,0.8848848848848849,0.4489254777439215,0.3001996322285894,0.07107107107107107,0.5385385385385385,0.5535535535535535,0.1011678850951027
More Than Words                                                                                                                                                                   - Extreme                                         ,0.6341341341341342,0.08494134940770172,0.5445445445445445,0.14306636698494204,1.0,0.07007007007007007,0.7167167167167167,0.0,0.4314314314314314,0.5385385385385385,0.29979979979979976,0.16952134183796017
You Oughta Know - 2015 Remaster                                                                                                                                                   - Alanis Morissette                               ,0.7122122122122122,0.6451451451451451,0.3918918918918919,0.4619393339232482,1.0,0.5185185185185185,0.6030975307291098,0.0,0.9432766099432766,0.5385385385385385,0.4944944944944945,0.3576250243891479
Endless Love                                                                                                                                                                      - Lionel Richie                                   ,0.4264264264264264,0.1502526785545654,0.8883883883883883,0.2302273544516707,1.0,0.007007007007007007,0.8558558558558559,0.5759316413267367,0.572072072072072,0.5385385385385385,0.23123123123123124,0.19436806754082003
One                                                                                                                                                                               - U2                                              ,0.3353353353353353,0.28928928928928926,0.0,0.3777087556464595,1.0,0.2082082082082082,0.6259482005750662,0.47990444361412105,0.6026026026026026,0.5385385385385385,0.3993993993993994,0.9808065283952915
"Bills, Bills, Bills                                                                                                                                                             - Destiny's Child                                 ",0.9569569569569569,0.3255237581080276,1.0,0.7602680618268147,0.0,0.8753753753753755,0.5455455455455456,0.0,0.14216943330867385,0.5385385385385385,0.5435435435435435,0.6366318282810461
Smooth                                                                                                                                                                            - Santana                                         ,0.6096096096096096,0.8078078078078078,0.8058058058058057,0.901825221238938,1.0,0.13463463463463465,0.5646292359775505,0.3004828821686262,0.8168168168168168,0.5385385385385385,0.980980980980981,0.46749637807863303
Back To Black                                                                                                                                                                     - Amy Winehouse                                   ,0.34434434434434436,0.21621621621621623,0.6341341341341341,0.1647831686095802,0.0,0.21671671671671672,0.5395395395395395,0.3494568579638762,0.19858532565714884,0.5385385385385385,0.4587586886115268,0.5538016519301294
She Will Be Loved                                                                                                                                                                 - Maroon 5                                        ,0.478978978978979,0.4694694694694695,0.0,0.7201635723606428,0.0,0.27877877877877877,0.45025025025025023,0.0,0.5365365365365365,0.5385385385385385,0.6226226226226226,0.9981031604114616
Family Affair                                                                                                                                                                     - Mary J. Blige                                   ,0.9898815273681393,0.3033033033033033,0.7217217217217218,0.9169962408251614,0.0,0.36186186186186187,0.5375375375375375,0.3747603299502033,0.20020020020020018,0.5385385385385385,0.994994994994995,0.183228970441781
The Sweet Escape                                                                                                                                                                  - Gwen Stefani                                    ,0.8598598598598599,0.549049049049049,0.16616616616616617,0.9339991527430386,1.0,0.14764764764764765,0.5904684975767366,0.0,0.6581581581581581,0.5385385385385385,0.7957957957957957,0.5105045343851314
Hips Don't Lie (feat. Wyclef Jean)                                                                                                                                                - Shakira                                         ,0.8898898898898899,0.6281281281281281,0.8883883883883883,0.6706706706706707,0.0,0.6171243941841681,0.6516516516516516,0.0,0.9309309309309309,0.5385385385385385,0.8215280343993213,0.29920141628624314
Yeah!                                                                                                                                                                             - Usher                                           ,0.9846932038421403,0.5845845845845846,0.27127127127127126,0.8202065922042716,1.0,0.7467467467467468,0.362074797746617,0.0,0.01459406041772632,0.5385385385385385,0.6536536536536537,0.3537683532447939
Pon de Replay                                                                                                                                                                     - Rihanna                                         ,0.8908908908908909,0.3833833833833834,0.6341341341341341,0.4044044044044044,1.0,0.8848848848848849,0.16616616616616617,0.47064276885043266,0.31931931931931934,0.5385385385385385,0.5810810810810811,0.28326812997278544
You're Beautiful                                                                                                                                                                  - James Blunt                                     ,0.7312312312312312,0.2502502502502503,0.0,0.3194506970887752,0.0,0.026026026026026026,0.7727727727727728,0.3445973009779787,0.2132132132132132,0.5385385385385385,0.5375375375375375,0.09609910374728742
Halo                                                                                                                                                                              - Beyoncé                                         ,0.4574574574574575,0.4792132320071525,1.0,0.6690103090660313,0.0,0.5615615615615616,0.6446446446446447,0.0,0.05038371705038372,0.5385385385385385,0.5525525525525525,0.07739720028406645
Just Dance                                                                                                                                                                        - Lady Gaga                                       ,0.9393117992364222,0.505005005005005,0.16616616616616617,0.8357732886235382,0.0,0.08458458458458458,0.3813813813813814,0.35723436130001407,0.6836836836836837,0.5385385385385385,0.8068068068068068,0.4973712509545813
Last Friday Night (T.G.I.F.)                                                                                                                                                      - Katy Perry                                      ,0.6856856856856857,0.6146146146146146,0.3383383383383384,0.9140087360237538,0.0,0.29979979979979976,0.22822822822822822,0.37686347273437926,0.9773439010386801,0.5385385385385385,0.8288288288288288,0.6146317984918988
Promiscuous                                                                                                                                                                       - Nelly Furtado                                   ,0.9284284284284283,0.9232633279483038,0.8883883883883883,0.6454331988974209,0.0,0.44644644644644643,0.45065065065065063,0.3876530510754799,0.6001001001001001,0.5385385385385385,0.9179179179179179,0.45122158216809555
Gimme More                                                                                                                                                                        - Britney Spears                                  ,0.9024024024024024,0.6631631631631631,0.27127127127127126,0.9563386458532497,1.0,0.12462462462462463,0.6306306306306306,0.46684865558627936,0.12212212212212212,0.5385385385385385,0.46196196196196193,0.4425297835800919
Umbrella                                                                                                                                                                          - Rihanna                                         ,0.5710710710710711,0.6351351351351351,0.16616616616616617,0.8316827783216217,1.0,0.8453453453453453,0.3043831118318365,0.0,0.018018018018018018,0.5385385385385385,0.6546546546546547,0.9538081707336019
Love Story                                                                                                                                                                        - Taylor Swift                                    ,0.6251251251251251,0.505005005005005,0.27127127127127126,0.8979535398230087,1.0,0.07857857857857858,0.5725725725725725,0.0,0.17517517517517517,0.5385385385385385,0.36336336336336333,0.4973712509545813
Since U Been Gone                                                                                                                                                                 - Kelly Clarkson                                  ,0.7092092092092093,0.505005005005005,0.0,0.7342588285749517,1.0,0.14764764764764765,0.23789086904144247,0.6106106106106106,0.4244244244244244,0.5385385385385385,0.4934934934934935,0.7222986499855191
Party In The U.S.A.                                                                                                                                                               - Miley Cyrus                                     ,0.6916916916916918,0.45095095095095095,0.8883883883883883,0.8241583595676493,0.0,0.3103103103103103,0.22422422422422422,0.4074074074074074,0.21871871871871873,0.5385385385385385,0.5495495495495496,0.24527512356154443
Hot N Cold                                                                                                                                                                        - Katy Perry                                      ,0.7822822822822824,0.6586586586586587,0.6341341341341341,0.8973943899317032,1.0,0.30680680680680683,0.14590252460695682,0.0,0.10449511094672385,0.5385385385385385,0.9124124124124124,0.731964861933806
Unwritten                                                                                                                                                                         - Natasha Bedingfield                             ,0.7822822822822824,0.592092092092092,0.4664664664664665,0.6141424343433862,1.0,0.2677677677677678,0.2862862862862863,0.0,0.17517517517517517,0.5385385385385385,0.7087087087087087,0.2977745859409494
Oops!...I Did It Again                                                                                                                                                            - Britney Spears                                  ,0.8508508508508509,0.6451451451451451,0.16616616616616617,0.7272272272272272,0.0,0.3408408408408409,0.6596596596596597,0.34495779124474146,0.8938938938938938,0.5385385385385385,0.9354354354354355,0.22972360402135616
TiK ToK                                                                                                                                                                           - Kesha                                           ,0.8573573573573574,0.6511511511511512,0.27127127127127126,0.973981759183442,0.0,0.8603603603603603,0.5047933664192903,0.0,0.8098098098098098,0.5385385385385385,0.7797797797797797,0.5175997627762952
Disturbia                                                                                                                                                                         - Rihanna                                         ,0.7842842842842843,0.6116116116116116,1.0,0.8397908830007595,0.0,0.5135135135135135,0.4893657589963163,0.0,0.6341341341341342,0.5385385385385385,0.7887887887887888,0.5813660103205167
I Knew You Were Trouble                                                                                                                                                           - Taylor Swift                                    ,0.44594594594594594,0.24124124124124124,0.5445445445445445,0.5650350420992624,1.0,0.3838838838838839,0.28715897124701545,0.26326326326326327,0.008343634116192827,0.5385385385385385,0.7157157157157157,0.050732095218169244
Maneater                                                                                                                                                                          - Nelly Furtado                                   ,0.9139139139139139,0.56006006006006,0.5445445445445445,0.8048048048048048,1.0,0.26476476476476474,0.37537537537537535,0.44439784232171775,0.4764764764764765,0.5385385385385385,0.8483483483483483,0.7376878362969937
Down                                                                                                                                                                              - Jay Sean                                        ,0.6996996996996997,0.44744744744744747,0.27127127127127126,0.8429431040770692,1.0,0.0995995995995996,0.3169169169169169,0.0,0.17517517517517517,0.5385385385385385,0.7557557557557557,0.00914744589793107
Poker Face                                                                                                                                                                        - Lady Gaga                                       ,0.9623430962343116,0.6026026026026026,0.3918918918918919,0.8297375548706454,1.0,0.6591591591591592,0.5245245245245245,0.2628316706866556,0.4764764764764765,0.5385385385385385,0.8483483483483483,0.4979755341144036
Don't Stop The Music                                                                                                                                                              - Rihanna                                         ,0.94994994994995,0.4144144144144144,0.5445445445445445,0.708090850580397,0.0,0.5730730730730731,0.40225391632041263,0.3911734590585766,0.040217317812045954,0.5385385385385385,0.6256256256256256,0.5525525525525525
Dynamite                                                                                                                                                                          - Taio Cruz                                       ,0.8508508508508509,0.5685685685685686,0.3918918918918919,0.9184383562909805,1.0,0.6966966966966966,0.26726726726726724,0.0,0.008189122373300363,0.5385385385385385,0.8773773773773774,0.5115115115115115
Cooler Than Me - Single Mix                                                                                                                                                       - Mike Posner                                     ,0.8753753753753755,0.6216216216216216,0.6341341341341341,0.8287866847043521,0.0,0.40540540540540543,0.5795795795795796,0.0,0.9807798672566372,0.5385385385385385,0.7057057057057057,0.7039627863157278
Toxic                                                                                                                                                                             - Britney Spears                                  ,0.8828828828828829,0.6531531531531531,0.4664664664664665,0.900995575221239,0.0,0.7967967967967968,0.3705645944451914,0.5893573077390354,0.7582582582582582,0.5385385385385385,0.954954954954955,0.8217189083410954
Raise Your Glass                                                                                                                                                                  - P!nk                                            ,0.7707707707707707,0.46646646646646645,0.6341341341341341,0.7887887887887888,1.0,0.7027027027027027,0.28881980572121413,0.0,0.002734109197987526,0.5385385385385385,0.6976976976976977,0.5445067904380744
We Are Never Ever Getting Back Together                                                                                                                                           - Taylor Swift                                    ,0.637137137137137,0.4361873990306946,0.6341341341341341,0.6696532580587445,1.0,0.8118118118118118,0.3163163163163163,0.3537429205420646,0.5025025025025025,0.5385385385385385,0.8433433433433433,0.12656360335622696
Crazy In Love (feat. Jay-Z)                                                                                                                                                       - Beyoncé                                         ,0.6791791791791792,0.549049049049049,0.27127127127127126,0.5815817018508356,0.0,0.9469469469469469,0.2502902145684243,0.0,0.11745078411745075,0.5385385385385385,0.7537537537537538,0.28527359384330314
I Kissed A Girl                                                                                                                                                                   - Katy Perry                                      ,0.7687687687687688,0.5325325325325325,0.4664664664664665,0.9543243052858438,1.0,0.5955955955955956,0.24624624624624625,0.0,0.529029029029029,0.5385385385385385,0.7657657657657657,0.7087087087087087
SOS                                                                                                                                                                               - Rihanna                                         ,0.7352352352352352,0.4169169169169169,0.6341341341341341,0.7941977525899965,1.0,0.1866866866866867,0.2697714057068028,0.3812291830130235,0.9329329329329329,0.5385385385385385,0.6136136136136137,0.7749855831685288
Bad Romance                                                                                                                                                                       - Lady Gaga                                       ,0.7625201938610662,0.7992992992992993,0.0,0.9157709898450639,1.0,0.2327327327327327,0.25208749255041585,0.3743086283185841,0.07510284006634373,0.5385385385385385,0.7832832832832832,0.49810475534114385
I Gotta Feeling                                                                                                                                                                   - Black Eyed Peas                                 ,0.8363363363363363,0.5430430430430431,0.0,0.6071708136964502,1.0,0.013013013013013013,0.49091926610368986,0.0,0.9561913276709878,0.5385385385385385,0.6886886886886887,0.6456456456456456
Womanizer                                                                                                                                                                         - Britney Spears                                  ,0.8093093093093093,0.44744744744744747,1.0,0.7530570838359608,1.0,0.5552078676799285,0.4720161954453236,0.0,0.22072072072072077,0.5385385385385385,0.2962962962962963,0.7875853777405091
So What                                                                                                                                                                           - P!nk                                            ,0.493993993993994,0.7077077077077077,1.0,0.958681121799766,0.0,0.31931931931931934,0.19220250534643293,0.0,0.7567567567567568,0.5385385385385385,0.5440099614539913,0.6128295323523102
Rock Your Body                                                                                                                                                                    - Justin Timberlake                               ,0.9833452104292091,0.4728033472803356,0.3918918918918919,0.6504892301502472,0.0,0.8583583583583583,0.5975975975975976,0.4300697391606483,0.036209208761734474,0.5385385385385385,0.8788788788788788,0.3072304728804724
Replay                                                                                                                                                                            - Iyaz                                            ,0.7822822822822824,0.52002002002002,0.8058058058058057,0.6154456513261497,1.0,0.6177916852928029,0.575075075075075,0.0,0.6341341341341342,0.5385385385385385,0.24824824824824826,0.16521976521976525
Every time we touch                                                                                                                                                               - Cascada                                         ,0.6566566566566566,0.9384384384384384,0.7217217217217218,0.7386282096878714,1.0,0.46025104602510414,0.25345685840707965,0.3364958635754179,0.9165832499165832,0.5385385385385385,0.5745745745745746,0.8158960849050777
Empire State Of Mind                                                                                                                                                              - JAY-Z                                           ,0.43793793793793795,0.8863863863863863,1.0,0.9952835227588117,1.0,0.9938354529761438,0.38712561466249445,0.0,0.9459459459459459,0.5385385385385385,0.8718718718718719,0.9489745921973974
Circus                                                                                                                                                                            - Britney Spears                                  ,0.9064064064064064,0.4934934934934935,0.5445445445445445,0.7542101663507415,0.0,0.46146146146146144,0.553322968577206,0.4464944052276106,0.11631519249803131,0.5385385385385385,0.8248248248248248,0.45738777697891836
Shut Up And Drive                                                                                                                                                                 - Rihanna                                         ,0.8242677824267791,0.6311311311311312,0.16616616616616617,0.7948000219540688,1.0,0.16216216216216217,0.22122122122122123,0.6476476476476476,0.6946946946946947,0.5385385385385385,0.8063063063063063,0.7400874381240917
Sexy Bitch (feat. Akon)                                                                                                                                                           - David Guetta                                    ,0.9324398039481839,0.37037037037037035,1.0,0.7791816777776216,0.0,0.4209209209209209,0.4774774774774775,0.46374059844982174,0.5245245245245245,0.5385385385385385,0.8610637772648946,0.7120166853842478
SexyBack (feat. Timbaland)                                                                                                                                                        - Justin Timberlake                               ,1.0,0.33183183183183185,0.6341341341341341,0.7107107107107107,0.0,0.6606606606606606,0.45345345345345345,0.0,0.0353151542244077,0.5385385385385385,0.9874874874874875,0.4762012925695676
Low (feat. T-Pain)                                                                                                                                                                - Flo Rida                                        ,0.990990990990991,0.3533533533533533,0.8883883883883883,0.7017017017017017,0.0,0.6626626626626626,0.49633179843196,0.0,0.5540540540540541,0.5385385385385385,0.3738738738738739,0.6656656656656657
"Whenever, Wherever                                                                                                                                                              - Shakira                                         ",0.9104104104104105,0.6406406406406406,0.16616616616616617,0.7997997997997998,0.0,0.28378378378378377,0.6214003477161372,0.3313313313313313,0.7062062062062062,0.5385385385385385,0.9194568425337656,0.3792376838372335
This Love                                                                                                                                                                         - Maroon 5                                        ,0.7942942942942943,0.7032032032032032,0.4664664664664665,0.8328328328328328,0.0,0.1921921921921922,0.44644644644644643,0.0,0.3003003003003003,0.5385385385385385,0.8418418418418419,0.2294226409394943
About You Now                                                                                                                                                                     - Sugababes                                       ,0.5735735735735736,0.45345345345345345,0.16616616616616617,0.6492048221747888,0.0,0.22572572572572575,0.13947178290640794,0.38666245544375766,0.9515240350853906,0.5385385385385385,0.6646646646646647,0.1010714548356121
Don't Cha                                                                                                                                                                         - The Pussycat Dolls                              ,0.9767545820295038,0.3733733733733734,0.16616616616616617,0.9359737577451099,1.0,0.7517517517517518,0.28127194890117213,0.2776840064630598,0.507007007007007,0.5385385385385385,0.6316512783637417,0.5147905233569791
Break Your Heart                                                                                                                                                                  - Taio Cruz                                       ,0.602102102102102,0.7972972972972974,0.3383383383383384,0.7485104582329086,1.0,0.08208208208208209,0.3973973973973974,0.0,0.06406406406406406,0.5385385385385385,0.6876876876876877,0.5435595761093046
Sweet Dreams                                                                                                                                                                      - Beyoncé                                         ,0.7602602602602602,0.6296296296296297,0.16616616616616617,0.658295945564716,1.0,0.7892892892892893,0.4924924924924925,0.3463735189845963,0.07475434618291761,0.5385385385385385,0.8503503503503503,0.5393590550651982
Grenade                                                                                                                                                                           - Bruno Mars                                      ,0.7787787787787788,0.3088283291091403,0.27127127127127126,0.5066870462361484,0.0,0.48535564853556457,0.554119547657512,0.0,0.36936936936936937,0.5385385385385385,0.3083083083083083,0.41041041041041043
Complicated                                                                                                                                                                       - Avril Lavigne                                   ,0.5695695695695696,0.5290290290290289,0.4664664664664665,0.663754427390791,1.0,0.3883883883883884,0.45845845845845845,0.32232232232232233,0.8358358358358359,0.5385385385385385,0.4964964964964965,0.060887571630141274
Bye Bye Bye                                                                                                                                                                       - *NSYNC                                          ,0.5515515515515516,0.7077077077077077,0.7217217217217218,0.9042253521126761,0.0,0.5715715715715716,0.3553844784102473,0.3139992544529407,0.05071738405071738,0.5385385385385385,0.8743743743743744,0.9448374799655423
Take A Bow                                                                                                                                                                        - Rihanna                                         ,0.7657657657657657,0.24124124124124124,0.8058058058058057,0.47982922310023196,1.0,0.6212591902247074,0.6286286286286287,0.0,0.26472149147516194,0.5385385385385385,0.6516516516516516,0.09738329363663879
Glamorous                                                                                                                                                                         - Fergie                                          ,0.92992992992993,0.5245245245245245,0.0,0.6041875208541875,1.0,0.9289289289289289,0.6540008940545372,0.0,0.1961961961961962,0.5385385385385385,0.7022022022022022,0.7219240918470733
Single Ladies (Put a Ring on It)                                                                                                                                                  - Beyoncé                                         ,0.3683683683683684,0.3328328328328328,0.16616616616616617,0.7477714206241057,1.0,0.9754754754754755,0.41124209207514323,0.0,0.6791791791791792,0.5385385385385385,0.33483483483483484,0.9924532359235219
Chasing Pavements                                                                                                                                                                 - Adele                                           ,0.6181181181181181,0.2431240764574099,0.4664664664664665,0.646707292999609,0.0,0.006006006006006006,0.6556556556556556,0.0,0.4074074074074074,0.5385385385385385,0.40490490490490494,0.08000369406362084
Say It Right                                                                                                                                                                      - Nelly Furtado                                   ,0.9749655456150247,0.7102102102102101,0.16616616616616617,0.6146950132838136,1.0,0.8553553553553553,0.43343343343343343,0.48240850059031887,0.042955562139484184,0.5385385385385385,0.8688688688688688,0.4751617111290135
Sk8er Boi                                                                                                                                                                         - Avril Lavigne                                   ,0.43243243243243246,0.7602602602602602,0.0,0.8508855645424251,1.0,0.41491491491491495,0.14084863532716294,0.0,0.8968968968968969,0.5385385385385385,0.5645645645645646,0.8618725823348201
Marry You                                                                                                                                                                         - Bruno Mars                                      ,0.6306306306306306,0.6216216216216216,0.8883883883883883,0.7992992992992993,1.0,0.20370370370370372,0.6733845727774609,0.0,0.3433433433433434,0.5385385385385385,0.5355355355355356,0.8338338338338338
Cupid's Chokehold / Breakfast in America - Radio Mix                                                                                                                              - Gym Class Heroes                                ,0.5735735735735736,0.4314314314314314,0.16616616616616617,0.7695038476849406,0.0,0.6561713854132629,0.7302417929480636,0.0,0.8098098098098098,0.5385385385385385,0.8833833833833833,0.07407808148979689
Fergalicious                                                                                                                                                                      - Fergie                                          ,0.988988988988989,0.3328328328328328,0.7217217217217218,0.4633797648078691,0.0,0.9807562260579078,0.45255000907174825,0.0,0.5115115115115114,0.5385385385385385,0.8903903903903905,0.6940069240625829
Rude Boy                                                                                                                                                                          - Rihanna                                         ,0.5410410410410411,0.5185185185185185,1.0,0.8423767672907908,1.0,0.8273273273273274,0.5195195195195195,0.0,0.15563423548809766,0.5385385385385385,0.8728728728728729,0.9499486802416046
Survivor                                                                                                                                                                          - Destiny's Child                                 ,0.46546546546546547,0.7812812812812813,0.16616616616616617,0.9901648726940906,0.0,0.9954757384685198,0.44830371567043603,0.0,0.9909429129367815,0.5385385385385385,0.6976976976976977,0.9065053764018095
Mr. Brightside                                                                                                                                                                    - The Killers                                     ,0.2982982982982983,0.8173173173173174,0.16616616616616617,0.9195022089758932,1.0,0.6441441441441441,0.2247715695991558,0.0,0.3013013013013013,0.5385385385385385,0.302907915993538,0.85245403182818
Kiss Me Thru The Phone                                                                                                                                                            - Soulja Boy                                      ,0.861876669568977,0.47097097097097096,0.6341341341341341,0.9151296558703965,1.0,0.7917917917917918,0.35035035035035034,0.0,0.0988438102532062,0.5385385385385385,0.8568568568568569,0.8634541795304054
Forever                                                                                                                                                                           - Chris Brown                                     ,0.7257257257257257,0.6216216216216216,1.0,0.8466931824418198,1.0,0.37987987987987987,0.4086666053239869,0.42131482786103636,0.6706706706706707,0.5385385385385385,0.5225225225225225,0.5151920760273045
The Tide Is High - Radio Mix                                                                                                                                                      - Atomic Kitten                                   ,0.8868868868868869,0.44544544544544545,0.6341341341341341,0.9802288576575088,1.0,0.08758758758758758,0.36607057412956806,0.49779711498674656,0.004024126978778684,0.5385385385385385,0.7147147147147147,0.32779561159585524
Irreplaceable                                                                                                                                                                     - Beyoncé                                         ,0.3888888888888889,0.44644644644644643,0.6341341341341341,0.827670233671345,0.0,0.992206917754363,0.3862386277062045,0.30660770190389103,0.632132132132132,0.5385385385385385,0.5925925925925926,0.960972632585946
Jenny from the Block (feat. Jadakiss & Styles P.) - Track Masters Remix                                                                                                           - Jennifer Lopez                                  ,0.9569569569569569,0.5460460460460461,0.5445445445445445,0.7262262262262261,1.0,0.9159159159159159,0.29608625187667525,0.3033725955341157,0.05654281098546041,0.5385385385385385,0.978978978978979,0.29619730287935836
Bleeding Love                                                                                                                                                                     - Leona Lewis                                     ,0.6601601601601601,0.3898898898898899,0.4664664664664665,0.6732712591867521,1.0,0.2017017017017017,0.5910501730750783,0.0,0.6001001001001001,0.5385385385385385,0.25575575575575576,0.34235085760787176
4 Minutes (feat. Justin Timberlake & Timbaland)                                                                                                                                   - Madonna                                         ,0.8538538538538538,0.8248248248248249,0.27127127127127126,0.7917723071890079,1.0,0.578078078078078,0.3133230703030802,0.5468369948407089,0.7457457457457457,0.5385385385385385,0.8308308308308309,0.4390700647683886
Meet Me Halfway                                                                                                                                                                   - Black Eyed Peas                                 ,0.9164164164164164,0.3713713713713714,1.0,0.5506473058791246,0.0,0.6326326326326326,0.2769426532512722,0.35235235235235235,0.8548548548548548,0.5385385385385385,0.4844844844844845,0.7094210862688142
Telephone                                                                                                                                                                         - Lady Gaga                                       ,0.9419419419419419,0.6406406406406406,0.4664664664664665,0.6751422000821842,0.0,0.27477477477477474,0.286577181273196,0.47248563769096513,0.4314314314314314,0.5385385385385385,0.7787787787787788,0.5438179072898783
Heartless                                                                                                                                                                         - Kanye West                                      ,0.9049049049049049,0.3898898898898899,0.8883883883883883,0.6586586586586587,0.0,0.8498498498498499,0.43929326106274386,0.0,0.7647647647647647,0.5385385385385385,0.7287287287287287,0.1388751440279722
Hollaback Girl                                                                                                                                                                    - Gwen Stefani                                    ,0.9936327882585081,0.7932932932932932,0.8883883883883883,0.9870655524092116,0.0,0.7277277277277278,0.6794980150162453,0.3107482101913808,0.0009948979591836735,0.5385385385385385,0.9414414414414414,0.40433791574785927
The Way I Are                                                                                                                                                                     - Timbaland                                       ,0.8198198198198198,0.6036036036036035,0.3383383383383384,0.5935278995917133,0.0,0.7572572572572572,0.5815815815815816,0.7807807807807807,0.8478478478478478,0.5385385385385385,0.8288288288288288,0.4544894517083631
Where Is The Love?                                                                                                                                                                - Black Eyed Peas                                 ,0.94994994994995,0.43843843843843844,0.4664664664664665,0.9539544828006367,1.0,0.9109109109109109,0.5065065065065065,0.0,0.529029029029029,0.5385385385385385,0.8878878878878879,0.20929596745805135
"Hey, Soul Sister                                                                                                                                                                - Train                                           ",0.7312312312312312,0.7342342342342343,0.16616616616616617,0.8497722136559734,0.0,0.33933933933933935,0.6101266726913056,0.0,0.19792819134924391,0.5385385385385385,0.8318318318318318,0.2618929281454132
Superstar                                                                                                                                                                         - Jamelia                                         ,0.91991991991992,0.3883883883883884,0.16616616616616617,0.5430628320905933,1.0,0.17717717717717718,0.42842842842842843,0.0,0.007800747793944301,0.5385385385385385,0.8858858858858859,0.404749602543721
Temperature                                                                                                                                                                       - Sean Paul                                       ,0.9981260875384821,0.34534534534534533,0.0,0.8228228228228228,0.0,0.6016016016016016,0.5115115115115115,0.0,0.11568654368654369,0.5385385385385385,0.8838838838838838,0.5935996808246364
In My Head                                                                                                                                                                        - Jason Derulo                                    ,0.8668668668668669,0.5165165165165165,0.0,0.8779116073247851,0.0,0.11761761761761762,0.37737737737737737,0.0,0.8828828828828829,0.5385385385385385,0.9069069069069069,0.4046025437201909
American Boy                                                                                                                                                                      - Estelle                                         ,0.8148148148148148,0.4894894894894895,0.0,0.9646706330840848,1.0,0.9827626918536009,0.5734959336067371,0.0,0.11011011011011011,0.5385385385385385,0.5965965965965966,0.4856472499210395
Love Song                                                                                                                                                                         - Sara Bareilles                                  ,0.5710710710710711,0.5735735735735735,0.27127127127127126,0.9558654948414214,0.0,0.060560560560560556,0.35935935935935936,0.0,0.6791791791791792,0.5385385385385385,0.6526526526526526,0.5599182267522717
Hung Up                                                                                                                                                                           - Madonna                                         ,0.6856856856856857,0.3898898898898899,0.8058058058058057,0.46584821236870805,0.0,0.36686686686686687,0.26886325339364014,0.6586586586586587,0.1041041041041041,0.5385385385385385,0.4894894894894895,0.5904475904475899
If We Ever Meet Again (Featuring Katy Perry)                                                                                                                                      - Timbaland                                       ,0.6916916916916918,0.34934934934934936,0.7217217217217218,0.4954369469026549,1.0,0.25625625625625625,0.2772772772772773,0.0,0.07007007007007007,0.5385385385385385,0.4774774774774775,0.6186546910156309
Beautiful Girls                                                                                                                                                                   - Sean Kingston                                   ,0.5085085085085085,0.3858858858858859,0.3918918918918919,0.5892181387089737,1.0,0.7097097097097097,0.5425425425425425,0.0,0.7597597597597597,0.5385385385385385,0.8148148148148148,0.48548257423386415
No Air (feat. Chris Brown)                                                                                                                                                        - Jordin Sparks                                   ,0.4084084084084084,0.5315315315315315,0.7217217217217218,0.7847847847847848,0.0,0.9259259259259259,0.4408064954593758,0.0,0.06211372064276886,0.5385385385385385,0.4034034034034034,0.9020062308919912
Lady Marmalade                                                                                                                                                                    - Christina Aguilera                              ,0.8323323323323324,0.6861861861861862,0.4664664664664665,0.9869910867006704,1.0,0.5125125125125125,0.33433433433433435,0.26750448833034113,0.9762013274757485,0.5385385385385385,0.6898308454628317,0.4002499657695505
Push The Button                                                                                                                                                                   - Sugababes                                       ,0.9994719611363396,0.4069069069069069,0.7217217217217218,0.7676912659963506,1.0,0.5465465465465466,0.4348195844976309,0.0,0.1390254805543138,0.5385385385385385,0.8753753753753755,0.6122582540016995
A Thousand Miles - Single Version                                                                                                                                                 - Vanessa Carlton                                 ,0.5460460460460461,0.6296296296296297,1.0,0.8413334636816894,1.0,0.23673673673673673,0.6386386386386387,0.0,0.7262262262262262,0.5385385385385385,0.34234234234234234,0.21995933512690405
Live Your Life                                                                                                                                                                    - T.I.                                            ,0.32232232232232233,0.6906906906906907,1.0,0.9437694686985323,0.0,0.95995995995996,0.46940667490729293,0.0,0.7162162162162162,0.5385385385385385,0.5585585585585585,0.9000819000819003
The Real Slim Shady                                                                                                                                                               - Eminem                                          ,0.9978252229370334,0.40802929795467097,0.4664664664664665,0.8673581319110935,0.0,0.5145145145145145,0.39103931965710037,0.0,0.022022022022022022,0.5385385385385385,0.8238238238238238,0.3454887088755761
Big Girls Don't Cry (Personal)                                                                                                                                                    - Fergie                                          ,0.7857857857857857,0.3843843843843844,0.6341341341341341,0.8649350649350651,1.0,0.12762762762762764,0.599463567277604,0.0,0.2502502502502503,0.5385385385385385,0.31431431431431434,0.4404581958048525
Grace Kelly                                                                                                                                                                       - MIKA                                            ,0.7312312312312312,0.6336336336336337,0.0,0.6817192915458813,1.0,0.37037037037037035,0.36795100609791764,0.5585585585585585,0.9029029029029029,0.5385385385385385,0.7417417417417418,0.5475799094534609
Because Of You                                                                                                                                                                    - Ne-Yo                                           ,0.92992992992993,0.2927927927927928,0.0,0.6842969800033513,0.0,0.17717717717717718,0.7390371738197825,0.0,0.27227227227227224,0.5385385385385385,0.8878878878878879,0.4020628004646785
If I Were a Boy                                                                                                                                                                   - Beyoncé                                         ,0.6491491491491492,0.26676676676676675,0.5445445445445445,0.6351654456788931,1.0,0.12462462462462463,0.4996909765142151,0.0,0.8343343343343343,0.5385385385385385,0.5685685685685685,0.15142504485133962
"One, Two Step (feat. Missy Elliott)                                                                                                                                             - Ciara                                           ",0.996996996996997,0.2702702702702703,0.4664664664664665,0.2645557421534542,0.0,0.8883883883883883,0.4198229706704283,0.4804804804804805,0.011511511511511517,0.5385385385385385,0.8988988988988988,0.43960747773628267
Breakeven                                                                                                                                                                         - The Script                                      ,0.6491491491491492,0.45095095095095095,0.8883883883883883,0.8406572411157816,1.0,0.0025078309307078844,0.575075075075075,0.0,0.15665665665665668,0.5385385385385385,0.6146146146146146,0.20754977876106084
No One                                                                                                                                                                            - Alicia Keys                                     ,0.6856856856856857,0.30430430430430433,0.16616616616616617,0.7305255348923472,0.0,0.044044044044044044,0.3893893893893894,0.31269528159942056,0.4074074074074074,0.5385385385385385,0.1981981981981982,0.15207956960945004
Viva La Vida                                                                                                                                                                      - Coldplay                                        ,0.43043043043043044,0.35935935935935936,0.4664664664664665,0.520859939580555,0.0,0.037037037037037035,0.49984548825710756,0.285229640332921,0.3868868868868869,0.5385385385385385,0.49988245352893074,0.7816184235000625
Who Knew                                                                                                                                                                          - P!nk                                            ,0.7492492492492493,0.4944944944944945,0.8058058058058057,0.8358567791438163,1.0,0.021521521521521522,0.27636901206383496,0.0,0.13723737147966025,0.5385385385385385,0.5425425425425425,0.7996353531627326
When Love Takes Over (feat. Kelly Rowland)                                                                                                                                        - David Guetta                                    ,0.7017017017017017,0.6931931931931932,1.0,0.8271145752160753,1.0,0.006006006006006006,0.33312731767614345,0.4224224224224224,0.6996996996996997,0.5385385385385385,0.5775775775775776,0.7047047047047047
Dancing in the Moonlight                                                                                                                                                          - Toploader                                       ,0.6541541541541542,0.6811811811811812,0.8883883883883883,0.9372745880208566,1.0,0.16016016016016016,0.46046046046046046,0.0,0.8818818818818819,0.5385385385385385,0.9169169169169169,0.5015378705854896
World of Our Own                                                                                                                                                                  - Westlife                                        ,0.7842842842842843,0.5415415415415415,0.16616616616616617,0.827851085140965,1.0,0.14164164164164164,0.3416963289167762,0.0,0.0774532998009296,0.5385385385385385,0.953953953953954,0.26050980602122253
Dog Days Are Over                                                                                                                                                                 - Florence + The Machine                          ,0.44994994994994997,0.6061061061061062,0.6341341341341341,0.7497497497497497,1.0,0.7309514940494438,0.40265760197775036,0.5399198080762327,0.4629629629629629,0.5385385385385385,0.3191774698256593,0.8625865658338684
Fireflies                                                                                                                                                                         - Owl City                                        ,0.46296296296296297,0.4087237479806138,0.3383383383383384,0.5571679110226285,1.0,0.34434434434434436,0.38038038038038036,0.0,0.45545545545545546,0.5385385385385385,0.5525525525525525,0.9781880520362864
Because of You                                                                                                                                                                    - Kelly Clarkson                                  ,0.5710710710710711,0.32891380842200507,0.4664664664664665,0.7338059300242272,0.0,0.0965965965965966,0.6246246246246246,0.0,0.6961961961961962,0.5385385385385385,0.14714714714714713,0.7943100261463135
Right Round                                                                                                                                                                       - Flo Rida                                        ,0.8033033033033032,0.4189189189189189,0.6341341341341341,0.5512254073937506,1.0,0.4944944944944945,0.3062496671392233,0.0,0.7437437437437437,0.5385385385385385,0.7722722722722724,0.5851648282223316
I Know You Want Me (Calle Ocho)                                                                                                                                                   - Pitbull                                         ,0.9419419419419419,0.5095095095095095,0.27127127127127126,0.6574076596249546,1.0,0.8708708708708709,0.3325092707045736,0.35135135135135137,0.7502502502502502,0.5385385385385385,0.8604332543552726,0.6296099427718186
So Sick                                                                                                                                                                           - Ne-Yo                                           ,0.3941876745689296,0.3233233233233233,0.5445445445445445,0.4103635423845624,1.0,0.978978978978979,0.6266266266266266,0.0,0.6821821821821822,0.5385385385385385,0.6586586586586587,0.1825757302826087
Pump It                                                                                                                                                                           - Black Eyed Peas                                 ,0.6831831831831832,0.8248248248248249,0.16616616616616617,0.9554833779136416,0.0,0.9079079079079079,0.3088502158227592,0.0,0.9893681575522496,0.5385385385385385,0.8098098098098098,0.8788614130444283
Smack That                                                                                                                                                                        - Akon                                            ,0.9963248410568188,0.5095095095095095,0.4664664664664665,0.7587587587587588,0.0,0.4069069069069069,0.6672922922922924,0.0,0.23723723723723725,0.5385385385385385,0.9619619619619619,0.49750172294968964
All The Things She Said                                                                                                                                                           - t.A.T.u.                                        ,0.602102102102102,0.6391391391391392,0.4664664664664665,0.6931545965423005,0.0,0.24524524524524524,0.4064064064064064,0.5537575050939614,0.35235235235235235,0.5385385385385385,0.5310310310310311,0.15356547187242328
Hot In Herre                                                                                                                                                                      - Nelly                                           ,0.9987953419890243,0.512012012012012,1.0,0.8127810388532463,0.0,0.8118118118118118,0.6006006006006006,0.0,0.07424414210128495,0.5385385385385385,0.9459196038143407,0.3754085954901072
Hey Ya! - Radio Mix / Club Mix                                                                                                                                                    - Outkast                                         ,0.8013013013013013,0.9169169169169169,0.0,0.9831649619923235,1.0,0.49519772937494466,0.4547842920353982,0.4320219787462888,0.7107107107107107,0.5385385385385385,0.9874874874874875,0.07306825652585827
Bulletproof                                                                                                                                                                       - La Roux                                         ,0.7292292292292293,0.7287287287287287,0.3383383383383384,0.9709697857662107,0.0,0.40954084519301914,0.20116972062207256,0.38914671380925153,0.10096930533117926,0.5385385385385385,0.7547547547547547,0.5587516333784993
Teenage Dirtbag                                                                                                                                                                   - Wheatus                                         ,0.6391391391391392,0.6706706706706707,0.3918918918918919,0.9023102751916311,1.0,0.43243243243243246,0.6776776776776777,0.42986312759040035,0.6481481481481481,0.5385385385385385,0.7124596548680318,0.21398833758921776
Haven't Met You Yet                                                                                                                                                               - Michael Bublé                                   ,0.6201201201201201,0.4934934934934935,0.7217217217217218,0.8052843061234333,1.0,0.12762762762762764,0.5585585585585585,0.0,0.3868868868868869,0.5385385385385385,0.8578578578578578,0.5514916456396307
"Independent Women, Pt. 1                                                                                                                                                        - Destiny's Child                                 ",0.8178178178178178,0.34734734734734735,0.5445445445445445,0.9150762113725075,0.0,0.9329329329329329,0.6833310743747979,0.2907632570553919,0.6366366366366366,0.5385385385385385,0.9569569569569569,0.27063324404178546
Whole Again                                                                                                                                                                       - Atomic Kitten                                   ,0.8428428428428428,0.46346346346346345,0.3918918918918919,0.8258258258258259,1.0,0.2952952952952953,0.4867775123366178,0.5225225225225225,0.6481481481481481,0.5385385385385385,0.6476476476476476,0.20691631639281682
Run This Town                                                                                                                                                                     - JAY-Z                                           ,0.6541541541541542,0.8098098098098098,0.16616616616616617,0.9924526406303584,1.0,0.973509073927484,0.6496496496496497,0.0,0.7792792792792793,0.5385385385385385,0.5255255255255256,0.13084471507594475
Get the Party Started                                                                                                                                                             - P!nk                                            ,0.9209209209209209,0.7652652652652652,1.0,0.9487678564985298,0.0,0.3818818818818819,0.2236174281077194,0.0,0.6451451451451451,0.5385385385385385,0.978978978978979,0.6901156151715913
Dirrty (feat. Redman)                                                                                                                                                             - Christina Aguilera                              ,0.6681681681681682,0.7417417417417418,0.27127127127127126,0.9589071105003308,1.0,0.9818706882721001,0.5125125125125125,0.0,0.8743743743743744,0.5385385385385385,0.5202322778944304,0.2910878540914168
Gives You Hell                                                                                                                                                                    - The All-American Rejects                        ,0.7997997997997998,0.44244244244244246,0.3918918918918919,0.6005057992500218,1.0,0.24524524524524524,0.338870955264398,0.0,0.0774532998009296,0.5385385385385385,0.6336336336336337,0.2972824595113917
Knock You Down                                                                                                                                                                    - Keri Hilson                                     ,0.5790790790790791,0.7187187187187187,0.7217217217217218,0.8097663574841998,1.0,0.8863863863863863,0.3102676481054859,0.0,0.6401401401401401,0.5385385385385385,0.7217217217217217,0.8857191567740934
Love Don't Cost a Thing                                                                                                                                                           - Jennifer Lopez                                  ,0.8998998998998999,0.6606606606606606,0.3918918918918919,0.7646505312715045,0.0,0.6171243941841681,0.25725725725725723,0.28853195579966895,0.9489960355862532,0.5385385385385385,0.7568759235425901,0.2663583140545642
Bootylicious                                                                                                                                                                      - Destiny's Child                                 ,0.9529529529529529,0.647147147147147,0.16616616616616617,0.8536147314827518,0.0,0.9683554146940431,0.25345685840707965,0.2518912860745307,0.5930930930930931,0.5385385385385385,0.7157157157157157,0.33370513535516716
Crush                                                                                                                                                                             - David Archuleta                                 ,0.5505505505505506,0.4114114114114114,0.0,0.8179994767593964,0.0,0.1016016016016016,0.3031685250298211,0.333905333905334,0.12012012012012012,0.5385385385385385,0.5685685685685685,0.9086951171041195
Hall of Fame (feat. will.i.am)                                                                                                                                                    - The Script                                      ,0.36186186186186187,0.7122122122122122,0.8883883883883883,0.858000858000858,1.0,0.5065065065065065,0.4633402855767688,0.0,0.487987987987988,0.5385385385385385,0.7087087087087087,0.11911578488995166
Impossible - Main                                                                                                                                                                 - Shontelle                                       ,0.5940940940940941,0.36536536536536535,0.7217217217217218,0.9251005304143303,1.0,0.14764764764764765,0.6916916916916916,0.0,0.496996996996997,0.5385385385385385,0.6226226226226226,0.15645985572116203
Put Your Records On                                                                                                                                                               - Corinne Bailey Rae                              ,0.8293293293293293,0.2702702702702703,0.8058058058058057,0.4520787644348658,1.0,0.1886886886886887,0.5703021703021702,0.25725725725725723,0.5325325325325325,0.5385385385385385,0.6256256256256256,0.24724724724724725
Bubbly                                                                                                                                                                            - Colbie Caillat                                  ,0.7492492492492493,0.24824824824824826,0.8058058058058057,0.5715715715715716,1.0,0.18468468468468469,0.7607607607607607,0.0,0.43843843843843844,0.5385385385385385,0.31873044255699595,0.6387097438743143
Let Me Love You                                                                                                                                                                   - Mario                                           ,0.6986986986986987,0.32732732732732733,0.6341341341341341,0.367411983347926,0.0,0.7237237237237237,0.6206206206206206,0.0,0.45545545545545546,0.5385385385385385,0.6382500075090398,0.21268279552579797
Boom Boom Pow                                                                                                                                                                     - Black Eyed Peas                                 ,0.9719719719719719,0.6831831831831832,0.8058058058058057,0.6706706706706707,1.0,0.5856057219490388,0.5365365365365365,0.4967048732416517,0.521021021021021,0.5385385385385385,0.48648648648648646,0.7140498216447584
Hate That I Love You                                                                                                                                                              - Rihanna                                         ,0.6631631631631631,0.4904904904904905,0.4664664664664665,0.7357357357357357,0.0,0.7047047047047047,0.6705409029950825,0.0,0.29429429429429427,0.5385385385385385,0.7977977977977978,0.19883500309501048
Thnks fr th Mmrs                                                                                                                                                                  - Fall Out Boy                                    ,0.40040040040040037,0.7452452452452452,0.8883883883883883,0.7737737737737738,0.0,0.5565565565565566,0.27970975647395613,0.0,0.36036036036036034,0.5385385385385385,0.6676676676676676,0.8834008739178769
Yellow                                                                                                                                                                            - Coldplay                                        ,0.3713713713713714,0.40802929795467097,1.0,0.5115781973637334,1.0,0.03003003003003003,0.24924924924924924,0.409479744984631,0.7457457457457457,0.5385385385385385,0.35035035035035034,0.9484656693276597
Gold Digger                                                                                                                                                                       - Kanye West                                      ,0.6466466466466466,0.44844844844844844,0.16616616616616617,0.7092581429977696,0.0,0.9873068846197445,0.3540722669072458,0.0,0.04654654654654653,0.5385385385385385,0.7022022022022022,0.18826926686967277
Can't Get You out of My Head                                                                                                                                                      - Kylie Minogue                                   ,0.8723723723723724,0.31431431431431434,0.8058058058058057,0.48245185257600937,0.0,0.1366366366366366,0.37639150816935896,0.7600674384458169,0.43843843843843844,0.5385385385385385,0.9874874874874875,0.6109702365995825
Fuck You                                                                                                                                                                          - CeeLo Green                                     ,0.7587587587587588,0.7232232232232232,0.0,0.894287066059495,1.0,0.5205205205205206,0.5915915915915916,0.0,0.49199199199199195,0.5385385385385385,0.8188188188188188,0.6348956550114154
Candy Shop                                                                                                                                                                        - 50 Cent                                         ,0.6181181181181181,0.3233233233233233,1.0,0.44044044044044045,1.0,0.9981165750730968,0.37237237237237236,0.36565844860100427,0.9159159159159159,1.0,0.8201534868201534,0.5963932535409621
I'm Yours                                                                                                                                                                         - Jason Mraz                                      ,0.7512512512512513,0.2213349107759047,1.0,0.3459701176993935,1.0,0.36686686686686687,0.749431683591989,0.0,0.25325325325325326,0.5385385385385385,0.8128128128128128,0.8691033928752362
My Love                                                                                                                                                                           - Justin Timberlake                               ,0.8798798798798799,0.42492492492492495,0.3918918918918919,0.6550711477825181,0.0,0.9450183021611596,0.652152152152152,0.2983697405452359,0.960751011226505,0.5385385385385385,0.8648648648648649,0.5142338555598011
Sex on Fire                                                                                                                                                                       - Kings of Leon                                   ,0.5060060060060061,0.7687687687687688,0.8058058058058057,0.6996719718138744,1.0,0.4824824824824825,0.23825676779348637,0.5595595595595596,0.5445445445445445,0.5385385385385385,0.4544544544544544,0.8781710693302689
Whataya Want from Me                                                                                                                                                              - Adam Lambert                                    ,0.3813813813813814,0.4337242071617071,1.0,0.8158193454385273,0.0,0.42542542542542544,0.2938063783816732,0.0,0.06506506506506507,0.5385385385385385,0.5291958625291958,0.9876452579202899
Closer                                                                                                                                                                            - The Chainsmokers                                ,0.8448448448448449,0.28128128128128127,0.7217217217217218,0.7060515499145212,1.0,0.13463463463463465,0.7043618739903068,0.0,0.4074074074074074,0.5385385385385385,0.7350565428109856,0.22392082616597342
Sorry                                                                                                                                                                             - Justin Bieber                                   ,0.7122122122122122,0.5315315315315315,0.0,0.9209985989442183,0.0,0.2677677677677678,0.4771134771134771,0.0,0.8413413413413413,0.5385385385385385,0.47092084006462037,0.2951476739627571
Thinking out Loud                                                                                                                                                                 - Ed Sheeran                                      ,0.8943943943943944,0.2277277277277277,0.27127127127127126,0.6495756045255489,1.0,0.04854854854854855,0.7247247247247247,0.0,0.6706706706706707,0.5385385385385385,0.6711711711711712,0.06928290039179402
Congratulations                                                                                                                                                                   - Post Malone                                     ,0.6491491491491492,0.5990990990990991,0.5445445445445445,0.8748748748748749,1.0,0.1921921921921922,0.6082944207944208,0.0,0.7702702702702702,0.5385385385385385,0.5734959336067371,0.5611393784486844
Just the Way You Are                                                                                                                                                              - Bruno Mars                                      ,0.6601601601601601,0.6586586586586587,0.4664664664664665,0.7360694027360695,1.0,0.3138138138138138,0.3289956623289957,0.0,0.0755894580712099,0.5385385385385385,0.5060060060060061,0.39263608847837494
Someone Like You                                                                                                                                                                  - Adele                                           ,0.5255255255255256,0.17317317317317318,0.8058058058058057,0.41628625144288994,1.0,0.028544556953647864,0.8718718718718719,0.0,0.3073073073073073,0.5385385385385385,0.35435435435435436,0.7571278100484199
One Last Time                                                                                                                                                                     - Ariana Grande                                   ,0.6441441441441442,0.3400646203554118,0.7217217217217218,0.7766815481561891,1.0,0.1046046046046046,0.4966220173662034,0.26326326326326327,0.2782782782782783,0.5385385385385385,0.12962962962962965,0.5915915915915916
Wake Me Up                                                                                                                                                                        - Avicii                                          ,0.49099099099099097,0.5685685685685686,0.27127127127127126,0.6952155967508006,1.0,0.46646646646646645,0.2675175175175175,0.48496992137768835,0.6196196196196196,0.5385385385385385,0.7197197197197197,0.5725725725725725
bad guy                                                                                                                                                                           - Billie Eilish                                   ,0.7732732732732732,0.2172172172172172,0.6341341341341341,0.26407970893762506,1.0,0.9912887168141593,0.6722886722886724,0.6479813146479813,0.3128128128128128,0.5385385385385385,0.6431893894988482,0.7581756683797496
"Love Me Like You Do - From ""Fifty Shades Of Grey""                                                                                                                             - Ellie Goulding                                  ",0.17967967967967968,0.3733733733733734,0.4664664664664665,0.5789223765064445,0.0,0.48348348348348347,0.6496496496496497,0.0,0.507007007007007,0.5385385385385385,0.32732732732732733,0.9898940847969806
Wildest Dreams                                                                                                                                                                    - Taylor Swift                                    ,0.5245245245245245,0.4114114114114114,0.7217217217217218,0.49156526548672563,1.0,0.6356356356356356,0.469097651421508,0.5370713732923351,0.36036036036036034,0.5385385385385385,0.5475475475475475,0.8031107522673636
Story of My Life                                                                                                                                                                  - One Direction                                   ,0.5965965965965966,0.41004184100418417,0.3383383383383384,0.6809917355371902,1.0,0.40954084519301914,0.6154987879125811,0.0,0.4629629629629629,0.5385385385385385,0.35235235235235235,0.5316567399501594
Treat You Better                                                                                                                                                                  - Shawn Mendes                                    ,0.38538538538538536,0.6206206206206206,0.8883883883883883,0.8848848848848849,0.0,0.9858510801907029,0.5115115115115115,0.0,0.36936936936936937,0.5385385385385385,0.8128128128128128,0.10256812413175503
Scars To Your Beautiful                                                                                                                                                           - Alessia Cara                                    ,0.26426426426426425,0.5015015015015015,0.0,0.6905135486450364,1.0,0.9669669669669669,0.38286091734367594,0.0,0.4074074074074074,0.5385385385385385,0.5325325325325325,0.9930487328041856
The One That Got Away                                                                                                                                                             - Katy Perry                                      ,0.7562562562562563,0.5845845845845846,0.16616616616616617,0.8921735267225838,0.0,0.17467467467467468,0.2162617306286394,0.25024236558990764,0.6061061061061062,0.5385385385385385,0.9229229229229229,0.7487281100007896
Symphony (feat. Zara Larsson)                                                                                                                                                     - Clean Bandit                                    ,0.7842842842842843,0.3713713713713714,0.0,0.8348736403042446,0.0,0.5050557724207116,0.6361361361361362,0.34179362537571495,0.5505505505505506,0.5385385385385385,0.5395872516940201,0.555934416938492
We Don't Talk Anymore (feat. Selena Gomez)                                                                                                                                        - Charlie Puth                                    ,0.8153203759877167,0.31431431431431434,0.16616616616616617,0.4314314314314314,0.0,0.8453453453453453,0.7677677677677678,0.0,0.6601601601601601,0.5385385385385385,0.43243243243243246,0.29855809306227404
Blank Space                                                                                                                                                                       - Taylor Swift                                    ,0.8523523523523524,0.4274274274274274,0.4664664664664665,0.7302760027650856,1.0,0.5751211631663973,0.4874874874874875,0.2628316706866556,0.521021021021021,0.5385385385385385,0.6626626626626626,0.2436000356792443
Stitches                                                                                                                                                                          - Shawn Mendes                                    ,0.8413413413413413,0.5235235235235235,0.16616616616616617,0.5715715715715716,1.0,0.5945945945945946,0.3365067725532842,0.0,0.028028028028028028,0.5385385385385385,0.8118118118118118,0.8610342948678554
Heart Attack                                                                                                                                                                      - Demi Lovato                                     ,0.45345345345345345,0.572072072072072,0.7217217217217218,0.8068842199374164,1.0,0.7707707707707707,0.4732415625272769,0.0,0.7527527527527528,0.5385385385385385,0.5855855855855856,0.9515820097373934
Payphone                                                                                                                                                                          - Maroon 5                                        ,0.8363363363363363,0.5215215215215215,0.3918918918918919,0.8046305786592678,1.0,0.2977977977977978,0.35110620824906535,0.0,0.8063063063063063,0.5385385385385385,0.6286286286286287,0.4054438753036718
What Makes You Beautiful                                                                                                                                                          - One Direction                                   ,0.7492492492492493,0.6026026026026026,0.3918918918918919,0.9772160579361509,1.0,0.7229350801906005,0.3140389687556382,0.0,0.3433433433433434,0.5385385385385385,0.9062344119506192,0.5886279355446321
Dusk Till Dawn - Radio Edit                                                                                                                                                       - ZAYN                                            ,0.17967967967967968,0.22439466044117204,1.0,0.5817619253279472,0.0,0.25075075075075076,0.5065065065065065,0.25587073141252703,0.36036036036036034,0.5385385385385385,0.12049795387326873,0.9768952072077012
There's Nothing Holdin' Me Back                                                                                                                                                   - Shawn Mendes                                    ,0.9672764050357412,0.592092092092092,0.27127127127127126,0.8901800325294194,1.0,0.5245245245245245,0.6902281560005888,0.0,0.24024024024024024,0.5385385385385385,0.991991991991992,0.5418797265213321
Talking to the Moon                                                                                                                                                               - Bruno Mars                                      ,0.44494494494494496,0.3383383383383383,0.16616616616616617,0.8176711814965452,0.0,0.0980980980980981,0.7341234877909694,0.0,0.36936936936936937,0.5385385385385385,0.09783239121474416,0.840491827557884
Like I Can                                                                                                                                                                        - Sam Smith                                       ,0.7402402402402402,0.37037037037037035,0.6341341341341341,0.7241312529146358,0.0,0.27477477477477474,0.7307307307307307,0.25524927912987605,0.487987987987988,0.5385385385385385,0.5755755755755756,0.29045754441753346
Drag Me Down                                                                                                                                                                      - One Direction                                   ,0.8178178178178178,0.45945945945945943,0.0,0.6977413028989957,0.0,0.2082082082082082,0.515015015015015,0.0,0.09068557608703591,0.5385385385385385,0.6746746746746747,0.7828023574470656
Maps                                                                                                                                                                              - Maroon 5                                        ,0.8323323323323324,0.4744744744744745,0.16616616616616617,0.7197197197197197,0.0,0.04504504504504504,0.33220024721878866,0.0,0.0571652009152009,0.5385385385385385,0.9044044044044044,0.5178622644169298
I Knew You Were Trouble                                                                                                                                                           - Taylor Swift                                    ,0.5995995995995996,0.23994545392850475,0.5445445445445445,0.5623491549145384,1.0,0.20370370370370372,0.2847697756788666,0.30567342896110017,0.00495914334156503,0.5385385385385385,0.7377377377377378,0.8808567018372525
Love Yourself                                                                                                                                                                     - Justin Bieber                                   ,0.6096096096096096,0.1981981981981982,0.3918918918918919,0.3223662642606177,1.0,0.9967374782189596,0.8441775108441775,0.0,0.7971584116085395,0.5385385385385385,0.6006006006006006,0.30329149340715805
Shower                                                                                                                                                                            - Becky G                                         ,0.7687687687687688,0.28428428428428426,0.27127127127127126,0.47847847847847846,1.0,0.4229229229229229,0.39589589589589586,0.36936936936936937,0.8033033033033032,0.5385385385385385,0.15165165165165168,0.512684295894003
Rude                                                                                                                                                                              - MAGIC!                                          ,0.8818818818818819,0.5290290290290289,0.16616616616616617,0.7818520274660625,1.0,0.2327327327327327,0.4205354856517647,0.0,0.8303303303303303,0.5385385385385385,0.9556343027810418,0.8285659190104769
"10,000 Hours (with Justin Bieber)                                                                                                                                               - Dan + Shay                                      ",0.6961961961961962,0.37237237237237236,0.8883883883883883,0.8266128831061056,1.0,0.008087350022833891,0.5595595595595596,0.0,0.4074074074074074,0.5385385385385385,0.5135135135135135,0.15330738515528644
If I Can't Have You                                                                                                                                                               - Shawn Mendes                                    ,0.7577577577577578,0.6061061061061062,0.27127127127127126,0.8733101571504172,1.0,0.5415415415415415,0.7372372372372373,0.0,0.5785785785785786,0.5385385385385385,0.914914914914915,0.5683320845641228
Mirrors                                                                                                                                                                           - Justin Timberlake                               ,0.557057057057057,0.2714139031735599,0.4664664664664665,0.5735735735735735,0.0,0.44244244244244246,0.6202767416660127,0.0,0.2682133410610231,0.5385385385385385,0.5965965965965966,0.05161236973473571
Say You Won't Let Go                                                                                                                                                              - James Arthur                                    ,0.342676009342676,0.3150501494872356,0.8883883883883883,0.48884509995621106,1.0,0.46646646646646645,0.7907907907907907,0.0,0.20020020020020018,0.5385385385385385,0.5635635635635635,0.2860348417420179
Stereo Hearts (feat. Adam Levine)                                                                                                                                                 - Gym Class Heroes                                ,0.6791791791791792,0.5845845845845846,0.8058058058058057,0.9474194488213179,1.0,0.7461801745087865,0.3973973973973974,0.0,0.7837837837837838,0.5385385385385385,0.8578578578578578,0.15322135624957375
Memories                                                                                                                                                                          - Maroon 5                                        ,0.8693693693693694,0.17217217217217218,1.0,0.5135135135135135,1.0,0.4894894894894895,0.8448448448448448,0.0,0.17517517517517517,0.5385385385385385,0.6546546546546547,0.16489562522126427
Set Fire to the Rain                                                                                                                                                              - Adele                                           ,0.6116116116116116,0.4337242071617071,0.27127127127127126,0.904008667388949,0.0,0.005005005005005005,0.268018018018018,0.26678818693432477,0.496996996996997,0.5385385385385385,0.5468197455097018,0.38241980532950665
Classic                                                                                                                                                                           - MKTO                                            ,0.8033033033033032,0.5795795795795796,0.16616616616616617,0.8205933645887233,1.0,0.8198198198198198,0.4114114114114114,0.0,0.6091091091091092,0.5385385385385385,0.8204871538204872,0.31940310795124316
Youngblood                                                                                                                                                                        - 5 Seconds of Summer                             ,0.5890890890890891,0.6776776776776776,0.6341341341341341,0.7647647647647647,0.0,0.997997997997998,0.34434434434434436,0.0,0.49199199199199195,0.5385385385385385,0.1891891891891892,0.522961596616466
Locked Away (feat. Adam Levine)                                                                                                                                                   - R. City                                         ,0.45945945945945943,0.4169169169169169,0.16616616616616617,0.6940445727303352,1.0,0.5965965965965966,0.6616616616616616,0.0,0.021521521521521512,1.0,0.6321419554981871,0.49074187507656764
Mercy                                                                                                                                                                             - Shawn Mendes                                    ,0.5275275275275275,0.4087237479806138,1.0,0.7887887887887888,0.0,0.6831393178698567,0.5305305305305306,0.0,0.4074074074074074,0.5385385385385385,0.4369369369369369,0.8535233495906877
Attention                                                                                                                                                                         - Charlie Puth                                    ,0.8828828828828829,0.3683683683683684,0.3383383383383384,0.8497722136559734,0.0,0.33183183183183185,0.5027169107357786,0.36497788861397046,0.1891891891891892,0.5385385385385385,0.8388388388388388,0.3003078566506647
Photograph                                                                                                                                                                        - Ed Sheeran                                      ,0.6181181181181181,0.1991991991991992,0.3918918918918919,0.2857839548458831,1.0,0.4084084084084084,0.7645773781481192,0.45254893098597876,0.29929929929929927,0.5385385385385385,0.25575575575575576,0.3821653772688458
Shout Out to My Ex                                                                                                                                                                - Little Mix                                      ,0.8818818818818819,0.5145145145145145,0.4664664664664665,0.8876455889122263,1.0,0.7102102102102102,0.36707473049515804,0.32158476854235923,0.3963963963963964,0.5385385385385385,0.8604332543552726,0.6119038953907839
The Middle                                                                                                                                                                        - Zedd                                            ,0.8538538538538538,0.40290290290290287,0.6341341341341341,0.9596564879038045,1.0,0.36186186186186187,0.5734959336067371,0.0,0.4169169169169169,0.5385385385385385,0.5210016155088852,0.37440721051588716
Sugar                                                                                                                                                                             - Maroon 5                                        ,0.8448448448448449,0.5765765765765766,0.16616616616616617,0.5280318139622225,1.0,0.12462462462462463,0.4551991150442478,0.0,0.20020020020020018,0.5385385385385385,0.9269269269269269,0.5202538940781885
"Flashlight - From ""Pitch Perfect 2"" Soundtrack                                                                                                                                - Jessie J                                        ",0.3993993993993994,0.36436436436436437,0.4664664664664665,0.521956390504002,1.0,0.44544544544544545,0.6700938757264192,0.3036440580383573,0.3963963963963964,0.5385385385385385,0.49988245352893074,0.8498164521699159
She Looks So Perfect                                                                                                                                                              - 5 Seconds of Summer                             ,0.44144144144144143,0.8723723723723724,0.8058058058058057,0.8681413908437978,1.0,0.8393393393393394,0.20714619336758525,0.0,0.8593593593593594,0.5385385385385385,0.5255255255255256,0.9019209057498717
Grenade                                                                                                                                                                           - Bruno Mars                                      ,0.7787787787787788,0.3088283291091403,0.27127127127127126,0.5066870462361484,0.0,0.48535564853556457,0.554119547657512,0.0,0.36936936936936937,0.5385385385385385,0.3083083083083083,0.41041041041041043
Counting Stars                                                                                                                                                                    - OneRepublic                                     ,0.7092092092092093,0.4620355411954768,0.16616616616616617,0.7861194527861193,0.0,0.23473473473473472,0.4633402855767688,0.0,0.45545545545545546,0.5385385385385385,0.5575575575575575,0.5434209802748219
I Don't Care (with Justin Bieber)                                                                                                                                                 - Ed Sheeran                                      ,0.9164164164164164,0.4224224224224224,0.5445445445445445,0.7759486252596777,1.0,0.34984984984984985,0.49476584022038567,0.0,0.22522522522522523,0.5385385385385385,0.8988988988988988,0.31497582169883354
Black Magic                                                                                                                                                                       - Little Mix                                      ,0.8853853853853855,0.7342342342342343,0.3918918918918919,0.7777777777777778,1.0,0.5465465465465466,0.3998998998998999,0.0,0.8393393393393394,0.5385385385385385,0.8823823823823824,0.42595014144093873
Animals                                                                                                                                                                           - Maroon 5                                        ,0.20870870870870872,0.507007007007007,0.3918918918918919,0.5984277234076688,0.0,0.7137137137137137,0.173053152039555,0.0,0.9662272871950291,0.5385385385385385,0.4034034034034034,0.9900137876242744
Wolves                                                                                                                                                                            - Selena Gomez                                    ,0.8093093093093093,0.5990990990990991,1.0,0.8308629840154658,0.0,0.35985985985985985,0.5295295295295295,0.0,0.7082082082082082,0.5385385385385385,0.3763763763763764,0.5853050806767482
IDGAF                                                                                                                                                                             - Dua Lipa                                        ,0.950950950950951,0.2982982982982983,0.6341341341341341,0.6601408583471363,1.0,0.7322843022394592,0.4150076682186774,0.0,0.17657577112203846,0.5385385385385385,0.5935935935935935,0.2618219255893214
Adore You                                                                                                                                                                         - Harry Styles                                    ,0.7332332332332332,0.5510510510510511,0.7217217217217218,0.9228153266242356,1.0,0.4169169169169169,0.3667093002009867,0.31619689795352013,0.3278278278278278,0.5385385385385385,0.6491491491491492,0.2840531394974449
Last Friday Night (T.G.I.F.)                                                                                                                                                      - Katy Perry                                      ,0.6856856856856857,0.6146146146146146,0.3383383383383384,0.9140087360237538,0.0,0.29979979979979976,0.22822822822822822,0.37686347273437926,0.9773439010386801,0.5385385385385385,0.8288288288288288,0.6146317984918988
Señorita                                                                                                                                                                          - Shawn Mendes                                    ,0.8628628628628628,0.3003003003003003,0.8058058058058057,0.6516516516516516,0.0,0.04104104104104104,0.4127053239531271,0.0,0.17917917917917917,0.5385385385385385,0.8148148148148148,0.4754754754754755
Sucker                                                                                                                                                                            - Jonas Brothers                                  ,0.9547649839620641,0.4944944944944945,0.16616616616616617,0.7727727727727728,0.0,0.5295295295295295,0.42167426592205354,0.0,0.36036036036036034,0.5385385385385385,0.9741546304302658,0.7797797797797797
Someone You Loved                                                                                                                                                                 - Lewis Capaldi                                   ,0.44994994994994997,0.2097097097097097,0.16616616616616617,0.6970463799805416,1.0,0.0965965965965966,0.811807413068399,0.0,0.35235235235235235,0.5385385385385385,0.53003003003003,0.40003372951599814
Beautiful People (feat. Khalid)                                                                                                                                                   - Ed Sheeran                                      ,0.6681681681681682,0.3913913913913914,0.4664664664664665,0.42643921001959767,0.0,0.9144144144144144,0.5295295295295295,0.0,0.16316316316316315,0.5385385385385385,0.631141355860457,0.1859250350072921
Too Good At Goodbyes                                                                                                                                                              - Sam Smith                                       ,0.7402402402402402,0.193993993993994,0.4664664664664665,0.41713947641313126,1.0,0.33183183183183185,0.7752987464803026,0.0,0.6366366366366366,0.5385385385385385,0.5565565565565566,0.17118339009021238
We Are Never Ever Getting Back Together                                                                                                                                           - Taylor Swift                                    ,0.6441441441441442,0.42492492492492495,0.6341341341341341,0.6686888345696748,1.0,0.7212212212212212,0.3111638954869359,0.3591648026220802,0.4764764764764765,0.5385385385385385,0.8153203759877167,0.1260470300183665
Something Just Like This                                                                                                                                                          - The Chainsmokers                                ,0.6066066066066066,0.39289289289289286,1.0,0.5697833132908477,0.0,0.1886886886886887,0.39262608090538265,0.3564814626401737,0.6481481481481481,0.5385385385385385,0.5885885885885885,0.32779561159585524
Fight Song                                                                                                                                                                        - Rachel Platten                                  ,0.5425425425425425,0.4728033472803356,0.6341341341341341,0.7832349468713106,1.0,0.8313313313313313,0.44544544544544545,0.0,0.6026026026026026,0.5385385385385385,0.4064064064064064,0.9619619619619619
"thank u, next                                                                                                                                                                   - Ariana Grande                                   ",0.7983210840353696,0.3983983983983984,0.16616616616616617,0.7022503985466948,1.0,0.582082082082082,0.6176176176176176,0.0,0.31931931931931934,0.5385385385385385,0.4954954954954955,0.3732789718988684
"I Don’t Wanna Live Forever (Fifty Shades Darker) - From ""Fifty Shades Darker (Original Motion Picture Soundtrack)""                                                            - ZAYN                                            ",0.8242677824267791,0.23123123123123124,0.0,0.40748770706684223,1.0,0.5265265265265265,0.46089062084883387,0.3367549980662186,0.8563563563563563,0.5385385385385385,0.10810810810810811,0.4864077767249721
Perfect                                                                                                                                                                           - Ed Sheeran                                      ,0.5940940940940941,0.23023023023023023,0.7217217217217218,0.6169201846234876,1.0,0.0009916140227900255,0.5665665665665666,0.0,0.36036036036036034,0.05005005005005005,0.21371371371371373,0.2294226409394943
When We Were Young                                                                                                                                                                - Adele                                           ,0.32432432432432434,0.34134134134134136,0.3383383383383384,0.6661046794799746,1.0,0.42542542542542544,0.6611611611611612,0.0,0.27127127127127126,0.5385385385385385,0.32432432432432434,0.8317324963520876
One Call Away                                                                                                                                                                     - Charlie Puth                                    ,0.7157157157157157,0.3563563563563564,0.16616616616616617,0.7401155453671866,1.0,0.15165165165165165,0.6983930778739184,0.0,0.43843843843843844,0.5385385385385385,0.5495495495495496,0.1650673757021654
Like I'm Gonna Lose You (feat. John Legend)                                                                                                                                       - Meghan Trainor                                  ,0.6516516516516516,0.2867867867867868,0.0,0.508551804078071,1.0,0.3338338338338338,0.6966966966966966,0.0,0.6561561561561562,0.05005005005005005,0.5010010010010011,0.3828823339071651
Never Really Over                                                                                                                                                                 - Katy Perry                                      ,0.8788788788788788,0.7287287287287287,0.7217217217217218,0.8088088088088088,1.0,0.5415415415415415,0.5925925925925926,0.0,0.8448448448448449,0.5385385385385385,0.46596596596596596,0.294891197943264
Without Me                                                                                                                                                                        - Halsey                                          ,0.8523523523523524,0.25625625625625625,0.5445445445445445,0.5288385717433626,1.0,0.6156156156156156,0.657950397704496,0.32534027617878297,0.25929500929500937,0.5385385385385385,0.6178981575235178,0.7673955454850254
Happier                                                                                                                                                                           - Ed Sheeran                                      ,0.474974974974975,0.2012012012012012,0.0,0.4972187886279355,1.0,0.03803803803803804,0.7413996274755768,0.0,0.5405405405405406,0.5385385385385385,0.2977977977977978,0.15036266708258186
Stronger (What Doesn't Kill You)                                                                                                                                                  - Kelly Clarkson                                  ,0.5390390390390389,0.8448448448448448,0.0,0.8638164798066649,1.0,0.4069069069069069,0.4292548747094202,0.0,0.4169169169169169,0.5385385385385385,0.7562925244084664,0.4685614957892186
All of Me                                                                                                                                                                         - John Legend                                     ,0.36290525052740047,0.14814814814814814,0.7217217217217218,0.5265772582845754,1.0,0.1016016016016016,0.8878878878878879,0.0,0.529029029029029,0.5385385385385385,0.4079079079079079,0.5078166312413905
Call Me Maybe                                                                                                                                                                     - Carly Rae Jepsen                                ,0.8968968968968969,0.32891380842200507,0.6341341341341341,0.5868740663603311,1.0,0.2857857857857858,0.3203203203203203,0.2751322751322751,0.37887887887887883,0.5385385385385385,0.7337337337337337,0.5171415199549193
The Nights                                                                                                                                                                        - Avicii                                          ,0.4840421427013605,0.647147147147147,0.5445445445445445,0.7473119220413642,1.0,0.3338338338338338,0.34288420652057017,0.0,0.7657657657657657,0.5385385385385385,0.7287287287287287,0.6073374226845604
New Rules                                                                                                                                                                         - Dua Lipa                                        ,0.8668668668668669,0.45495495495495497,0.8058058058058057,0.6542941643878918,0.0,0.6076076076076076,0.25165885988860703,0.34117450784117453,0.5965965965965966,0.5385385385385385,0.6866866866866866,0.4692865682964691
Let Me Love You                                                                                                                                                                   - DJ Snake                                        ,0.6856856856856857,0.47597597597597596,0.7217217217217218,0.7377377377377378,1.0,0.16216216216216217,0.4893657589963163,0.35894543221514813,0.5405405405405406,0.5385385385385385,0.2057057057057057,0.2942300343905243
Dear Future Husband                                                                                                                                                               - Meghan Trainor                                  ,0.6996996996996997,0.5590590590590591,0.16616616616616617,0.7876643646718239,1.0,0.8778778778778779,0.6846846846846847,0.0,0.7947947947947948,0.5385385385385385,0.8968968968968969,0.07277789346833535
Shape of You                                                                                                                                                                      - Ed Sheeran                                      ,0.9419419419419419,0.3973973973973974,0.16616616616616617,0.9537274052352095,0.0,0.669336002669336,0.7557557557557557,0.0,0.25525040387722125,0.5385385385385385,0.9604604604604605,0.2402832701968531
YOUTH                                                                                                                                                                             - Troye Sivan                                     ,0.642142142142142,0.5175175175175175,0.6341341341341341,0.8469496929200455,1.0,0.29979979979979976,0.44186236976934656,0.0,0.14164875535433916,0.5385385385385385,0.6866866866866866,0.16888698668384422
Bad Blood                                                                                                                                                                         - Taylor Swift                                    ,0.6916916916916918,0.5955955955955956,0.6341341341341341,0.642042042042042,1.0,0.9079079079079079,0.4906773988887908,0.31255231212340373,0.5825825825825826,0.5385385385385385,0.36236236236236236,0.9321891548683577
Locked out of Heaven                                                                                                                                                              - Bruno Mars                                      ,0.8128128128128128,0.45095095095095095,0.4664664664664665,0.8767814456350866,1.0,0.3288288288288288,0.4354270441015673,0.0,0.8358358358358359,0.5385385385385385,0.9169169169169169,0.8278278278278278
I Really Like You                                                                                                                                                                 - Carly Rae Jepsen                                ,0.637137137137137,0.6206206206206206,0.4664664664664665,0.8198198198198198,1.0,0.30230230230230226,0.28536857444780356,0.4049586776859504,0.7727727727727728,0.5385385385385385,0.6286286286286287,0.5457945400210547
In My Blood                                                                                                                                                                       - Shawn Mendes                                    ,0.6326326326326326,0.47097097097097096,0.4664664664664665,0.5012321403061673,1.0,0.5839275543611944,0.45145145145145144,0.0,0.521021021021021,0.5385385385385385,0.5685685685685685,0.8012562852988385
Lush Life                                                                                                                                                                         - Zara Larsson                                    ,0.7602602602602602,0.47097097097097096,0.6341341341341341,0.9001501501501502,0.0,0.3818818818818819,0.5375375375375375,0.0,0.7162162162162162,0.5385385385385385,0.8598598598598598,0.2740942786630961
Domino                                                                                                                                                                            - Jessie J                                        ,0.8488488488488488,0.35235235235235235,0.6341341341341341,0.8854220860667277,1.0,0.34434434434434436,0.36458087367178277,0.2915554617117117,0.048656430281872,0.5385385385385385,0.8988988988988988,0.6287104048072276
ME! (feat. Brendon Urie of Panic! At The Disco)                                                                                                                                   - Taylor Swift                                    ,0.6116116116116116,0.637137137137137,0.0,0.8819068255687974,1.0,0.5135135135135135,0.3998998998998999,0.0,0.45545545545545546,0.5385385385385385,0.7937937937937938,0.9820296655381013
Galway Girl                                                                                                                                                                       - Ed Sheeran                                      ,0.637137137137137,0.7167167167167168,0.8058058058058057,0.9431324891397854,1.0,0.7572572572572572,0.472545829688687,0.0,0.8593593593593594,0.5385385385385385,0.8433433433433433,0.29149679540339635
Firework                                                                                                                                                                          - Katy Perry                                      ,0.6656656656656657,0.6406406406406406,0.7217217217217218,0.7762417944182823,1.0,0.4264264264264264,0.5475475475475475,0.0,0.4244244244244244,0.5385385385385385,0.7237237237237237,0.5722779446222009
When I Was Your Man                                                                                                                                                               - Bruno Mars                                      ,0.6151151151151151,0.15735359856951275,0.0,0.3881418408394944,1.0,0.3358358358358358,0.8957893492777214,0.0,0.2132132132132132,0.5385385385385385,0.46846846846846846,0.03042327482083985
What Do You Mean?                                                                                                                                                                 - Justin Bieber                                   ,0.9569569569569569,0.3173173173173173,0.4664664664664665,0.4258064839281157,0.0,0.7374954620781627,0.7592122645503429,0.4899929780526795,0.16916916916916916,0.5385385385385385,0.8548548548548548,0.5904475904475899
Rolling in the Deep                                                                                                                                                               - Adele                                           ,0.8178178178178178,0.549049049049049,0.7217217217217218,0.7647647647647647,1.0,0.055055055055055056,0.5445445445445445,0.0,0.025957972805933257,0.5385385385385385,0.5905905905905906,0.3507664968339122
Into You                                                                                                                                                                          - Ariana Grande                                   ,0.6341341341341342,0.4944944944944945,0.8058058058058057,0.6644628099173554,1.0,0.7782782782782782,0.34134134134134136,0.26604873309245725,0.572072072072072,0.5385385385385385,0.45045045045045046,0.38049326740344547
PILLOWTALK                                                                                                                                                                        - ZAYN                                            ,0.5735735735735736,0.45495495495495497,1.0,0.8645028839573761,1.0,0.37405179942493383,0.5234145831826473,0.0,0.26326326326326327,0.5385385385385385,0.5225225225225225,0.5822724187349332
Paris                                                                                                                                                                             - The Chainsmokers                                ,0.6941941941941943,0.4044044044044044,0.27127127127127126,0.6016599227768512,1.0,0.06556556556556556,0.36108496556257746,0.26359693026359693,0.26326326326326327,0.5385385385385385,0.2782782782782783,0.29463472192377094
Glad You Came                                                                                                                                                                     - The Wanted                                      ,0.8063063063063063,0.6721721721721721,0.6341341341341341,0.90465872156013,0.0,0.5695695695695696,0.3973973973973974,0.0,0.37887887887887883,0.5385385385385385,0.5355355355355356,0.6255629107855155
If the World Was Ending (feat. Julia Michaels)                                                                                                                                    - JP Saxe                                         ,0.40540540540540543,0.24524524524524524,0.16616616616616617,0.3051837012892289,1.0,0.8313313313313313,0.8558558558558559,0.0,0.3868868868868869,0.5385385385385385,0.6836836836836837,0.04577187850747892
Scared to Be Lonely                                                                                                                                                               - Martin Garrix                                   ,0.5735735735735736,0.29429429429429427,0.16616616616616617,0.4571543352992278,0.0,0.5185185185185185,0.4924924924924925,0.0,0.7772772772772774,0.5385385385385385,0.24824824824824826,0.7803058384729002
Send My Love (To Your New Lover)                                                                                                                                                  - Adele                                           ,0.7492492492492493,0.2882882882882883,0.5445445445445445,0.4090789548393074,0.0,0.7057057057057057,0.405818516929628,0.2822822822822823,0.6431431431431431,0.5385385385385385,0.6456456456456456,0.914111476570295
"How Far I'll Go - From ""Vaiana""                                                                                                                                               - Alessia Cara                                    ",0.25075075075075076,0.2982982982982983,0.8058058058058057,0.3313313313313313,1.0,0.9882466814159292,0.5610610610610611,0.43369480301001473,0.12394234759062724,0.5385385385385385,0.2012012012012012,0.9804142323200573
Shut Up and Dance                                                                                                                                                                 - WALK THE MOON                                   ,0.5615615615615616,0.7167167167167168,0.16616616616616617,0.9119119119119119,1.0,0.5715715715715716,0.29090909090909095,0.25524927912987605,0.7877877877877878,0.5385385385385385,0.6926926926926927,0.6758919829686457
Roar                                                                                                                                                                              - Katy Perry                                      ,0.7237237237237237,0.5510510510510511,0.6341341341341341,0.8041659756045028,0.0,0.09109109109109109,0.2783450751648631,0.31760595061947566,0.8923923923923924,0.5385385385385385,0.5202322778944304,0.154387865655471
Castle on the Hill                                                                                                                                                                - Ed Sheeran                                      ,0.40290290290290287,0.6451451451451451,0.27127127127127126,0.7987987987987988,1.0,0.7512512512512513,0.36554384249933364,0.3313313313313313,0.5560560560560561,0.5385385385385385,0.5510510510510511,0.7563152276143217
Let Me Down Slowly                                                                                                                                                                - Alec Benjamin                                   ,0.6916916916916918,0.3078078078078078,0.16616616616616617,0.6937205496598925,0.0,0.0945945945945946,0.8086762402871824,0.0,0.49199199199199195,0.5385385385385385,0.5635635635635635,0.8650921503687045
7 rings                                                                                                                                                                           - Ariana Grande                                   ,0.8898898898898899,0.1708581646662142,0.16616616616616617,0.2738671081504958,0.0,0.984210972694658,0.7597597597597597,0.0,0.21421421421421422,0.5385385385385385,0.40167364016736423,0.8024540253306051
Perfect Strangers                                                                                                                                                                 - Jonas Blue                                      ,0.8343343343343343,0.6206206206206206,0.16616616616616617,0.746279429494177,1.0,0.4229229229229229,0.6876876876876877,0.0,0.7947947947947948,0.5385385385385385,0.7747747747747747,0.48682655471005015
Please Don't Go                                                                                                                                                                   - Joel Adams                                      ,0.46446446446446443,0.5460460460460461,0.3918918918918919,0.7987987987987988,0.0,0.5285285285285285,0.3228184003240807,0.34734734734734735,0.8148148148148149,0.5385385385385385,0.2962962962962963,0.11443582090279952
Pretty Girl - Cheat Codes X CADE Remix                                                                                                                                            - Maggie Lindemann                                ,0.7772772772772774,0.7032032032032032,0.6341341341341341,0.8247832293864371,0.0,0.04281098546042003,0.5560560560560561,0.6486486486486487,0.3433433433433434,0.5385385385385385,0.7987987987987988,0.5311541328955067
All I Ask                                                                                                                                                                         - Adele                                           ,0.5841670141553456,0.15735359856951275,0.3918918918918919,0.7201635723606428,1.0,0.03203203203203203,0.8703620920876173,0.0,0.49199199199199195,0.5385385385385385,0.42842842842842843,0.813742351200283
Stay                                                                                                                                                                              - Zedd                                            ,0.7537537537537538,0.36336336336336333,0.4664664664664665,0.7776156769510635,0.0,0.5552078676799285,0.6326326326326326,0.0,0.44494494494494496,0.5385385385385385,0.6276276276276276,0.31872667773267
no tears left to cry                                                                                                                                                              - Ariana Grande                                   ,0.7687687687687688,0.4719925762135247,0.8058058058058057,0.7186117256637168,0.0,0.5335335335335335,0.41439851709835834,0.2828828828828829,0.8148148148148149,0.5385385385385385,0.43543543543543545,0.5415956625122422
i'm so tired...                                                                                                                                                                   - Lauv                                            ,0.5940940940940941,0.4934934934934935,1.0,0.5275275275275275,1.0,0.9311335287383191,0.5775775775775776,0.0,0.7582582582582582,0.5385385385385385,0.6186186186186187,0.3213468508358335
Just Give Me a Reason                                                                                                                                                             - P!nk                                            ,0.8898898898898899,0.29979979979979976,0.27127127127127126,0.5066870462361484,1.0,0.42542542542542544,0.6776776776776777,0.43873112381399676,0.529029029029029,0.5385385385385385,0.5255255255255256,0.2220402220402214
In the Name of Love                                                                                                                                                               - Martin Garrix                                   ,0.44994994994994997,0.27627627627627627,0.3918918918918919,0.6716716716716716,0.0,0.2877877877877878,0.515015015015015,0.0,0.943943943943944,0.5385385385385385,0.21371371371371373,0.7493707008179785
Stay With Me                                                                                                                                                                      - Sam Smith                                       ,0.44744744744744747,0.21421421421421422,0.0,0.5889465840586003,1.0,0.22322322322322322,0.750041635330602,0.4224224224224224,0.3963963963963964,0.5385385385385385,0.2222222222222222,0.11988214660459522
It Ain't Me (with Selena Gomez)                                                                                                                                                   - Kygo                                            ,0.6681681681681682,0.2887887887887888,0.0,0.5815817018508356,1.0,0.6163455426229149,0.5251499153938177,0.0,0.2012012012012012,0.5385385385385385,0.6006006006006006,0.2927094668117521
Cold (feat. Future)                                                                                                                                                               - Maroon 5                                        ,0.7657657657657657,0.47597597597597596,0.8058058058058057,0.6192176257299268,0.0,0.7942942942942943,0.5245245245245245,0.0,0.01693213378839025,0.5385385385385385,0.5895895895895896,0.2903753301122443
Chandelier                                                                                                                                                                        - Sia                                             ,0.34234234234234234,0.5745745745745746,0.16616616616616617,0.9683660044988169,1.0,0.4369369369369369,0.35487302655352443,0.3869963452601183,0.1031031031031031,1.0,0.6516516516516516,0.4785447895463349
Mama                                                                                                                                                                              - Jonas Blue                                      ,0.8268268268268268,0.5810810810810811,1.0,0.8809192770098961,0.0,0.30230230230230226,0.5085085085085085,0.0,0.039549102025219704,0.5385385385385385,0.6268179110284374,0.3409270750967725
Starving                                                                                                                                                                          - Hailee Steinfeld                                ,0.7167167167167167,0.3563563563563564,0.3918918918918919,0.8698698698698699,1.0,0.7632632632632632,0.7043618739903068,0.0,0.3278278278278278,0.5385385385385385,0.5810810810810811,0.2898795993408941
Teenage Dream                                                                                                                                                                     - Katy Perry                                      ,0.8013013013013013,0.5890890890890891,0.8883883883883883,0.8347880299251871,1.0,0.1866866866866867,0.34134134134134136,0.27583138694249804,0.5365365365365365,0.5385385385385385,0.6711711711711712,0.5164054046596861
How Do You Sleep?                                                                                                                                                                 - Sam Smith                                       ,0.4194194194194194,0.43243243243243246,0.16616616616616617,0.7910362312914042,0.0,0.7255423862128686,0.5595595595595596,0.0,0.14164875535433916,1.0,0.42342342342342343,0.4123054139535957
Shallow - Radio Edit                                                                                                                                                              - Lady Gaga                                       ,0.5590590590590591,0.17757321750062224,0.6341341341341341,0.5848081224530999,1.0,0.07857857857857858,0.7057057057057057,0.0,0.2082082082082082,0.5385385385385385,0.34134134134134136,0.23727274631850717
What Lovers Do (feat. SZA)                                                                                                                                                        - Maroon 5                                        ,0.9176410298785385,0.34284284284284283,0.4664664664664665,0.7629339826378206,0.0,0.5476674912798263,0.48010340710387506,0.30768667273754047,0.3128128128128128,0.5385385385385385,0.5024130785297605,0.40372666880409414
Good Time                                                                                                                                                                         - Owl City                                        ,0.5475475475475475,0.7387387387387387,0.3383383383383384,0.8666373964107349,1.0,0.8293293293293293,0.38712561466249445,0.31202312188339504,0.8193193193193193,0.5385385385385385,0.7287287287287287,0.6173624010167176
Cold Water (feat. Justin Bieber & MØ)                                                                                                                                             - Major Lazer                                     ,0.6081081081081081,0.5890890890890891,0.5445445445445445,0.7683547175924459,0.0,0.33183183183183185,0.47277774063488365,0.0,0.6061061061061062,0.5385385385385385,0.5841670141553456,0.18461237588686583
Dancing With A Stranger (with Normani)                                                                                                                                            - Sam Smith                                       ,0.8323323323323324,0.2776999092788566,0.7217217217217218,0.48277356446370534,1.0,0.5801487315431539,0.7163023806901992,0.269551466359977,0.7317317317317317,0.5385385385385385,0.4269269269269269,0.32785807450850113
Never Forget You                                                                                                                                                                  - Zara Larsson                                    ,0.5710710710710711,0.4924924924924925,1.0,0.6921749391143721,0.0,0.3758758758758759,0.25925925925925924,0.32723106788186923,0.7857857857857857,0.5385385385385385,0.33983983983983984,0.841330959037696
No Promises (feat. Demi Lovato)                                                                                                                                                   - Cheat Codes                                     ,0.8323323323323324,0.4134134134134134,0.8883883883883883,0.7267267267267267,1.0,0.8453453453453453,0.45238865857422567,0.0,0.36036036036036034,0.5385385385385385,0.6746746746746747,0.4373263620820886
Rockabye (feat. Sean Paul & Anne-Marie)                                                                                                                                           - Clean Bandit                                    ,0.8033033033033032,0.537037037037037,0.8058058058058057,0.8868941934635366,0.0,0.46646646646646645,0.7003818279398086,0.0,0.6626626626626626,0.5385385385385385,0.8078078078078078,0.31529014433355573
Wrecking Ball                                                                                                                                                                     - Miley Cyrus                                     ,0.4874874874874875,0.21621621621621623,0.4664664664664665,0.622812651798159,1.0,0.14464464464464466,0.7008652657601976,0.0,0.36936936936936937,0.5385385385385385,0.4294294294294294,0.5107229810455618
Diamonds                                                                                                                                                                          - Rihanna                                         ,0.5425425425425425,0.46850328589459017,1.0,0.7920353982300885,0.0,0.3838838838838839,0.22822822822822822,0.0,0.3868868868868869,0.5385385385385385,0.4754754754754755,0.17293795281498342
2U (feat. Justin Bieber)                                                                                                                                                          - David Guetta                                    ,0.5165165165165165,0.3948948948948949,0.7217217217217218,0.677844245650623,0.0,0.5315315315315315,0.6116116116116116,0.0,0.7357357357357357,0.5385385385385385,0.6396396396396397,0.8343730173078607
A Sky Full of Stars                                                                                                                                                               - Coldplay                                        ,0.5125125125125125,0.4224224224224224,0.5445445445445445,0.5955955955955956,1.0,0.027527527527527528,0.28815102906669904,0.5015356182868873,0.7142142142142143,0.5385385385385385,0.2042042042042042,0.583835997289648
Bang Bang                                                                                                                                                                         - Jessie J                                        ,0.7772772772772774,0.5145145145145145,0.0,0.8481256891735836,0.0,0.7122122122122122,0.6506506506506506,0.0,0.9254254254254255,0.5385385385385385,0.7687687687687688,0.8628510041668492
Love Someone                                                                                                                                                                      - Lukas Graham                                    ,0.4984984984984985,0.2112112112112112,0.8058058058058057,0.5824828192363938,0.0,0.44544544544544545,0.5740521085348672,0.0,0.3963963963963964,0.5385385385385385,0.3258258258258258,0.9386475205445115
Cheap Thrills                                                                                                                                                                     - Sia                                             ,0.6441441441441442,0.45095095095095095,0.5445445445445445,0.7047047047047047,0.0,0.7732732732732732,0.4314314314314314,0.4904904904904905,0.23523523523523523,0.5385385385385385,0.7977977977977978,0.15240440281542408
Work from Home (feat. Ty Dolla $ign)                                                                                                                                              - Fifth Harmony                                   ,0.9219219219219219,0.3333333333333333,0.7217217217217218,0.6736736736736737,1.0,0.33183183183183185,0.5090731612470744,0.2932932932932933,0.08508508508508508,0.5385385385385385,0.6726726726726726,0.3545125911402488
Girl on Fire                                                                                                                                                                      - Alicia Keys                                     ,0.42542542542542544,0.46346346346346345,0.8058058058058057,0.6866866866866866,1.0,0.5445445445445445,0.5410410410410411,0.480288468191694,0.35235235235235235,0.5385385385385385,0.17917917917917917,0.18017703724157746
That's What I Like                                                                                                                                                                - Bruno Mars                                      ,0.9644644644644644,0.3113113113113113,0.16616616616616617,0.7879812517766757,1.0,0.2817817817817818,0.3278278278278278,0.0,0.26726726726726724,0.5385385385385385,0.9119119119119119,0.7504295096376415
7 Years                                                                                                                                                                           - Lukas Graham                                    ,0.8343343343343343,0.2502502502502503,0.8883883883883883,0.6776796004610065,1.0,0.4944944944944945,0.6550046139889889,0.0,0.9223201501682515,0.5385385385385385,0.42492492492492495,0.5086130505225074
How Long                                                                                                                                                                          - Charlie Puth                                    ,0.9569569569569569,0.3123123123123123,0.16616616616616617,0.7514094958459637,0.0,0.6548667010205471,0.6036036036036035,0.2879654233136493,0.012172938951181633,0.5385385385385385,0.8718718718718719,0.40224337921958825
Sweet but Psycho                                                                                                                                                                  - Ava Max                                         ,0.8013013013013013,0.46046046046046046,0.16616616616616617,0.8171914117860062,1.0,0.4084084084084084,0.4673139240935851,0.0,0.6306306306306306,0.5385385385385385,0.7072072072072072,0.7407407407407407
Meant to Be (feat. Florida Georgia Line)                                                                                                                                          - Bebe Rexha                                      ,0.6741741741741742,0.5685685685685686,0.8883883883883883,0.5987081398915024,1.0,0.6946946946946947,0.4309608431961373,0.0,0.17984651317984654,0.5385385385385385,0.6576576576576576,0.8808938793191524
Superheroes                                                                                                                                                                       - The Script                                      ,0.43593593593593594,0.7342342342342343,0.3383383383383384,0.8804193132863547,1.0,0.26226226226226224,0.24491157824491158,0.0,0.13003822003822005,0.5385385385385385,0.7180785982662562,0.92004362998901
Bluebird                                                                                                                                                                          - Alexis Ffrench                                  ,0.3893893893893894,0.07607607607607608,0.8883883883883883,0.06608623750284529,1.0,0.16966966966966968,0.975975975975976,0.8948948948948949,0.2882882882882883,0.05005005005005005,0.09303437713331707,0.039057668530430315
Two Skies                                                                                                                                                                         - Dirk Maassen                                    ,0.316602521034258,0.12112112112112113,0.3918918918918919,0.1219472068744121,0.0,0.4169169169169169,0.9284284284284283,0.9554554554554555,0.3868868868868869,0.5385385385385385,0.05358315370585309,0.620433508415345
Perfect                                                                                                                                                                           - The Piano Guys                                  ,0.45645645645645644,0.11661661661661661,0.7217217217217218,0.13229055218630048,1.0,0.5695695695695696,0.9594594594594594,0.9074074074074074,0.3963963963963964,0.05005005005005005,0.14564564564564564,0.9730016602457799
I. Adagio sostenuto                                                                                                                                                               - Ludwig van Beethoven                            ,0.028528528528528527,0.0012918799921181681,0.16616616616616617,0.0009015161817381591,0.0,0.3263263263263263,0.9894894894894894,0.9754754754754755,0.3963963963963964,0.05005005005005005,0.10663887115671877,0.06261972254766485
"3 Gymnopédies: No. 1, Lent et douloureux                                                                                                                                        - Erik Satie                                      ",0.4109109109109109,0.00209008197523651,0.6341341341341341,0.009883934725672013,1.0,0.5255255255255256,0.9944944944944945,0.9884539435101233,0.1921921921921922,0.05005005005005005,0.18018018018018017,0.04571632329485678
Halo                                                                                                                                                                              - Henry Smith                                     ,0.5185185185185185,0.08108108108108109,0.8058058058058057,0.09674607893421118,1.0,0.26976976976976974,0.970970970970971,0.9424424424424425,0.4314314314314314,0.5385385385385385,0.044044044044044044,0.7607729017951357
Wishing                                                                                                                                                                           - Alexis Ffrench                                  ,0.44144144144144143,0.08158158158158157,0.3383383383383384,0.04715008123324415,1.0,0.15765765765765766,0.9944944944944945,0.9554554554554555,0.45545545545545546,0.05005005005005005,0.40040040040040037,0.8390379711913009
III. Andante                                                                                                                                                                      - Antonio Vivaldi                                 ,0.3933933933933934,0.022650952839632085,0.3918918918918919,0.029748842667928502,0.0,0.3208208208208208,0.9419419419419419,0.8158158158158159,0.45545545545545546,0.05005005005005005,0.3908908908908909,0.4948025471380077
Someone You Loved                                                                                                                                                                 - The Piano Guys                                  ,0.19569569569569567,0.11311311311311312,0.16616616616616617,0.14735593463605318,1.0,0.18268268268268267,0.948948948948949,0.9719719719719719,0.36936936936936937,0.5385385385385385,0.13713713713713713,0.2870065559194649
Brotin                                                                                                                                                                            - Eydís Evensen                                   ,0.31583198707592897,0.03735596795533704,1.0,0.03303504822011623,0.0,0.2277277277277277,0.9364364364364364,0.9484484484484484,0.2772772772772773,0.5385385385385385,0.10071089035490328,0.0164317723811134
Air on a G String                                                                                                                                                                 - Johann Sebastian Bach                           ,0.012012012012012012,0.16916916916916916,0.27127127127127126,0.2520241803017295,1.0,0.25075075075075076,0.9464464464464464,0.8903903903903905,0.37887887887887883,0.05005005005005005,0.06398525107385866,0.9451440431503532
"Bang Bang (My Baby Shot Me Down) - From ""Kill Bill""                                                                                                                           - Thibault Cauvin                                 ",0.4184184184184184,0.13634331694233348,0.4664664664664665,0.1862928470824216,0.0,0.40540540540540543,0.8918918918918919,0.8118004199152148,0.2802802802802803,0.005005005005005005,0.21867691986997842,0.5391690613983204
"6 Chorale Preludes, BV B 50: Herzlich tut mich verlangen, Op. 122/10                                                                                                            - Johannes Brahms                                 ",0.01650027751722667,0.006416882299106598,0.8058058058058057,0.0020310950527376733,0.0,0.27127127127127126,0.9944944944944945,0.9424424424424425,0.10710710710710711,0.5385385385385385,0.23623623623623624,0.11226479387504085
Story of You                                                                                                                                                                      - Alexis Ffrench                                  ,0.32932932932932935,0.0912777598445351,0.0,0.06114293102637866,1.0,0.37287287287287285,0.9564564564564564,0.9534534534534534,0.1961961961961962,0.5385385385385385,0.07324649779312992,0.599919267221987
It's a Long Way to Happiness                                                                                                                                                      - Alban Claudin                                   ,0.14164164164164164,0.057057057057057055,0.7217217217217218,0.07266514286865197,1.0,0.17717717717717718,0.9634634634634635,0.8478478478478478,0.8883883883883883,0.05005005005005005,0.11615605951889137,0.8911344983089563
"Prelude in B minor, BWV 855a (Arr. by Alexander Siloti)                                                                                                                         - Johann Sebastian Bach                           ",0.07007007007007007,0.030322477137814854,1.0,0.008013026515091014,0.0,0.2527527527527528,0.9594594594594594,0.993993993993994,0.1649530621367903,0.5385385385385385,0.11431092571795283,0.3038569031499796
"2 Mélodies, Op.3: II. Andante (Arr. for Cello and Piano)                                                                                                                        - Anton Rubinstein                                ",0.2552552552552553,0.053948232521032036,1.0,0.06883399189538364,1.0,0.2277277277277277,0.9594594594594594,0.7804005526438986,0.11146927730022287,0.05005005005005005,0.12179414573642187,0.3213572691303587
Hyper Silent                                                                                                                                                                      - Davide Locatelli                                ,0.13913913913913914,0.24824824824824826,0.7217217217217218,0.37225657040977317,1.0,0.26226226226226224,0.9634634634634635,0.9319319319319319,0.6116116116116116,0.5385385385385385,0.15515515515515516,0.06586236418961276
To the Sky (Moderate)                                                                                                                                                             - Dirk Maassen                                    ,0.25875875875875876,0.0567843793620925,0.8058058058058057,0.07363355212432109,0.0,0.3513776934829565,0.9634634634634635,0.8883883883883883,0.14964964964964966,0.5385385385385385,0.03003003003003003,0.003143818978392326
Adagio for Strings and Organ                                                                                                                                                      - Tomaso Albinoni                                 ,0.04604604604604605,0.1567043618739903,0.6341341341341341,0.17460443636914236,0.0,0.2127127127127127,0.8636755406361258,0.8848848848848849,0.3433433433433434,1.0,0.015015015015015015,0.29040273488067414
Bylur                                                                                                                                                                             - Eydís Evensen                                   ,0.07257257257257257,0.12462462462462463,0.27127127127127126,0.1121404746037219,1.0,0.11761761761761762,0.9019019019019019,0.9574574574574575,0.14814814814814814,0.05005005005005005,0.11054067062409753,0.07721143026734685
You Say                                                                                                                                                                           - The Piano Guys                                  ,0.1995153473344103,0.17429417816140344,0.8883883883883883,0.19455870908395767,1.0,0.1366366366366366,0.9239239239239239,0.7988270371538853,0.4629629629629629,0.5385385385385385,0.062062062062062065,0.03536943351106377
Comptine d'un autre été: L'après-midi                                                                                                                                             - Lavinia Meijer                                  ,0.3103103103103103,0.04525553289260018,0.27127127127127126,0.023138134537294873,1.0,0.34434434434434436,0.9594594594594594,0.9574574574574575,0.3278278278278278,0.5385385385385385,0.4444444444444444,0.39794921804412214
Ave Maria                                                                                                                                                                         - Charles Gounod                                  ,0.02194005961129249,0.018304839502064657,0.0,0.016880153641701843,1.0,0.35485485485485485,0.984984984984985,0.8803803803803805,0.05305305305305305,0.05005005005005005,0.17417417417417416,0.09209180774911947
Les Contes d'Hoffmann: Barcarolle                                                                                                                                                 - Jacques Offenbach                               ,0.07607607607607608,0.024641000447452058,0.27127127127127126,0.016196946522333295,1.0,0.18468468468468469,0.8957893492777214,0.7406926615061616,0.8948948948948949,0.05005005005005005,0.10621265911622864,0.06843484338702077
I Don't Care                                                                                                                                                                      - 2CELLOS                                         ,0.7747747747747747,0.17017017017017017,0.6341341341341341,0.09002413573050695,1.0,0.7812812812812813,0.7917917917917918,0.8408408408408409,0.37887887887887883,0.5385385385385385,0.4494494494494494,0.31855043522297655
Arc                                                                                                                                                                               - Wide Eyed                                       ,0.19569569569569567,0.06804285843894921,0.6341341341341341,0.03940994711094239,1.0,0.1921921921921922,0.9364364364364364,0.9054054054054055,0.2872872872872873,0.5385385385385385,0.06626113541007159,0.773643927000637
In My Blood / Swan Lake                                                                                                                                                           - The Piano Guys                                  ,0.27627627627627627,0.28378378378378377,0.4664664664664665,0.34497754682496357,1.0,0.1016016016016016,0.8610637772648946,0.8336025848142167,0.8268268268268268,0.5385385385385385,0.36036036036036034,0.795551285506374
Tora                                                                                                                                                                              - Wide Eyed                                       ,0.3993993993993994,0.1031031031031031,0.0,0.07604912234669069,1.0,0.06306306306306306,0.92992992992993,0.9679679679679679,0.21421421421421422,0.5385385385385385,0.13713713713713713,0.8103965652755536
Variation XVIII - Andante cantabile                                                                                                                                               - Sergei Rachmaninoff                             ,0.037037037037037035,0.05866696396319376,0.16616616616616617,0.060149274416047165,1.0,0.2677677677677678,0.948948948948949,0.8398398398398398,0.4314314314314314,0.05005005005005005,0.04604200323101776,0.9649840807390825
Bless the Broken Road                                                                                                                                                             - The Piano Guys                                  ,0.4084084084084084,0.07833169492362317,0.0,0.07493922207325293,1.0,0.47910583105062404,0.9634634634634635,0.914914914914915,0.6671671671671671,0.5385385385385385,0.43593593593593594,0.43877985218767357
Wandering II                                                                                                                                                                      - Eydís Evensen                                   ,0.03803803803803804,0.10013410818059897,0.6341341341341341,0.06796656389910628,0.0,0.13463463463463465,0.8551115313303627,0.7737737737737738,0.24124124124124124,0.005005005005005005,0.16816816816816815,0.08274998246293552
When I See You Again                                                                                                                                                              - Chloe Flower                                    ,0.32232232232232233,0.14814814814814814,0.3383383383383384,0.19929683557760133,1.0,0.15415415415415415,0.934934934934935,0.8498498498498498,0.47047047047047047,0.05005005005005005,0.2042042042042042,0.46228292421894057
Nocturne in C Sharp                                                                                                                                                               - Frédéric Chopin                                 ,0.18518518518518517,0.1567043618739903,0.5445445445445445,0.18728288783555908,0.0,0.38538538538538536,0.9364364364364364,0.8253080934934417,0.6061061061061062,0.05005005005005005,0.0734084148915755,0.13396619757995917
Upland                                                                                                                                                                            - Olivia Belli                                    ,0.07707707707707707,0.031298832367471906,0.8883883883883883,0.02201079580267878,0.0,0.14464464464464466,0.970970970970971,0.8663663663663663,0.31931931931931934,0.05005005005005005,0.1941941941941942,0.9193138667704508
In Another Life                                                                                                                                                                   - Dirk Maassen                                    ,0.014014014014014014,0.05360275633969542,0.16616616616616617,0.034838751559218534,1.0,0.4314314314314314,0.943943943943944,0.9344344344344344,0.30930930930930933,0.5385385385385385,0.04281964701871389,0.03386661669149604
DNA                                                                                                                                                                               - Amy Dickson                                     ,0.016016016016016016,0.018304839502064657,0.3918918918918919,0.038929607098700046,1.0,0.4314314314314314,0.9804804804804805,0.8903903903903905,0.24233662492955324,0.005005005005005005,0.04281964701871389,0.02262679837388123
Reforestation (Episode 5 - Humans)                                                                                                                                                - Ilan Eshkeri                                    ,0.40954084519301914,0.11086276262852034,0.8058058058058057,0.10116896832763993,0.0,0.0980980980980981,0.6571715127864862,0.8108108108108109,0.6481481481481481,0.05005005005005005,0.058645142206786044,0.6181806720833791
"Nocturne No. 2 in E-Flat Major, Op. 9 No. 2                                                                                                                                     - Frédéric Chopin                                 ",0.27427427427427425,0.02151822061137807,0.8883883883883883,0.017318676722618668,1.0,0.3053053053053053,0.975975975975976,0.9874476987447703,0.2222222222222222,0.5385385385385385,0.14314314314314314,0.017014162690138626
"10 Chorale Preludes, BV B 27: No. 5, Ich ruf zu dir, Herr Jesu Christ, BWV 639                                                                                                  - Johann Sebastian Bach                           ",0.08308308308308308,0.006006006006006006,0.4664664664664665,0.00141802517561272,0.0,0.4588045234248789,1.0,0.8883883883883883,0.126587752801345,0.5385385385385385,0.22822822822822822,0.010834849419525937
"Zdes' khorosho ('How Fair This Spot'), Op. 21, No. 7                                                                                                                            - Sergei Rachmaninoff                             ",0.13763763763763764,0.028300183908658204,0.8058058058058057,0.03347602873069495,1.0,0.36536536536536535,0.9634634634634635,0.8128128128128128,0.029029029029029027,0.05005005005005005,0.09098451327433628,0.3794112328249394
Lost                                                                                                                                                                              - Annelie                                         ,0.33358358358358375,0.07049089005459393,0.8883883883883883,0.05007639549571463,0.0,0.18159255954067272,0.9324324324324325,0.9614614614614614,0.4244244244244244,0.5385385385385385,0.08133710316576871,0.7465373149502966
"Ravel Variation (Arr. for Violin & Piano after Pavane pour une infante défunte, M. 19 by Ketan & Vivan Bhatti)                                                                  - Maurice Ravel                                   ",0.007563615638298476,0.10744077410744077,0.6341341341341341,0.12629249115951013,1.0,0.12462462462462463,0.9139139139139139,0.7880721210263434,0.30930930930930933,0.5385385385385385,0.06802522739922931,0.923802637254664
One Thousand Trees                                                                                                                                                                - Alban Claudin                                   ,0.3073073073073073,0.06689820162851404,0.6341341341341341,0.06923035490145528,1.0,0.07407407407407407,0.9284284284284283,0.9294294294294294,0.37887887887887883,0.05005005005005005,0.12612612612612611,0.7386256947225504
"Tannhäuser, WWV 70: Lied an den Abendstern (Arr. for Cello and Piano)                                                                                                           - Richard Wagner                                  ",0.031031031031031032,0.04947234929903907,0.6341341341341341,0.04140789742325727,1.0,0.4124124124124124,0.9539539539539539,0.9259259259259259,0.3062123347837634,0.5385385385385385,0.016516516516516533,0.10073834357645163
Leidenschaft - Solo Piano Version                                                                                                                                                 - Florian Christl                                 ,0.4174174174174174,0.13327293342725438,0.6341341341341341,0.1276576043183503,0.0,0.1991991991991992,0.9944944944944945,0.93993993993994,0.4169169169169169,0.5385385385385385,0.3908908908908909,0.7600320735511922
Dagdraumur                                                                                                                                                                        - Eydís Evensen                                   ,0.2132132132132132,0.03443776541046166,0.8883883883883883,0.03826704644173849,0.0,0.5625625625625625,0.924924924924925,0.8558558558558559,0.3353353353353353,0.5385385385385385,0.10735421872424133,0.030387110635438124
Blinding Lights - Piano Version                                                                                                                                                   - Flying Fingers                                  ,0.3063063063063063,0.012893181670511445,0.0,0.02406580954147806,0.0,0.5385385385385385,0.9894894894894894,0.97997997997998,0.4629629629629629,0.5385385385385385,0.22822822822822822,0.8562327321089913
Jacob and the Stone                                                                                                                                                               - Emile Mosseri                                   ,0.08208208208208208,0.10710710710710711,0.16616616616616617,0.09249668730477187,1.0,0.2057057057057057,0.882875605815832,0.9754754754754755,0.4629629629629629,0.5385385385385385,0.13113113113113112,0.11281136532737628
Creep                                                                                                                                                                             - Elin Porsinger                                  ,0.38238238238238237,0.016582588253976356,0.4664664664664665,0.006111145544448613,1.0,0.48148148148148145,1.0,0.990990990990991,0.43843843843843844,0.5385385385385385,0.04054054054054054,0.9543499151497566
The Unforgettable                                                                                                                                                                 - Dirk Maassen                                    ,0.35008168182829474,0.06306306306306306,0.27127127127127126,0.07922236044163275,0.0,0.3913913913913914,0.970970970970971,0.9319319319319319,0.2982982982982983,0.5385385385385385,0.17617617617617617,0.4063690763569778
"Sicilienne from Concerto in D Minor, BWV 596                                                                                                                                    - Johann Sebastian Bach                           ",0.3763763763763764,0.008132704451722855,0.27127127127127126,0.009008085394433594,0.0,0.25875875875875876,0.9944944944944945,0.9984234594306536,0.26226226226226224,0.5385385385385385,0.02702702702702703,0.002236402704760659
"Nightcall - From ""Drive""                                                                                                                                                      - Thibault Cauvin                                 ",0.7092092092092093,0.23423423423423423,0.8058058058058057,0.16540058655115253,0.0,0.023023023023023025,0.8500797877666123,0.9234234234234233,0.26726726726726724,0.5385385385385385,0.2042042042042042,0.22622622622622623
"Beethoven Variation (After String Quartet No. 13, Op. 130: II)                                                                                                                  - Ludwig van Beethoven                            ",0.532032032032032,0.14482214772912447,0.8883883883883883,0.09857630696548757,0.0,0.30680680680680683,0.9539539539539539,0.8813813813813813,0.3433433433433434,0.5385385385385385,0.5145395799676901,0.5642734040246029
"Morning Mood Variation (Arr. for Piano from Peer Gynt Suite No.1, Op. 36 by Ketan & Vivan Bhatti)                                                                               - Edvard Grieg                                    ",0.2132132132132132,0.050175175175175175,0.3383383383383384,0.019161726469009106,1.0,0.34434434434434436,0.9594594594594594,0.9038718951509653,0.1991991991991992,0.5385385385385385,0.16616616616616617,0.057491618912938726
Minamata Piano Theme                                                                                                                                                              - Ryuichi Sakamoto                                ,0.4344344344344344,0.03016204075084229,0.0,0.04696950806891692,0.0,0.7632632632632632,0.984984984984985,0.9734734734734735,0.44994994994994997,0.5385385385385385,0.24424424424424424,0.029041343541070724
"Itusmo nando demo (from ""Spirited Away"") - Piano Version                                                                                                                      - Quiet Gaze                                      ",0.4209209209209209,0.0970970970970971,0.4664664664664665,0.09464201335473357,1.0,0.5695695695695696,0.975975975975976,0.9344344344344344,0.2852852852852853,0.5385385385385385,0.3063063063063063,0.5009054356507132
17                                                                                                                                                                                - Annelie                                         ,0.3133133133133133,0.018488603916085884,0.0,0.02059554819752537,0.0,0.26476476476476474,0.975975975975976,0.8648648648648649,0.496996996996997,0.5385385385385385,0.2962962962962963,0.03130144126390138
"String Quartet No. 3, ""Mishima"": VI. Mishima / Closing                                                                                                                        - Philip Glass                                    ",0.17267267267267267,0.17757321750062224,0.0,0.2139455993271725,0.0,0.16466466466466467,0.8988988988988988,0.9424424424424425,0.9109109109109109,0.5385385385385385,0.24274274274274274,0.02577371005234296
Lovely                                                                                                                                                                            - TwoPlusFour                                     ,0.05405405405405406,0.16087046348674253,0.3918918918918919,0.24789348860680094,0.0,0.0895895895895896,0.8758758758758759,0.7827419354063618,0.36036036036036034,0.005005005005005005,0.07007007007007007,0.1991672696777361
Tomorrow                                                                                                                                                                          - Annelie                                         ,0.2702702702702703,0.05866696396319376,0.4664664664664665,0.03756027986970576,1.0,0.46996996996997,0.9239239239239239,0.8255669596596338,0.45545545545545546,0.5385385385385385,0.07142921492921493,0.9712135447383652
Shallow                                                                                                                                                                           - Henry Smith                                     ,0.482982982982983,0.052711962982634086,0.6341341341341341,0.06412478160329164,1.0,0.7672672672672672,0.9944944944944945,0.9919126499771663,0.2752752752752753,0.5385385385385385,0.25575575575575576,0.043741654369576576
Flower Through Concrete                                                                                                                                                           - Chloe Flower                                    ,0.22622622622622623,0.13634331694233348,0.8883883883883883,0.137384918937779,1.0,0.18268268268268267,0.9594594594594594,0.8833833833833833,0.3433433433433434,0.5385385385385385,0.12212212212212212,0.0754733483591375
Reflets                                                                                                                                                                           - Thomas Enhco                                    ,0.26926926926926925,0.03578960964359946,0.0,0.00767548501085802,1.0,0.30230230230230226,0.944944944944945,0.9038718951509653,0.31931931931931934,0.5385385385385385,0.3433433433433433,0.8708797499117588
Dance Monkey - Piano Version                                                                                                                                                      - Flying Fingers                                  ,0.3073073073073073,0.03512935686110559,0.5445445445445445,0.043080343848816406,0.0,0.3758758758758759,0.9634634634634635,0.9279279279279279,0.4314314314314314,0.5385385385385385,0.13263263263263264,0.08014913824100267
"Shepherd's Song (After ""Schafe können sicher weiden"", BWV 208, No. 9)                                                                                                         - Johann Sebastian Bach                           ",0.34534534534534533,0.01177030045588289,0.8058058058058057,0.006760646106220418,1.0,0.2102102102102102,0.9944944944944945,0.8348348348348348,0.10765176941647532,0.5385385385385385,0.4494494494494494,0.020049463954507876
"The Well-Tempered Clavier, Book 2: I. Prelude in F-Sharp Minor, BWV 883                                                                                                         - Johann Sebastian Bach                           ",0.3038038038038038,0.03823841876141246,0.5445445445445445,0.012602928985576545,0.0,0.3973973973973974,0.984984984984985,0.8788788788788788,0.3353353353353353,0.5385385385385385,0.4674674674674675,0.7517250273771243
Junischnee                                                                                                                                                                        - Dirk Maassen                                    ,0.24474474474474472,0.049934509899847844,0.8058058058058057,0.07007007007007007,0.0,0.28978978978978975,0.9674674674674675,0.9319319319319319,0.4169169169169169,1.0,0.08767020258871493,0.006989756642984986
"Piano Quartet in G Minor, K.478: II. Andante                                                                                                                                    - Wolfgang Amadeus Mozart                         ",0.20870870870870872,0.015169753674690202,0.8883883883883883,0.02390918903020512,1.0,0.23473473473473472,0.9564564564564564,0.6220364707768608,0.29156765461113293,0.05005005005005005,0.2097097097097097,0.8039539184070436
The Lark Ascending                                                                                                                                                                - Rewired88                                       ,0.40290290290290287,0.08638483989607586,1.0,0.11113625743126151,0.0,0.4169169169169169,0.9804804804804805,0.9484484484484484,0.24924924924924924,0.5385385385385385,0.16716716716716717,0.03767693820740745
Pars Prima: Waltz in rondo-form                                                                                                                                                   - Ronald Stevenson                                ,0.26226226226226224,0.004567939356199601,0.0,0.0011208904854055133,0.0,0.2082082082082082,1.0,0.9259259259259259,0.23623623623623624,0.5385385385385385,0.0704461041638279,0.01169030355950607
Heather                                                                                                                                                                           - Eusebius                                        ,0.2982982982982983,0.08562197092084005,0.8058058058058057,0.11807156934532592,1.0,0.33933933933933935,0.9429429429429429,0.8923923923923924,0.3868868868868869,0.5385385385385385,0.23523523523523523,0.021281449185253553
II. Andante                                                                                                                                                                       - Wolfgang Amadeus Mozart                         ,0.015185796007713814,0.016016016016016016,0.4664664664664665,0.015826851072877585,1.0,0.20370370370370372,0.9404404404404405,0.9554554554554555,0.26076076076076077,0.5385385385385385,0.08808808808808809,0.007824227955236351
Mirror Symmetry - Solo Piano Version                                                                                                                                              - Piano Novel                                     ,0.35735735735735735,0.07833169492362317,0.5445445445445445,0.06176646213098801,0.0,0.2977977977977978,0.9674674674674675,0.9784784784784785,0.20699985699985698,0.05005005005005005,0.36536536536536535,0.7695671775671775
Vocalise No. 2 - Andantino                                                                                                                                                        - Milosz Magin                                    ,0.20870870870870872,0.019119743011709774,0.0,0.021658994687575858,1.0,0.48648648648648646,0.8983983983983983,0.6024066586425751,0.15665665665665668,0.5385385385385385,0.055831862666452736,0.7767601123992153
"Minuet in A major, D. 334                                                                                                                                                       - Franz Schubert                                  ",0.2017017017017017,0.006980180442873538,0.8058058058058057,0.002193599030446979,1.0,0.43043043043043044,0.9894894894894894,0.9189189189189189,0.1961961961961962,0.05005005005005005,0.22022022022022023,0.16949766058759014
Exhibit A                                                                                                                                                                         - Goldbæk                                         ,0.22522522522522523,0.09961939046226244,0.16616616616616617,0.061344379537098606,0.0,0.12462462462462463,0.8948948948948949,0.8428428428428428,0.37887887887887883,0.5385385385385385,0.056890992374863336,0.9652799124087936
Blástjarnan þótt skarti skær                                                                                                                                                      - Hugar                                           ,0.4209209209209209,0.0019331237432632467,0.3383383383383384,0.005943888070256281,1.0,0.5765765765765766,1.0,0.98998998998999,0.06966602966602968,0.5385385385385385,0.34234234234234234,0.02767943896036025
"Sonata in D Minor, K. 32                                                                                                                                                        - Domenico Scarlatti                              ",0.5410410410410411,0.011139535289215323,0.27127127127127126,0.015801461340485365,0.0,0.5511003031618755,1.0,0.9574574574574575,0.2042042042042042,0.5385385385385385,0.3663663663663664,0.7061071863230132
Sleep                                                                                                                                                                             - Goldbæk                                         ,0.42342342342342343,0.04698161863980241,0.27127127127127126,0.062110738627851644,1.0,0.45145145145145144,0.950950950950951,0.9094094094094094,0.3128128128128128,0.5385385385385385,0.26176176176176175,0.037242878241696024
Song for Three                                                                                                                                                                    - Wide Eyed                                       ,0.23173173173173173,0.04235717965751898,0.4664664664664665,0.0383463670837691,0.0,0.1921921921921922,0.9039039039039038,0.8538538538538538,0.43843843843843844,0.5385385385385385,0.13563563563563563,0.8259477469033327
Lea                                                                                                                                                                               - Olivia Belli                                    ,0.060560560560560556,0.04664676731379115,0.6341341341341341,0.031221593848342555,0.0,0.4209209209209209,0.9564564564564564,0.9504504504504505,0.44494494494494496,0.5385385385385385,0.13563563563563563,0.9652716373970535
Hollow                                                                                                                                                                            - Cecilia De Maria                                ,0.26926926926926925,0.021930421765541306,0.3383383383383384,0.019372368250800118,1.0,0.2327327327327327,0.975975975975976,0.9534534534534534,0.14914914914914915,0.5385385385385385,0.39539539539539537,0.42608957256196467
Dancing In The Moonlight                                                                                                                                                          - Elin Porsinger                                  ,0.5910910910910911,0.058346368938828545,0.8058058058058057,0.01576760836396239,0.0,0.5542041716407362,0.9894894894894894,0.992992992992993,0.31931931931931934,0.5385385385385385,0.4269269269269269,0.40257384183631456
Forever Song                                                                                                                                                                      - Alexis Ffrench                                  ,0.05655655655655656,0.0965965965965966,0.27127127127127126,0.11633094598145602,1.0,0.28378378378378377,0.9564564564564564,0.9004004004004005,0.3278278278278278,0.5385385385385385,0.0942075867747046,0.07135979123366197
"I'm Going to Make a Cake (from ""The Hours"" Soundtrack)                                                                                                                        - Philip Glass                                    ",0.05655655655655656,0.029037056198667786,0.8058058058058057,0.037968753586534884,0.0,0.24074074074074076,0.9594594594594594,0.8498498498498498,0.09208217136859354,0.05005005005005005,0.014014014014014014,0.08918910431064185
Prelude No. 1 in C Major                                                                                                                                                          - Dmitri Shostakovich                             ,0.37495814553607887,0.004650035545568144,0.0,0.006311228655894898,1.0,0.6256256256256256,0.9944944944944945,0.9424424424424425,0.07357357357357358,0.5385385385385385,0.03903903903903904,0.9077699668509552
Intentions - Piano Version                                                                                                                                                        - Flying Fingers                                  ,0.32932932932932935,0.07607607607607608,0.8058058058058057,0.09014315850589173,1.0,0.3868868868868869,0.9674674674674675,0.9669669669669669,0.2932932932932933,0.5385385385385385,0.07599250626773561,0.7822921244596536
Night                                                                                                                                                                             - Ludovico Einaudi                                ,0.2072072072072072,0.07457457457457457,0.3383383383383384,0.07058038697686919,1.0,0.2057057057057057,0.984984984984985,0.9189189189189189,0.3128128128128128,0.5385385385385385,0.07171492921492921,0.005148944944443037
A Thousand Years                                                                                                                                                                  - The Piano Guys                                  ,0.13463463463463465,0.12940444072519544,0.8883883883883883,0.17794175299275852,1.0,0.24274274274274274,0.9674674674674675,0.8848848848848849,0.1871871871871872,0.05005005005005005,0.19569569569569567,0.8926074881418301
Don't Start Now - Piano Version                                                                                                                                                   - Flying Fingers                                  ,0.5225225225225225,0.07020079954635537,1.0,0.0957618799626617,0.0,0.5145145145145145,0.9674674674674675,0.8315438433085492,0.5025025025025025,0.5385385385385385,0.14014014014014015,0.43468311155972955
"Unaccompanied Cello Suite No. 1 in G major, BWV 1007: I. Prélude                                                                                                                - Johann Sebastian Bach                           ",0.27127127127127126,0.07008476334305994,0.6341341341341341,0.0497659754075311,1.0,0.6239468882640689,0.9634634634634635,0.9259259259259259,0.37887887887887883,0.005005005005005005,0.49988245352893074,0.7766575070791295
Fragile                                                                                                                                                                           - Dirk Maassen                                    ,0.1831831831831832,0.043467817624623296,0.8058058058058057,0.07724469962952046,0.0,0.3288288288288288,0.950950950950951,0.9094094094094094,0.7437437437437437,0.5385385385385385,0.09325204942397405,0.022271654421060737
"When the Day Falls into Darkness (From ""Cinderella"")                                                                                                                          - Alma Deutscher                                  ",0.23423423423423423,0.009333805824147952,0.4664664664664665,0.01276256501542848,0.0,0.4194194194194194,0.9894894894894894,0.8713713713713713,0.26472149147516194,0.5385385385385385,0.1841841841841842,0.06289613415313967
Søndag am                                                                                                                                                                         - Søndag Søndag                                   ,0.17717717717717718,0.0340207849097616,0.5445445445445445,0.03031100739064872,1.0,0.2277277277277277,0.8918918918918919,0.786036036036036,0.7302302302302301,0.05005005005005005,0.18768768768768768,0.16109794673807026
"Nostalgie du pays, extrait des Miniatures polonaises                                                                                                                            - Milosz Magin                                    ",0.41491491491491495,0.0047594971313928685,0.27127127127127126,0.0022760637355531913,0.0,0.28378378378378377,0.984984984984985,0.964964964964965,0.507007007007007,0.05005005005005005,0.25825825825825827,0.022452641243171173
Challen                                                                                                                                                                           - Goldbæk                                         ,0.395971100634313,0.048702983138780805,0.16616616616616617,0.05630099100786497,1.0,0.35485485485485485,0.9364364364364364,0.8548548548548548,0.31931931931931934,1.0,0.17717717717717718,0.26448728228832946
That Voice                                                                                                                                                                        - Anne Chmelewsky                                 ,0.45945945945945943,0.08708708708708708,0.3918918918918919,0.104429909449091,0.0,0.16016016016016016,0.9324324324324325,0.7927927927927928,0.2284926385931145,0.05005005005005005,0.11631696056474815,0.5080188011989348
Diaries (from Home)                                                                                                                                                               - Dirk Maassen                                    ,0.23173173173173173,0.013006759954343576,0.0,0.0171160409132044,1.0,0.29979979979979976,1.0,0.9119119119119119,0.22322322322322322,1.0,0.07712709683834436,0.10854679543301639
Saltare (Somewhere at the Baltic Sea)                                                                                                                                             - Dirk Maassen                                    ,0.33183183183183185,0.06771395743815045,0.8058058058058057,0.06599761002522037,0.0,0.6311311311311312,0.9804804804804805,0.9574574574574575,0.1971971971971972,0.05005005005005005,0.12962962962962965,0.016933524031965897
Fix You                                                                                                                                                                           - Andy Stringer                                   ,0.45245245245245247,0.014242336651492946,0.3383383383383384,0.06667943492418121,1.0,0.5320320320320321,0.970970970970971,0.988988988988989,0.37887887887887883,0.5385385385385385,0.19269269269269268,0.6445880452342513
"Rinaldo, HWV 7: Lascia ch'io pianga (Arr. for Piano)                                                                                                                            - George Frideric Handel                          ",0.17117117117117117,0.022822479426253012,0.4664664664664665,0.013297967978199578,1.0,0.3288288288288288,0.984984984984985,0.9259259259259259,0.2932932932932933,0.5385385385385385,0.15615615615615616,0.01603529897843081
River Flows in You                                                                                                                                                                - See Siang Wong                                  ,0.12312312312312312,0.11261261261261261,0.8058058058058057,0.0634503937144644,1.0,0.4274274274274274,0.9634634634634635,0.9294294294294294,0.3353353353353353,0.05005005005005005,0.23623623623623624,0.026521806476506343
Fredag                                                                                                                                                                            - Søndag Søndag                                   ,0.5865865865865866,0.017490693150093363,1.0,0.016657423115607337,0.0,0.3358358358358358,0.984984984984985,0.914914914914915,0.4824824824824825,0.05005005005005005,0.2122122122122122,0.6166780721478141
A Calling                                                                                                                                                                         - Goldbæk                                         ,0.35735735735735735,0.022022022022022022,0.7217217217217218,0.06318010639904811,0.0,0.43843843843843844,0.948948948948949,0.8558558558558559,0.37887887887887883,0.5385385385385385,0.31291908806437196,0.7473316152261847
"Truth, And Then There Were Teardrops                                                                                                                                            - Amy Dickson                                     ",0.2772772772772773,0.04014054332191043,0.8883883883883883,0.06403601623119971,0.0,0.26476476476476474,0.9944944944944945,0.9734734734734735,0.3278278278278278,0.5385385385385385,0.3063063063063063,0.005763763871315401
Primrose                                                                                                                                                                          - Eusebius                                        ,0.12462462462462463,0.13404453836552593,0.4664664664664665,0.1055599418094154,1.0,0.27877877877877877,0.9464464464464464,0.9214214214214214,0.4244244244244244,0.05005005005005005,0.26176176176176175,0.9621468253479195
Senorita                                                                                                                                                                          - Beloved Melodies                                ,0.39789789789789787,0.022022022022022022,0.0,0.023171526661003593,1.0,0.4209209209209209,0.9944944944944945,0.9977909628564648,0.24324324324324323,0.5385385385385385,0.17067067067067065,0.4537388841576537
Danza delle Baccanti (Piano and Cello)                                                                                                                                            - Remo Anzovino                                   ,0.3283283283283283,0.12162162162162163,0.3918918918918919,0.08050584301225654,0.0,0.2057057057057057,0.9594594594594594,0.8903903903903905,0.3433433433433434,0.5385385385385385,0.06658350807286978,0.4432135155571569
II. Adagio cantabile                                                                                                                                                              - Ludwig van Beethoven                            ,0.14164164164164164,0.003931790647557562,0.7217217217217218,0.003647682885526535,1.0,0.44994994994994997,0.9944944944944945,0.914914914914915,0.2587682021644286,0.5385385385385385,0.10837186755948844,0.005618515386973386
At Last (Solo Piano Version)                                                                                                                                                      - Alexis Ffrench                                  ,0.2832832832832833,0.09559559559559559,0.16616616616616617,0.10004593563386488,1.0,0.3103103103103103,0.9674674674674675,0.9259259259259259,0.24024024024024024,0.5385385385385385,0.26676676676676675,0.9640571835693785
"Sonata in D Minor, K. 32                                                                                                                                                        - Domenico Scarlatti                              ",0.31583198707592897,0.002243618693542693,0.27127127127127126,0.002944512933414155,0.0,0.8793793793793794,0.9894894894894894,0.995995995995996,0.08108108108108109,0.5385385385385385,0.14914914914914915,0.03873973094379693
La Mer                                                                                                                                                                            - Dirk Maassen                                    ,0.37037037037037035,0.08562197092084005,0.8058058058058057,0.060960890979453675,0.0,0.5275275275275275,0.984984984984985,0.8948948948948949,0.22940582792190384,1.0,0.09746474415592064,0.40978848388452077
Fyrir Mikael                                                                                                                                                                      - Eydís Evensen                                   ,0.03453453453453453,0.13193200106183534,0.4664664664664665,0.09208894473008504,1.0,0.14164164164164164,0.9079079079079079,0.958958958958959,0.3868868868868869,0.05005005005005005,0.5310310310310311,0.8063533160281051
Dew and Spiderwebs                                                                                                                                                                - Hauschka                                        ,0.35135135135135137,0.12964633719350702,0.0,0.08828115592789913,1.0,0.1046046046046046,0.984984984984985,0.8548548548548548,0.27927927927927926,0.5385385385385385,0.07935414440709448,0.2110130409817123
Despacito                                                                                                                                                                         - Beloved Melodies                                ,0.23173173173173173,0.022650952839632085,1.0,0.036630876561398275,0.0,0.28978978978978975,0.9804804804804805,0.9719719719719719,0.8148148148148149,0.5385385385385385,0.13713713713713713,0.9116227510662895
"Tennessee (from ""Pearl Harbor"")                                                                                                                                               - Hans Zimmer                                     ",0.009959257582616567,0.17121431776604193,0.0,0.1542889683772537,1.0,0.39039039039039036,0.8283415288332588,0.8903903903903905,0.3963963963963964,1.0,0.008499131449951139,0.13416343795263655
Lily of the Valley                                                                                                                                                                - Eusebius                                        ,0.23923923923923923,0.04970342959944347,0.4664664664664665,0.09492935259338367,1.0,0.2727727727727728,0.9265778164083252,0.8508508508508509,0.4074074074074074,0.05005005005005005,0.3433433433433433,0.943950989722254
Forever Song - Solo Piano Version                                                                                                                                                 - Alexis Ffrench                                  ,0.2197197197197197,0.06484547433826168,0.27127127127127126,0.04902489387783505,1.0,0.53003003003003,0.9894894894894894,0.8833833833833833,0.2909087194801481,0.5385385385385385,0.07107207207207207,0.05239117905784575
Hátíð fer að höndum ein (Icelandic Christmas Hymn)                                                                                                                                - Hugar                                           ,0.06706706706706707,0.010215146951001747,0.0,0.010377143314517211,0.0,0.30230230230230226,0.9265778164083252,0.9364364364364364,0.3963963963963964,0.05005005005005005,0.04054054054054054,0.0340292352404182
"Vivaldi Variation (Arr. for Piano from Concerto for Strings in G Minor, RV 156)                                                                                                 - Antonio Vivaldi                                 ",0.3713713713713714,0.14514514514514515,0.6341341341341341,0.11379551139678488,0.0,0.49300716053160726,0.9154406772703302,0.8868868868868869,0.43843843843843844,0.005005005005005005,0.1211381929650214,0.06666895466895474
Stay With Me                                                                                                                                                                      - Henry Smith                                     ,0.5390390390390389,0.07574240907574241,0.0,0.13091231353045238,1.0,0.7892892892892893,0.9284284284284283,0.9319319319319319,0.36936936936936937,0.5385385385385385,0.15615615615615616,0.09735388504344786
"10 Chorale Preludes, BV B 27: No. 2, Wachet auf, ruft uns die Stimme, BWV 645                                                                                                   - Johann Sebastian Bach                           ",0.16016016016016016,0.01582795771794361,0.3383383383383384,0.004827902805875215,1.0,0.28978978978978975,1.0,0.9004004004004005,0.36036036036036034,0.5385385385385385,0.3708708708708709,0.7627048221696003
Waterfalls                                                                                                                                                                        - Alexis Ffrench                                  ,0.13063063063063063,0.14296858842313387,0.6341341341341341,0.14203826367052017,0.0,0.13113113113113112,0.9079079079079079,0.985985985985986,0.3278278278278278,0.5385385385385385,0.1239427191191737,0.2661087539536805
Before You Go - Piano Version                                                                                                                                                     - Flying Fingers                                  ,0.2962962962962963,0.07956275501620119,0.3383383383383384,0.06498878865641045,1.0,0.4169169169169169,0.943943943943944,0.9129129129129129,0.47047047047047047,0.5385385385385385,0.09137895249501597,0.3661809780901124
I Think of You                                                                                                                                                                    - Alma Deutscher                                  ,0.19769769769769768,0.004595304752655782,0.5445445445445445,0.0068252883422261455,1.0,0.37987987987987987,1.0,0.8548548548548548,0.24924924924924924,0.05005005005005005,0.15315315315315314,0.026415419846903432
Gymnopédie No. 1: Lent et douloureux                                                                                                                                              - Erik Satie                                      ,0.37237237237237236,0.00290382658225928,0.6341341341341341,0.005377975796090652,1.0,0.6646646646646647,0.9944944944944945,0.958958958958959,0.25125125125125125,0.5385385385385385,0.45145145145145144,0.9483711632048442
Hello                                                                                                                                                                             - Henry Smith                                     ,0.5484549885638815,0.02923106771001746,0.7217217217217218,0.11590274341044143,1.0,0.7222583463527922,0.984984984984985,0.96996996996997,0.36036036036036034,0.5385385385385385,0.26176176176176175,0.04168429275661279
River Flows in You                                                                                                                                                                - Yiruma                                          ,0.22322322322322322,0.16152426936740663,0.8058058058058057,0.08250115937536016,1.0,0.48348348348348347,0.9265778164083252,0.9994609994609994,0.22875704895800084,0.5385385385385385,0.42492492492492495,0.8396483178947654
Sol Novo                                                                                                                                                                          - Olivia Belli                                    ,0.45545545545545546,0.11611611611611611,0.16616616616616617,0.07181277960479908,1.0,0.0945945945945946,0.8968968968968969,0.8713713713713713,0.08874941517604559,0.05005005005005005,0.12712712712712712,0.2702428658090731
Elisabeth                                                                                                                                                                         - Lucas Forch                                     ,0.17517517517517517,0.029166397206234235,0.3383383383383384,0.017710439287486248,1.0,0.25425425425425424,0.9464464464464464,0.96996996996997,0.3868868868868869,0.5385385385385385,0.3113113113113113,0.9579526213360534
Silver Lining                                                                                                                                                                     - Pieter de Graaf                                 ,0.24474474474474472,0.04777862512315987,0.16616616616616617,0.0409103462670156,0.0,0.07857857857857858,0.9634634634634635,0.96996996996997,0.29429429429429427,0.5385385385385385,0.11989917447274936,0.06453690989178584
Memories of a Promenade II                                                                                                                                                        - Olga Scheps                                     ,0.11011011011011011,0.02344341233230122,0.0,0.020696338985247375,0.0,0.16966966966966968,0.975975975975976,0.8648648648648649,0.36936936936936937,0.5385385385385385,0.2122122122122122,0.03773801197142717
Moments                                                                                                                                                                           - Alexis Ffrench                                  ,0.39539539539539537,0.035035035035035036,0.7217217217217218,0.02487796909275991,1.0,0.3563563563563564,0.984984984984985,0.964964964964965,0.2902902902902903,0.05005005005005005,0.11487245307235681,0.7347720414486965
Avatar (The Theme)                                                                                                                                                                - The Piano Guys                                  ,0.0516962843295638,0.16188737757365207,1.0,0.11930092625892366,1.0,0.2102102102102102,0.8908908908908909,0.9004004004004005,0.8448448448448449,0.5385385385385385,0.19119119119119118,0.3379118442799208
Just the Way You Are                                                                                                                                                              - Andy Stringer                                   ,0.44144144144144143,0.03182194263164259,0.8883883883883883,0.0614115290406719,1.0,0.4069069069069069,0.975975975975976,0.985985985985986,0.23723723723723725,0.5385385385385385,0.18218218218218218,0.3513571983198153
Lumino Forest - Solo Piano Version                                                                                                                                                - Piano Novel                                     ,0.21171171171171171,0.10810810810810811,0.7217217217217218,0.039374653823725625,1.0,0.21521521521521522,0.9404404404404405,0.9294294294294294,0.3278278278278278,0.5385385385385385,0.16316316316316315,0.8310742494588683
Helium - Piano Version                                                                                                                                                            - Sia Furler                                      ,0.27927927927927926,0.046445856518184406,0.3918918918918919,0.06505050344591895,1.0,0.1921921921921922,0.975975975975976,0.8443443443443444,0.5630630630630631,0.5385385385385385,0.14564564564564564,0.7901711035697163
Watermelon Sugar                                                                                                                                                                  - Rewired88                                       ,0.3173173173173173,0.048249027237354095,0.0,0.09149503751935278,1.0,0.4750853480236499,0.943943943943944,0.9874476987447703,0.10765176941647532,0.5385385385385385,0.2272272272272272,0.935997794570607
"Air on the G String from Orchestral Suite No. 3 in D Major, BMV 1068                                                                                                            - Johann Sebastian Bach                           ",0.25875875875875876,0.016936695902701568,0.27127127127127126,0.01390886701297911,1.0,0.4574574574574575,0.9944944944944945,0.9424424424424425,0.13513513513513514,0.5385385385385385,0.07807807807807808,0.006143442010818628
Someone You Loved - Piano Version                                                                                                                                                 - Flying Fingers                                  ,0.42342342342342343,0.16116116116116116,0.16616616616616617,0.18044634999652298,1.0,0.4344344344344344,0.9594594594594594,0.8883883883883883,0.36936936936936937,0.5385385385385385,0.13363363363363362,0.39366865607727486
Bluebird (Solo Piano Version)                                                                                                                                                     - Alexis Ffrench                                  ,0.3533533533533533,0.07307307307307308,0.8883883883883883,0.04950019860098708,1.0,0.4084084084084084,0.9944944944944945,0.8848848848848849,0.25825825825825827,0.05005005005005005,0.17417417417417416,0.8669667299060072
La Javanaise                                                                                                                                                                      - Serge Gainsbourg                                ,0.30930930930930933,0.026102258285267375,0.0,0.03149442580104595,1.0,0.21671671671671672,0.984984984984985,0.914914914914915,0.31931931931931934,0.05005005005005005,0.12962962962962965,0.6211585867966672
Imagine                                                                                                                                                                           - 2CELLOS                                         ,0.3038038038038038,0.05980411101832248,0.0,0.06240192359326358,1.0,0.2327327327327327,0.8472922922922923,0.8443443443443444,0.26412682112163977,0.5385385385385385,0.5387722132471731,0.6318671612789261
Blackbird                                                                                                                                                                         - Elin Porsinger                                  ,0.4274274274274274,0.027205787267706776,0.6341341341341341,0.013190688147701716,1.0,0.43243243243243246,1.0,0.9054054054054055,0.47047047047047047,0.5385385385385385,0.16953200807699859,0.9130096215625108
"Romance for Violin and Piano, Op. 23                                                                                                                                            - Amy Beach                                       ",0.15615615615615616,0.13013013013013014,0.8058058058058057,0.1899612324015506,1.0,0.29979979979979976,0.9324324324324325,0.5469143702662738,0.11911911911911911,0.5385385385385385,0.07324649779312992,0.1293698078638447
"Mazurka in A Minor, Op. 17 No. 4                                                                                                                                                - Frédéric Chopin                                 ",0.04454454454454454,0.003811052332762591,0.8058058058058057,0.0009983165445552975,0.0,0.27877877877877877,0.975975975975976,0.8348348348348348,0.2032032032032032,0.5385385385385385,0.03803803803803804,0.9445644409706095
Moon River                                                                                                                                                                        - 2CELLOS                                         ,0.06606606606606606,0.1413913913913914,0.6341341341341341,0.15479195034175752,1.0,0.34684684684684686,0.9239239239239239,0.9534534534534534,0.3868868868868869,0.05005005005005005,0.09644414247744316,0.06334017974548732
Find You                                                                                                                                                                          - Goldbæk                                         ,0.3433433433433433,0.07307307307307308,0.0,0.04586269147936836,1.0,0.16966966966966968,0.970970970970971,0.8833833833833833,0.1921921921921922,0.5385385385385385,0.10172771048847423,0.10784810761608489
Song on the Beach                                                                                                                                                                 - Arcade Fire                                     ,0.5940940940940941,0.004964737604814227,0.4664664664664665,0.012634856191546915,1.0,0.5735735735735735,0.9564564564564564,0.9424424424424425,0.31931931931931934,0.05005005005005005,0.40040040040040037,0.72679966256812
Lullaby for the Son of a Pianist                                                                                                                                                  - Jorge Grundman                                  ,0.4084084084084084,0.005278948091298986,0.8058058058058057,0.009013673426963093,1.0,0.5485485485485485,0.9804804804804805,0.7912912912912913,0.04062917942654351,0.5385385385385385,0.17917917917917917,0.018975480564282023
All of Me                                                                                                                                                                         - Henry Smith                                     ,0.44994994994994997,0.05651170166712795,0.7217217217217218,0.07236924921502287,1.0,0.37287287287287285,0.970970970970971,0.9874476987447703,0.45545545545545546,0.5385385385385385,0.16616616616616617,0.6334755732467711
Stuck with U - Piano Version                                                                                                                                                      - Flying Fingers                                  ,0.3353353353353353,0.06743204229460865,0.7217217217217218,0.08196678376830777,1.0,0.46396396396396394,0.9804804804804805,0.8763763763763763,0.37887887887887883,0.05005005005005005,0.15615615615615616,0.9064065475240114
May it Be                                                                                                                                                                         - 2CELLOS                                         ,0.05905905905905906,0.15415415415415415,0.6341341341341341,0.14602373998405488,1.0,0.3818818818818819,0.8888888888888888,0.8713713713713713,0.4244244244244244,0.5385385385385385,0.03903903903903904,0.06746315685995442
A Song For Him                                                                                                                                                                    - Henrietta Smith-Rolla                           ,0.31431431431431434,0.01255244681901505,0.7217217217217218,0.02729330100857262,1.0,0.43243243243243246,0.9944944944944945,0.8703703703703705,0.0993537964458804,0.05005005005005005,0.011417658371595946,0.5013551862435662
Savage Love - Laxed - Siren Beat [Piano Version]                                                                                                                                  - Flying Fingers                                  ,0.4109109109109109,0.044724891752032946,0.3383383383383384,0.044302068584642765,1.0,0.4369369369369369,0.9804804804804805,0.9319319319319319,0.7107107107107107,0.5385385385385385,0.07171492921492921,0.5530511564616071
Wake Me Up                                                                                                                                                                        - Andy Stringer                                   ,0.4084084084084084,0.050050050050050046,0.27127127127127126,0.07143579317631049,1.0,0.578078078078078,0.9674674674674675,0.9504504504504505,0.2502502502502503,0.5385385385385385,0.29979979979979976,0.06440778339220345
"Trois Gymnopédies: lll. ""Lent et grave""                                                                                                                                       - Erik Satie                                      ",0.5215215215215215,0.00931577058328731,0.8058058058058057,0.0019793253809694718,0.0,0.8538538538538538,1.0,0.9784784784784785,0.0894845022958902,0.05005005005005005,0.4674674674674675,0.060831669272925215
Because of You                                                                                                                                                                    - Andy Stringer                                   ,0.46146146146146144,0.06237173917782283,0.7217217217217218,0.08888207877369804,1.0,0.4750853480236499,0.9564564564564564,0.9679679679679679,0.3353353353353353,0.5385385385385385,0.14564564564564564,0.8049117372039575
"Pavane, Op. 50 (Arr. for Saxophone and Orchestra)                                                                                                                               - Gabriel Fauré                                   ",0.06299576887812183,0.08108108108108109,0.5445445445445445,0.1251351197486752,0.0,0.27127127127127126,0.9284284284284283,0.8903903903903905,0.3278278278278278,0.5385385385385385,0.044044044044044044,0.48052711442662843
Take Me to Church                                                                                                                                                                 - Andy Stringer                                   ,0.36686686686686687,0.0940940940940941,0.3918918918918919,0.10638167623392983,0.0,0.5315315315315315,0.9539539539539539,0.9234234234234233,0.3963963963963964,0.5385385385385385,0.24574574574574576,0.5632819519707698
"4 Impromptus, Op. 90, D. 899: No. 3 in G-Flat Major                                                                                                                             - Franz Schubert                                  ",0.018411254353055375,0.007366891242630887,0.5445445445445445,0.003243538931421517,1.0,0.1991991991991992,0.975975975975976,0.8788788788788788,0.16316316316316315,0.5385385385385385,0.06834523383819159,0.02005829050831232
"Gavotte                                                                                                                                                                           - Joseph Hellmesberger, Jr.                     ",0.24724724724724725,0.06035937455129614,0.8058058058058057,0.03244194413213594,1.0,0.26226226226226224,0.9254254254254255,0.8018018018018018,0.3128128128128128,0.5385385385385385,0.31873044255699595,0.8094037572601799
The Scientist                                                                                                                                                                     - Elin Porsinger                                  ,0.4964964964964965,0.03221892177116057,0.4664664664664665,0.008630164042279235,1.0,0.3758758758758759,1.0,0.9784784784784785,0.36936936936936937,0.5385385385385385,0.14214214214214213,0.08664559646023223
Chandelier                                                                                                                                                                        - Beloved Melodies                                ,0.2982982982982983,0.011468395760725765,0.8883883883883883,0.024754241661119322,0.0,0.4194194194194194,0.9894894894894894,0.97997997997998,0.49199199199199195,0.5385385385385385,0.3053053053053053,0.058358786472603404
"Liebestraum No. 3 in A-Flat Major, S. 541/3                                                                                                                                     - Franz Liszt                                     ",0.34734734734734735,0.055478371267844946,0.7217217217217218,0.06694986316037844,1.0,0.27877877877877877,0.970970970970971,0.9424424424424425,0.3278278278278278,0.05005005005005005,0.01778330054192121,0.3103075192808865
Flicker                                                                                                                                                                           - The Piano Guys                                  ,0.07707707707707707,0.04277098417626432,0.3383383383383384,0.11832306604381228,1.0,0.2977977977977978,0.975975975975976,0.7796705742603484,0.3433433433433434,0.05005005005005005,0.18018018018018017,0.025060604564909286
Chi No Oto (Solo Piano Version)                                                                                                                                                   - Francesco Tristano                              ,0.37037037037037035,0.05532063426800268,0.0,0.05613866348086239,0.0,0.26226226226226224,0.9804804804804805,0.95995995995996,0.3868868868868869,0.5385385385385385,0.06706706706706707,0.046018790563577286
A Million Dreams                                                                                                                                                                  - Benj Pasek                                      ,0.5460460460460461,0.12729779322638443,0.8883883883883883,0.07906638995627838,1.0,0.31931931931931934,0.9564564564564564,0.9259259259259259,0.3963963963963964,0.5385385385385385,0.28928928928928926,0.7956916335695707
Rather Be                                                                                                                                                                         - Beloved Melodies                                ,0.36186186186186187,0.009910933531688485,0.7217217217217218,0.01353934759681978,0.0,0.46396396396396394,0.9944944944944945,0.9769769769769769,0.521021021021021,0.5385385385385385,0.3134190591665973,0.43048776415711903
"Liebestraum, S. 541, No. 3                                                                                                                                                      - Franz Liszt                                     ",0.1816816816816817,0.02706506112078868,0.7217217217217218,0.033023218329045326,1.0,0.26976976976976974,0.9564564564564564,0.9554554554554555,0.28128128128128127,0.5385385385385385,0.01901901901901902,0.9273030699245539
Earthquakes                                                                                                                                                                       - Rewired88                                       ,0.2819063004846527,0.10271774664838247,0.8883883883883883,0.12843418329800288,1.0,0.56006006006006,0.950950950950951,0.9554554554554555,0.5025025025025025,0.5385385385385385,0.36536536536536535,0.034603256276414474
Curious                                                                                                                                                                           - Hauschka                                        ,0.3183183183183183,0.020379312214397097,0.0,0.05244030730976443,1.0,0.40954084519301914,0.984984984984985,0.914914914914915,0.3963963963963964,0.05005005005005005,0.17617617617617617,0.02757695500550443
Another Hike                                                                                                                                                                      - Hauschka                                        ,0.4574574574574575,0.17461644693355938,0.0,0.1202821742706079,1.0,0.25625625625625625,0.9634634634634635,0.8373373373373374,0.4629629629629629,0.5385385385385385,0.16316316316316315,0.5528716590543474
Chopin Nocturne                                                                                                                                                                   - Marcin                                          ,0.25875875875875876,0.12462462462462463,0.5445445445445445,0.17223310753961968,1.0,0.14764764764764765,0.8838838838838838,0.8508508508508509,0.4074074074074074,0.05005005005005005,0.10313212937544704,0.015386214775944313
Exhale                                                                                                                                                                            - Alexis Ffrench                                  ,0.13763763763763764,0.09309309309309309,0.6341341341341341,0.08205487785279002,1.0,0.29979979979979976,0.9634634634634635,0.8903903903903905,0.4244244244244244,0.5385385385385385,0.36436436436436437,0.9282541141161141
Órói                                                                                                                                                                              - Hugar                                           ,0.06406406406406406,0.08158158158158157,0.4664664664664665,0.02951900125850101,0.0,0.2127127127127127,0.8313313313313313,0.8968968968968969,0.2807807807807808,0.05005005005005005,0.03003003003003003,0.5139472678639664
"4 Impromptus, Op. 90, D. 899: No. 3 in G-flat major                                                                                                                             - Franz Schubert                                  ",0.019669199821189084,0.003297914494883963,0.5445445445445445,0.004478797966293527,1.0,0.2102102102102102,0.975975975975976,0.9364364364364364,0.4074074074074074,0.5385385385385385,0.09388723892217435,0.013467708132096072
"La campanella in G-Sharp Minor (From ""Grandes études de Paganini"", S. 141 / 3)                                                                                                - Franz Liszt                                     ",0.21171171171171171,0.15999999999999992,0.7217217217217218,0.05311674619821295,0.0,0.20370370370370372,0.8948948948948949,0.8803803803803805,0.14114114114114115,0.5385385385385385,0.5925925925925926,0.13745446061166547
Connected Colors - Solo Piano Version                                                                                                                                             - Piano Novel                                     ,0.09109109109109109,0.04547054041786357,0.3383383383383384,0.03497972350102341,0.0,0.40540540540540543,0.9804804804804805,0.9734734734734735,0.44494494494494496,0.5385385385385385,0.12612612612612611,0.5490965803602371
"Serse, HWV 40: Ombra mai fu (Arr. for Piano)                                                                                                                                    - George Frideric Handel                          ",0.2927927927927928,0.0326259774020968,0.7217217217217218,0.04188789193760567,1.0,0.12762762762762764,0.9944944944944945,0.8583583583583583,0.45545545545545546,0.05005005005005005,0.24824824824824826,0.02170247345309233
And We Will Shine                                                                                                                                                                 - Dirk Maassen                                    ,0.12312312312312312,0.0693010089620259,0.4664664664664665,0.07195777438498702,1.0,0.4574574574574575,0.9674674674674675,0.958958958958959,0.35235235235235235,1.0,0.16316316316316315,0.03219825975362143
"The Well-Tempered Clavier, Book I: Prelude No. 23 in B Major, BWV 868                                                                                                           - Johann Sebastian Bach                           ",0.050883383383383364,0.03914900723702519,0.7217217217217218,0.007745019344772579,0.0,0.3993993993993994,0.9944944944944945,0.8678678678678678,0.3868868868868869,0.5385385385385385,0.31431431431431434,0.888376520410963
"Suite Bergamasque, L. 75: III. Clair de lune                                                                                                                                    - Claude Debussy                                  ",0.2072072072072072,0.006151800819686861,0.16616616616616617,0.009661779415242107,1.0,0.47147147147147145,0.984984984984985,0.9464464464464464,0.058058058058058054,0.005005005005005005,0.036036036036036036,0.02304270192881092
"Symphony No. 4 in A Major, Op. 90 ""Italian"": III. Con moto moderato                                                                                                           - Felix Mendelssohn                               ",0.1026026026026026,0.1041041041041041,0.8058058058058057,0.10108796273626573,1.0,0.25075075075075076,0.9183001070377305,0.8247072160499723,0.575075075075075,0.05005005005005005,0.15165165165165168,0.7205123389636041
In Your Eyes - Piano Version                                                                                                                                                      - Flying Fingers                                  ,0.44144144144144143,0.03622428774431011,0.6341341341341341,0.05020220381416062,0.0,0.5159578572986394,0.970970970970971,0.9294294294294294,0.3868868868868869,0.5385385385385385,0.19569569569569567,0.10325833620075318
Reborn (Solo Piano Version)                                                                                                                                                       - Alexis Ffrench                                  ,0.33183183183183185,0.1031031031031031,0.0,0.07503597531103094,1.0,0.15165165165165165,0.984984984984985,0.8521809369951533,0.15115115115115116,0.5385385385385385,0.2471628365303892,0.2989257063331137
"Nocturne No. 1 in B-Flat Minor, Op. 9 No. 1                                                                                                                                     - Frédéric Chopin                                 ",0.27427427427427425,0.016299302134996186,0.16616616616616617,0.023071350289877456,1.0,0.2277277277277277,0.984984984984985,0.8788788788788788,0.27127127127127126,0.5385385385385385,0.02761630221854147,0.02033191367625074
At Last                                                                                                                                                                           - Alexis Ffrench                                  ,0.22122122122122123,0.08708708708708708,0.16616616616616617,0.08715188713748553,1.0,0.26226226226226224,0.944944944944945,0.9824824824824825,0.4629629629629629,0.005005005005005005,0.2782782782782783,0.07484900808946963
Sapphires                                                                                                                                                                         - Rewired88                                       ,0.36186186186186187,0.1061061061061061,0.0,0.09509724938649028,1.0,0.5325325325325325,0.9404404404404405,0.8633633633633633,0.2042042042042042,0.5385385385385385,0.13563563563563563,0.6087893611915167
Talking to my Father                                                                                                                                                              - Hauschka                                        ,0.4069069069069069,0.024794610278481243,0.8058058058058057,0.08194476024718718,0.0,0.44244244244244246,0.9464464464464464,0.8778778778778779,0.36036036036036034,0.05005005005005005,0.16116116116116116,0.6027843769883012
"Minuet in E Major, D. 335                                                                                                                                                       - Franz Schubert                                  ",0.43793793793793795,0.010651706858927293,0.3918918918918919,0.004900504254814777,1.0,0.46146146146146144,0.9804804804804805,0.8458458458458459,0.5405405405405406,0.5385385385385385,0.2907907907907908,0.0035897581795267665
"Deborah's Theme (From ""Once upon a Time in America"")                                                                                                                          - Ennio Morricone                                 ",0.2782782782782783,0.00043308963763509213,0.3918918918918919,0.00637433179104335,1.0,0.7217217217217217,0.9944944944944945,0.9574574574574575,0.44994994994994997,0.05005005005005005,0.3073073073073073,0.008675994277918792
Planet Unknown - Solo Piano Version                                                                                                                                               - Piano Novel                                     ,0.3103103103103103,0.06924885772343399,0.8883883883883883,0.04763049152960537,0.0,0.35235235235235235,0.9324324324324325,0.97997997997998,0.3433433433433434,0.05005005005005005,0.04054054054054054,0.8392104604770625
"Piano Sonata in B Minor, S. 178: II. Andante sostenuto                                                                                                                          - Franz Liszt                                     ",0.34734734734734735,0.04277098417626432,0.5445445445445445,0.06515448621209444,1.0,0.30230230230230226,0.9564564564564564,0.9004004004004005,0.5665665665665666,0.05005005005005005,0.06850528505458083,0.09432895671991112
Fairytail                                                                                                                                                                         - Phoria                                          ,0.04604604604604605,0.0970970970970971,0.4664664664664665,0.0880279852604753,1.0,0.35985985985985985,0.8798798798798799,0.995995995995996,0.7517517517517518,0.05005005005005005,0.00288785496550618,0.738895086188811
Moon                                                                                                                                                                              - Anna Phoebe                                     ,0.1816816816816817,0.13013013013013014,0.6341341341341341,0.15029314802107074,0.0,0.10960960960960961,0.8868868868868869,0.9319319319319319,0.4764764764764765,0.5385385385385385,0.18218218218218218,0.14047772471985193
"Handel Sarabande Variation (Arr. for Piano from Sarabande, HWV 437)                                                                                                             - George Frideric Handel                          ",0.3813813813813814,0.0007857199618563254,0.16616616616616617,0.0010640186584310418,1.0,0.4944944944944945,0.9944944944944945,0.8803803803803805,0.521021021021021,0.5385385385385385,0.5615615615615616,0.04249641867613422
Sugar Land                                                                                                                                                                        - Davide Locatelli                                ,0.2857857857857858,0.15480371570011062,0.8058058058058057,0.14589956882653138,1.0,0.2277277277277277,0.9464464464464464,0.9384384384384384,0.5115115115115114,0.5385385385385385,0.1041041041041041,0.0724979005200096
7 Years                                                                                                                                                                           - Henry Smith                                     ,0.5215215215215215,0.10859003581895148,0.8883883883883883,0.1370743151806899,1.0,0.4394394394394394,0.970970970970971,0.9504504504504505,0.1891891891891892,0.5385385385385385,0.4144144144144144,0.4834502449071892
Hurt                                                                                                                                                                              - 2CELLOS                                         ,0.3108108108108108,0.12562562562562563,0.8058058058058057,0.20880937743971614,0.0,0.26626626626626626,0.8928928928928929,0.9054054054054055,0.3963963963963964,0.5385385385385385,0.3663663663663664,0.05585960025755482
Jasper's Way                                                                                                                                                                      - Tony Calabro                                    ,0.4109109109109109,0.08158158158158157,0.6341341341341341,0.060221596684073495,1.0,0.6825437506471986,0.933933933933934,0.8150209032561972,0.4074074074074074,0.5385385385385385,0.21521521521521522,0.9848010230254376
It's a Long Way to Happiness                                                                                                                                                      - Alban Claudin                                   ,0.14164164164164164,0.057057057057057055,0.7217217217217218,0.07266514286865197,1.0,0.17717717717717718,0.9634634634634635,0.8478478478478478,0.8883883883883883,0.05005005005005005,0.11615605951889137,0.8911344983089563
August Sings                                                                                                                                                                      - Pieter de Graaf                                 ,0.24724724724724725,0.07607607607607608,0.0,0.03748985336680415,0.0,0.021521521521521522,0.9594594594594594,0.9214214214214214,0.5560560560560561,0.5385385385385385,0.2172172172172172,0.0550386352496608
Ró                                                                                                                                                                                - Hugar                                           ,0.44744744744744747,0.015263782823726403,0.4664664664664665,0.011784142770504961,0.0,0.3138138138138138,0.9464464464464464,0.8558558558558559,0.23323323323323322,0.5385385385385385,0.2727727727727728,0.46157927128968185
"Juli, Juli                                                                                                                                                                      - Dirk Maassen                                    ",0.07917016197270975,0.037100191674324164,0.4664664664664665,0.07986851860991485,0.0,0.3993993993993994,0.9160036749077841,0.8948948948948949,0.24024024024024024,0.05005005005005005,0.025043707754906153,0.024989646311054256
Shape of You                                                                                                                                                                      - Henry Smith                                     ,0.4129667361374678,0.09009009009009009,0.16616616616616617,0.0771334154096228,0.0,0.27127127127127126,0.970970970970971,0.980980980980981,0.4169169169169169,0.5385385385385385,0.3793793793793794,0.8797732876588802
"Pavane, Op. 50                                                                                                                                                                  - Gabriel Fauré                                   ",0.2912912912912913,0.04019891703039213,0.5445445445445445,0.039995815678740776,0.0,0.05855855855855856,0.9384384384384384,0.8848848848848849,0.4169169169169169,0.5385385385385385,0.3319870759289177,0.8256490127446082
"Nocturne No. 8 in D-Flat Major, Op. 27 No. 2                                                                                                                                    - Frédéric Chopin                                 ",0.2902902902902903,0.013155783731750359,0.16616616616616617,0.023578303440727887,1.0,0.25075075075075076,0.9894894894894894,0.9279279279279279,0.3128128128128128,0.5385385385385385,0.058645142206786044,0.02808604343336869
Moves Like Jagger                                                                                                                                                                 - Beloved Melodies                                ,0.32732732732732733,0.029295738213800687,1.0,0.03233226975536059,0.0,0.5105105105105106,0.9674674674674675,0.9424424424424425,0.15390390390390388,0.5385385385385385,0.08174896478026626,0.5555740365986257
Grey Light                                                                                                                                                                        - Francesco Tristano                              ,0.33270770770770774,0.02002002002002002,0.6341341341341341,0.06305512229945795,0.0,0.5115115115115115,0.9384384384384384,0.9094094094094094,0.23969078969078975,0.5385385385385385,0.14714714714714713,0.5032735642153409
Armellodie                                                                                                                                                                        - Olga Scheps                                     ,0.3933933933933934,0.00737637387045671,0.27127127127127126,0.027422297896522698,1.0,0.5005005005005005,0.9674674674674675,0.9669669669669669,0.3013013013013013,0.5385385385385385,0.07232684914213577,0.02686155732588348
Cornfield Chase - Piano-Cello Version                                                                                                                                             - Hans Zimmer                                     ,0.2702702702702703,0.12916254425688387,0.8058058058058057,0.10991394160491523,0.0,0.16716716716716717,0.9404404404404405,0.8443443443443444,0.5115115115115114,0.05005005005005005,0.13563563563563563,0.28850347651293134
Song About Em                                                                                                                                                                     - Emmy Lindström                                  ,0.03203203203203203,0.05579384526752947,0.0,0.05693781438302883,0.0,0.27877877877877877,0.9219219219219219,0.8443443443443444,0.23023023023023023,0.05005005005005005,0.029029029029029027,0.019283471516967368
I Have Nothing                                                                                                                                                                    - David Schultz                                   ,0.2912912912912913,0.054255030976660464,0.6341341341341341,0.08887134800859448,1.0,0.35785785785785784,0.9594594594594594,0.9614614614614614,0.31931931931931934,0.05005005005005005,0.2272272272272272,0.876904509486158
"Piano Sonata No. 14 (quasi una Fantasia) in C-Sharp Minor, Op. 27 No.2 ""Moonlight"": I. Adagio sostenuto                                                                       - Ludwig van Beethoven                            ",0.06606606606606606,0.004006948728847887,0.16616616616616617,0.0014716000850814271,0.0,0.3123123123123123,0.984984984984985,0.8923923923923924,0.5115115115115114,0.5385385385385385,0.08343229982467396,0.014871576422637096
"6 Impromptus, Op. 5: Impromptu VI                                                                                                                                               - Jean Sibelius                                   ",0.3893893893893894,0.006628947482642387,0.3918918918918919,0.003956839568821946,1.0,0.5065065065065065,0.9944944944944945,0.8693693693693694,0.1091091091091091,0.5385385385385385,0.044044044044044044,0.004704043392833358
L'histoire                                                                                                                                                                        - Subsona                                         ,0.026026026026026026,0.13552976812645323,0.3918918918918919,0.15208553939789593,0.0,0.3053053053053053,0.8833811186752363,0.9669669669669669,0.3278278278278278,0.05005005005005005,0.0869745575221239,0.905653178393891
Damunt de tu Només les flors                                                                                                                                                      - Federico Mompou                                 ,0.1816816816816817,0.013316220118722924,0.4664664664664665,0.024160984488893904,0.0,0.26626626626626626,0.9944944944944945,0.9424424424424425,0.25929500929500937,0.05005005005005005,0.03203203203203203,0.03097779233033284
drivers license - Piano Version                                                                                                                                                   - Octavien X                                      ,0.3213213213213213,0.022936830484000297,0.8883883883883883,0.03980523192777023,1.0,0.33933933933933935,0.9594594594594594,0.8923923923923924,0.25225225225225223,0.5385385385385385,0.036036036036036036,0.7909599090912588
La lutte                                                                                                                                                                          - MAGUIRE                                         ,0.0031525564937053816,0.0682129862081624,0.16616616616616617,0.07704034915529082,1.0,0.23023023023023023,0.8529886914378031,0.9259259259259259,0.37887887887887883,0.5385385385385385,0.05251128631576216,0.050781683361093295
Woke Up Wandering                                                                                                                                                                 - Pieter de Graaf                                 ,0.3778243617578798,0.07207207207207207,0.5445445445445445,0.05415163475966155,1.0,0.4944944944944945,0.9894894894894894,0.9754754754754755,0.6481481481481481,0.05005005005005005,0.14314314314314314,0.2279360600131121
"Time (From ""Inception"")                                                                                                                                                       - Hans Zimmer                                     ",0.3733733733733734,0.008132704451722855,0.6341341341341341,0.02612360087538881,1.0,0.6561713854132629,0.9894894894894894,0.9294294294294294,0.21771771771771767,0.5385385385385385,0.24424424424424424,0.03306653343079898
"Lob der Frauen, Polka Mazurka, Op. 315                                                                                                                                          - Johann Strauss II                               ",0.2609547047047047,0.01109640604705002,0.27127127127127126,0.027946347753819892,1.0,0.2817817817817818,0.92992992992993,0.7533435231180742,0.8048048048048048,0.05005005005005005,0.3013013013013013,0.5979298953435793
"Drei Intermezzi, Op. 117: I. Andante moderato                                                                                                                                   - Johannes Brahms                                 ",0.2552552552552553,0.0023203870526957845,0.3383383383383384,0.0026786855310717713,1.0,0.47647647647647645,0.9944944944944945,0.9824824824824825,0.23723723723723725,0.05005005005005005,0.15315315315315314,0.0427717647576746
"Beau Soir, L. 6                                                                                                                                                                 - Claude Debussy                                  ",0.08708708708708708,0.01939675132195908,0.5445445445445445,0.028111030491551288,0.0,0.2932932932932933,0.9594594594594594,0.96996996996997,0.0980980980980981,0.5385385385385385,0.03803803803803804,0.15834061327468082
Kiss the Rain                                                                                                                                                                     - Yiruma                                          ,0.53003003003003,0.06815415921833945,0.7217217217217218,0.09295407033215301,1.0,0.48535564853556457,0.970970970970971,0.8583583583583583,0.572072072072072,0.5385385385385385,0.25725725725725723,0.4359474784734219
"Piano Sonata No. 5 in G Major, K. 283: I. Allegro                                                                                                                               - Wolfgang Amadeus Mozart                         ",0.3933933933933934,0.07003112630231274,0.27127127127127126,0.04699498880548008,1.0,0.3338338338338338,0.984984984984985,0.9189189189189189,0.2827827827827828,0.05005005005005005,0.6166166166166166,0.45442091935066975
If I Ain't Got You                                                                                                                                                                - Henry Smith                                     ,0.2882882882882883,0.069874672586537,0.4664664664664665,0.11070445118338039,1.0,0.36186186186186187,0.9804804804804805,0.9919126499771663,0.31931931931931934,0.05005005005005005,0.23623623623623624,0.38451087088381064
I Giorni                                                                                                                                                                          - Lavinia Meijer                                  ,0.27927927927927926,0.08886268142658538,0.27127127127127126,0.04280359454902152,1.0,0.5405405405405406,0.9674674674674675,0.9504504504504505,0.31931931931931934,0.05005005005005005,0.08154303397301749,0.8751941153325761
Sunset Monet                                                                                                                                                                      - Hauschka                                        ,0.10560560560560561,0.1061061061061061,0.0,0.056338451206404024,1.0,0.20370370370370372,0.8070643133840163,0.964964964964965,0.2982982982982983,0.05005005005005005,0.05309235615984082,0.0009917648999074249
Night Time Peace                                                                                                                                                                  - Zimerman Orchestra                              ,0.0050001283844990346,0.06651995819103768,0.27127127127127126,0.06609496099433552,0.0,0.2952952952952953,0.9594594594594594,0.93993993993994,0.23165553096348948,0.5385385385385385,0.06159331206206207,0.07626048525299907
Sadness - Carlos Cipa Rework                                                                                                                                                      - Masayoshi Fujita                                ,0.045545545545545546,0.028874990937727017,0.3918918918918919,0.011012528297653574,1.0,0.3088088088088088,0.9364364364364364,0.9504504504504505,0.6061061061061062,0.005005005005005005,0.022022022022022022,0.2792925894950917
"Piano Sonata No. 13 in A Major, D. 664: II. Andante                                                                                                                             - Franz Schubert                                  ",0.316602521034258,0.003041345575944649,0.27127127127127126,0.005805946953428412,1.0,0.4134134134134134,0.9944944944944945,0.988988988988989,0.11911911911911911,0.005005005005005005,0.09056969026548672,0.2536057763811892
Première Gymnopédie                                                                                                                                                               - Erik Satie                                      ,0.4984984984984985,0.009910933531688485,0.6341341341341341,0.004945300893522156,1.0,0.7311585762610818,0.9944944944944945,0.9384384384384384,0.14114114114114115,0.5385385385385385,0.34634634634634637,0.33731690171648876
Candle in the Wind                                                                                                                                                                - 2CELLOS                                         ,0.05905905905905906,0.07257257257257257,0.27127127127127126,0.11121169639171259,1.0,0.35485485485485485,0.9134134134134133,0.7927927927927928,0.6891891891891893,0.5385385385385385,0.09919653893695919,0.430342108004309
A Game of Badminton (feat. Jack Liebeck)                                                                                                                                          - Dario Marianelli                                ,0.32232232232232233,0.005551594809314119,0.6341341341341341,0.011556228175321098,0.0,0.5913105329951983,0.9894894894894894,0.9094094094094094,0.18618618618618618,0.005005005005005005,0.43993993993993996,0.7932270498001217
Concierto de Aranjuez: II. Adagio [Excerpt]                                                                                                                                       - Joaquín Rodrigo                                 ,0.1896896896896897,0.026102258285267375,1.0,0.025027259016300603,0.0,0.2857857857857858,0.9019019019019019,0.9719719719719719,0.5965965965965966,0.5385385385385385,0.09111152514611243,0.04446514927402725
Adrift Together                                                                                                                                                                   - Subsona                                         ,0.21571571571571574,0.11711711711711711,0.6341341341341341,0.13254176112933885,1.0,0.04854854854854855,0.7889874379743271,0.985985985985986,0.22672672672672672,0.5385385385385385,0.33983983983983984,0.9798073852402843
My Heart Will Go On                                                                                                                                                               - RPM (Relaxing Piano Music)                      ,0.5185185185185185,0.07607607607607608,0.3918918918918919,0.09359955206774119,1.0,0.5175175175175175,0.9564564564564564,0.9634634634634635,0.1931931931931932,0.5385385385385385,0.3013013013013013,0.4129915838629423
Suite for Variety Orchestra: Waltz 2 (Arr. for 12 Cellos)                                                                                                                         - Dmitri Shostakovich                             ,0.17967967967967968,0.051432100206392085,0.0,0.05488419715828014,0.0,0.1046046046046046,0.8820678513731828,0.9679679679679679,0.4074074074074074,0.5385385385385385,0.42492492492492495,0.16943845746166514
Let Her Go                                                                                                                                                                        - Henry Smith                                     ,0.4264264264264264,0.1136136136136136,0.6341341341341341,0.11613983731228894,1.0,0.37987987987987987,0.975975975975976,0.9754754754754755,0.516016016016016,0.5385385385385385,0.17417417417417416,0.794203697984891
Hide and Seek                                                                                                                                                                     - Pieter de Graaf                                 ,0.12712712712712712,0.11811811811811812,0.8883883883883883,0.044695889564005324,0.0,0.26626626626626626,0.9160036749077841,0.8108108108108109,0.7782782782782782,0.5385385385385385,0.2852852852852853,0.7709593268696929
"Sonata in A Minor, K.109: Adagio                                                                                                                                                - Domenico Scarlatti                              ",0.39539539539539537,0.03096422268570512,0.8058058058058057,0.02181357396542411,0.0,0.25425425425425424,0.9944944944944945,0.9094094094094094,0.16082749416082748,0.5385385385385385,0.1941941941941942,0.2671427918538426
Sunrise in Montmartre                                                                                                                                                             - Henry Smith                                     ,0.3505608375173591,0.10058113544926238,0.8883883883883883,0.10953769191845662,1.0,0.3838838838838839,0.9674674674674675,0.98998998998999,0.3433433433433434,0.5385385385385385,0.3173173173173173,0.028818486508572504
Free Fallin'                                                                                                                                                                      - Henry Smith                                     ,0.4224224224224224,0.021289219970176278,0.4664664664664665,0.07116030309395346,1.0,0.3973973973973974,0.984984984984985,0.9967467467467467,0.3963963963963964,0.5385385385385385,0.1971971971971972,0.7704286957383322
"2 Stücke, Op. 16: I. Romanze (Quasi adagio)                                                                                                                                     - Leone Sinigaglia                                ",0.07107107107107107,0.025490060193309624,1.0,0.04801352136048795,0.0,0.30230230230230226,0.9674674674674675,0.9054054054054055,0.18336316612178682,0.5385385385385385,0.11905620442205808,0.0710731339672877
"Piano Sonata No. 28 in A Major, Op. 101: I. Etwas lebhaft und mit der innigsten Empfindung                                                                                      - Ludwig van Beethoven                            ",0.33891213389121405,0.010545874153975647,0.3918918918918919,0.01603928334094056,1.0,0.6491491491491491,0.9894894894894894,0.9504504504504505,0.1849790967438026,0.05005005005005005,0.0957259303209341,0.006073128861620517
"Liebestraum, S. 541, No. 3                                                                                                                                                      - Franz Liszt                                     ",0.09109109109109109,0.030322477137814854,0.3383383383383384,0.03159539510637713,1.0,0.32432432432432434,0.9464464464464464,0.9074074074074074,0.96996996996997,0.05005005005005005,0.024529329733978554,0.04197509140278354
Prelude in G Minor                                                                                                                                                                - Yiruma                                          ,0.26726726726726724,0.059709619853246416,0.6341341341341341,0.0786997745217686,0.0,0.12462462462462463,0.975975975975976,0.9424424424424425,0.5115115115115114,0.5385385385385385,0.12712712712712712,0.037050932126205555
Someone Like You                                                                                                                                                                  - Henry Smith                                     ,0.4811715481171552,0.07678030142818874,0.8058058058058057,0.12263673076311717,1.0,0.34984984984984985,0.975975975975976,0.944944944944945,0.29156765461113293,0.5385385385385385,0.11144122846250507,0.7660601437822486
Reborn                                                                                                                                                                            - Alexis Ffrench                                  ,0.47097097097097096,0.1046046046046046,0.0,0.08557255275596119,1.0,0.09259259259259259,0.975975975975976,0.9824824824824825,0.5445445445445445,0.5385385385385385,0.28428428428428426,0.300539617870391
My Edward and I (feat. Jack Liebeck)                                                                                                                                              - Dario Marianelli                                ,0.009269438875595507,0.04203320318110605,0.4664664664664665,0.03621813429028393,1.0,0.4084084084084084,0.9384384384384384,0.707623550133911,0.23823823823823823,0.05005005005005005,0.025043707754906153,0.014259494607701154
Ambre                                                                                                                                                                             - Nils Frahm                                      ,0.1881881881881882,0.02073860440877418,0.16616616616616617,0.01034832131097623,1.0,0.36536536536536535,0.984984984984985,0.97997997997998,0.3353353353353353,0.05005005005005005,0.5965965965965966,0.8400439253355529
Daughter of Evening                                                                                                                                                               - Henry Smith                                     ,0.16916916916916916,0.12012012012012012,0.5445445445445445,0.10221444084672848,0.0,0.5360360360360361,0.9059059059059059,0.985985985985986,0.35235235235235235,0.05005005005005005,0.3319870759289177,0.9098902657214128
"Symphony No. 3 in A Minor, Op. 56 ""Scottish"" (Remastered): II. Vivace non troppo                                                                                              - Felix Mendelssohn                               ",0.3743743743743744,0.14967993471178187,0.4664664664664665,0.10909205827513192,1.0,0.40540540540540543,0.8848848848848849,0.9279279279279279,0.19792819134924391,0.5385385385385385,0.5655655655655656,0.6375155378261845
"Slavonic Dance for Four Hands in E Minor, Op. 72/2: Dumka (Allegretto grazioso)                                                                                                 - Antonín Dvořák                                  ",0.3028028028028028,0.03426711694629783,0.0,0.037292659158679756,1.0,0.17467467467467468,0.9894894894894894,0.8713713713713713,0.3868868868868869,0.05005005005005005,0.1841841841841842,0.049823951251879474
"Partita No. 6 in E Minor, BWV 830: IV. Air                                                                                                                                      - Johann Sebastian Bach                           ",0.32682682682682684,0.0608351345779387,0.3918918918918919,0.015238655605791122,0.0,0.2727727727727728,0.9894894894894894,0.8278278278278278,0.516016016016016,0.5385385385385385,0.6172381206563929,0.8333042772311906
Prelude in B Minor                                                                                                                                                                - Johann Sebastian Bach                           ,0.037037037037037035,0.034693738106707395,1.0,0.017916934826603642,0.0,0.13863863863863862,0.9404404404404405,0.9234234234234233,0.12112112112112113,0.5385385385385385,0.09029314159292036,0.03883426721972939
A World                                                                                                                                                                           - Annelie                                         ,0.2882882882882883,0.021426620354897355,0.3383383383383384,0.021088650455515053,0.0,0.35985985985985985,0.9804804804804805,0.8983983983983983,0.36036036036036034,0.5385385385385385,0.10721714792717466,0.44938887055580273
Destination Unknown                                                                                                                                                               - Hauschka                                        ,0.27627627627627627,0.059051677992432036,0.8058058058058057,0.08256469833665699,0.0,0.17717717717717718,0.914914914914915,0.9981356896464809,0.23523523523523523,0.05005005005005005,0.035035035035035036,0.7585434638495863
Deux Arabesques: No. 1                                                                                                                                                            - Claude Debussy                                  ,0.2132132132132132,0.013957965666613188,0.8058058058058057,0.01881514801721673,1.0,0.1866866866866867,0.970970970970971,0.9364364364364364,0.2092092092092092,0.5385385385385385,0.09120066759574694,0.029928733237429138
"The Seasons, Op. 37a: IV. April - Snowdrop                                                                                                                                      - Pyotr Ilyich Tchaikovsky                        ",0.23994545392850475,0.014054707656558928,0.6341341341341341,0.008567847223572933,0.0,0.24524524524524524,0.9944944944944945,0.8570314115768659,0.24424424424424424,0.5385385385385385,0.11537699396952684,0.10922504421418838
Home                                                                                                                                                                              - Zimerman Orchestra                              ,0.23423423423423423,0.07457457457457457,0.27127127127127126,0.05439582222586775,0.0,0.18468468468468469,0.8602244242054669,0.9364364364364364,0.24924924924924924,0.5385385385385385,0.10541093752772583,0.077768740317505
Scared to Be Lonely                                                                                                                                                               - RPM (Relaxing Piano Music)                      ,0.5410410410410411,0.057435742477668354,0.3918918918918919,0.07078451373958884,1.0,0.2877877877877878,0.9894894894894894,0.9384384384384384,0.4169169169169169,0.5385385385385385,0.18768768768768768,0.5702739570592881
"Piano Trio No. 3 in C Minor, Op. 101: Andante grazioso                                                                                                                          - Johannes Brahms                                 ",0.22122122122122123,0.007566026426973172,0.0,0.010228915867734991,1.0,0.3208208208208208,0.9324324324324325,0.6865504882224406,0.36936936936936937,0.5385385385385385,0.12712712712712712,0.5760214859559838
"Piano Sonata No. 11 in A Major, K. 331: III. Alla Turca - Allegretto - Remastered                                                                                               - Wolfgang Amadeus Mozart                         ",0.4044044044044044,0.11211211211211211,0.8058058058058057,0.05804801810028828,1.0,0.4344344344344344,0.975975975975976,0.8788788788788788,0.17917917917917917,0.5385385385385385,0.7582582582582583,0.15999521737191488
"Diabelli Variations - 33 Variations on a Waltz by Anton Diabelli, Op. 120: Var. 24 - Fughetta. Andante                                                                          - Ludwig van Beethoven                            ",0.2132132132132132,0.017791789139494786,0.0,0.003633345184272257,1.0,0.37987987987987987,1.0,0.8583583583583583,0.3278278278278278,0.5385385385385385,0.38488488488488487,0.048642828233116484
Until Next Time                                                                                                                                                                   - Henry Smith                                     ,0.29979979979979976,0.11861861861861861,0.6341341341341341,0.12262771346794504,1.0,0.4444444444444444,0.8748748748748749,0.8678678678678678,0.3278278278278278,0.5385385385385385,0.16116116116116116,0.5283938032885811
"Sonata in D Minor, K.32: Aria                                                                                                                                                   - Domenico Scarlatti                              ",0.5255255255255256,0.007044481896552902,0.27127127127127126,0.012954128251250812,0.0,0.6396396396396397,1.0,0.993993993993994,0.05405405405405406,0.5385385385385385,0.5032310177705976,0.39992561138922184
"Stanza BWV 855a ""The Children's Room"" - Re-Recorded Version                                                                                                                   - Johann Sebastian Bach                           ",0.22522522522522523,0.07107107107107107,1.0,0.035648012691815646,0.0,0.46396396396396394,0.9804804804804805,0.9554554554554555,0.23623623623623624,0.5385385385385385,0.02102102102102102,0.05709556826308095
The Rose                                                                                                                                                                          - David Schultz                                   ,0.474974974974975,0.05155911659150577,0.0,0.1094660253115121,1.0,0.582082082082082,0.975975975975976,0.96996996996997,0.37887887887887883,0.5385385385385385,0.2832832832832833,0.6885953641078968
Say Something                                                                                                                                                                     - Henry Smith                                     ,0.35235235235235235,0.048767833981841764,0.27127127127127126,0.11583609362838623,1.0,0.44844844844844844,0.9804804804804805,0.964964964964965,0.49199199199199195,0.05005005005005005,0.13263263263263264,0.8438462355528482
"Étude No. 2 in A-Flat Major from ""Trois Nouvelles Études""                                                                                                                     - Frédéric Chopin                                 ",0.23723723723723725,0.044144049002006545,0.7217217217217218,0.026601687481104867,1.0,0.18018018018018017,0.9894894894894894,0.9019019019019019,0.35235235235235235,0.005005005005005005,0.07676199296238334,0.445751325663694
"Sonata in F Minor, K.183: Allegro                                                                                                                                               - Domenico Scarlatti                              ",0.2652652652652653,0.04243994056126805,0.8883883883883883,0.02227332526777324,0.0,0.3483483483483483,0.9894894894894894,0.9094094094094094,0.138131426016987,0.5385385385385385,0.23823823823823823,0.7336926979525275
Waltz in C Minor (Only for Piano)                                                                                                                                                 - Yiruma                                          ,0.32432432432432434,0.05329566640072954,0.0,0.05268470995781399,0.0,0.5255255255255256,0.984984984984985,0.9169169169169169,0.6481481481481481,0.05005005005005005,0.05382855247885923,0.013953761535253866
A Thousand Miles                                                                                                                                                                  - Henry Smith                                     ,0.25875875875875876,0.0990990990990991,1.0,0.12615760954877847,1.0,0.5085085085085085,0.9594594594594594,0.964964964964965,0.5665665665665666,0.5385385385385385,0.29479479479479476,0.08795143895067783
Relaxing Waltz                                                                                                                                                                    - Zimerman Orchestra                              ,0.0017533205859197047,0.11411411411411411,0.4664664664664665,0.08208815612693077,1.0,0.28378378378378377,0.9089089089089089,0.9614614614614614,0.31931931931931934,0.05005005005005005,0.2752752752752753,0.9957602278527259
Radiate                                                                                                                                                                           - Alexis Ffrench                                  ,0.17267267267267267,0.12012012012012012,0.27127127127127126,0.10934060874935927,1.0,0.1866866866866867,0.948948948948949,0.8326359832635974,0.529029029029029,0.5385385385385385,0.22322322322322322,0.5045349209809525
All By Myself                                                                                                                                                                     - David Schultz                                   ,0.4014014014014014,0.0326259774020968,1.0,0.07794022600388055,0.0,0.5675675675675675,0.970970970970971,0.9669669669669669,0.3433433433433434,0.5385385385385385,0.10979996307293857,0.5018470851804185
"Wiegenlied, Op. 49, No. 4 (Arr. for Cello and Piano) [Brahms Lullaby]                                                                                                           - Johannes Brahms                                 ",0.07257257257257257,0.01026806330347757,0.3383383383383384,0.008505530404866632,1.0,0.46025104602510414,0.9674674674674675,0.7419800884955753,0.3433433433433434,0.05005005005005005,0.26876876876876876,0.004041816101710877
I Will Always Love You                                                                                                                                                            - David Schultz                                   ,0.3588588588588588,0.012779603386679312,0.8058058058058057,0.06687135173696637,1.0,0.5436287936287936,0.9674674674674675,0.958958958958959,0.14014014014014015,0.5385385385385385,0.4089498269249217,0.7178726277907006
Circle Song                                                                                                                                                                       - Francesco Tristano                              ,0.22522522522522523,0.12757457152696566,0.0,0.05795631599457869,1.0,0.06556556556556556,0.9109109109109109,0.9484484484484484,0.23023023023023023,0.005005005005005005,0.1831831831831832,0.7892217142332056
Perfect                                                                                                                                                                           - Henry Smith                                     ,0.31981981981981983,0.05215578945649394,0.7217217217217218,0.08406260401611043,1.0,0.39289289289289286,0.984984984984985,0.985985985985986,0.3433433433433434,0.05005005005005005,0.14914914914914915,0.9154429743344327
Gnossienne No. 1: Lent                                                                                                                                                            - Erik Satie                                      ,0.28428428428428426,0.02073860440877418,0.4664664664664665,0.026051560427952123,0.0,0.5345345345345345,0.9944944944944945,0.8678678678678678,0.35235235235235235,0.05005005005005005,0.06491127999507888,0.024241305283933673
Love Me Like You Do                                                                                                                                                               - Henry Smith                                     ,0.20520520520520522,0.11761761761761762,0.7217217217217218,0.12020896961479179,1.0,0.48648648648648646,0.975975975975976,0.9824824824824825,0.496996996996997,0.5385385385385385,0.09611766516761623,0.9495663279251868
Awaken (feat. Jack Liebeck)                                                                                                                                                       - Dario Marianelli                                ,0.05405405405405406,0.03397139731592517,0.0,0.0978848435145153,0.0,0.3408408408408409,0.9089089089089089,0.9189189189189189,0.23165553096348948,0.5385385385385385,0.02002002002002002,0.051460121653407506
Forest Meditation                                                                                                                                                                 - Henry Smith                                     ,0.16516516516516516,0.04106741951664689,0.27127127127127126,0.037419426863902594,1.0,0.20370370370370372,0.9169169169169169,0.98998998998999,0.7502502502502502,0.5385385385385385,0.062172400801993655,0.0009950805033509466
"Moment Musical, Op. 94, D. 780: No. 3 in F Minor - Live                                                                                                                         - Franz Schubert                                  ",0.46046046046046046,0.06306306306306306,0.4664664664664665,0.025766571800884215,0.0,0.5945945945945946,0.9804804804804805,0.8693693693693694,0.9799129764883191,0.5385385385385385,0.47847847847847846,0.09257672152176648
Too Good at Goodbyes                                                                                                                                                              - Henry Smith                                     ,0.4069069069069069,0.05786852581550986,0.4664664664664665,0.07265418384444347,1.0,0.554760840411265,0.9804804804804805,0.9874476987447703,0.43843843843843844,0.5385385385385385,0.3213213213213213,0.06433918493930034
"Symphony No. 2 in D Major, Op. 73: 交響曲 第2番 ニ長調作品73 第3楽章 アレグレット・グラツィオーゾ(クワジ・アンダンテ)                                                                                          - Johannes Brahms                                 ",0.11611611611611611,0.02324916213805103,0.0,0.01100710996334169,1.0,0.4084084084084084,0.9089089089089089,0.7778048318588857,0.14414414414414414,0.05005005005005005,0.11811811811811812,0.06706351249208396
Yesterday                                                                                                                                                                         - David Schultz                                   ,0.26426426426426425,0.1041041041041041,0.4664664664664665,0.13110395477803688,1.0,0.5565565565565566,0.944944944944945,0.93993993993994,0.4169169169169169,0.5385385385385385,0.21521521521521522,0.9109986444447197
Symphony                                                                                                                                                                          - RPM (Relaxing Piano Music)                      ,0.39539539539539537,0.10197775030902347,0.0,0.08766794493595895,0.0,0.23023023023023023,0.9594594594594594,0.993993993993994,0.3128128128128128,0.5385385385385385,0.23123123123123124,0.4335587054943334
Flying Towards the Moonlight                                                                                                                                                      - Van Vogel Ensemble                              ,0.038538538538538544,0.03803803803803804,0.27127127127127126,0.04482716322379284,0.0,0.4069069069069069,0.92992992992993,0.944944944944945,0.6936936936936937,1.0,0.06058338013674979,0.7737907515297302
Tears In Heaven                                                                                                                                                                   - David Schultz                                   ,0.33183183183183185,0.036573718172711815,0.8058058058058057,0.07341589919112775,1.0,0.5275275275275275,0.9804804804804805,0.9669669669669669,0.4169169169169169,0.5385385385385385,0.3738738738738739,0.03940540511301425
Flower Through Concrete                                                                                                                                                           - Chloe Flower                                    ,0.2177177177177177,0.13013013013013014,0.3383383383383384,0.12347810242759466,1.0,0.2127127127127127,0.9539539539539539,0.8498498498498498,0.35235235235235235,0.5385385385385385,0.11723100345854837,0.018042623236474896
Late Night Lounge                                                                                                                                                                 - Henry Smith                                     ,0.39039039039039036,0.07307307307307308,0.4664664664664665,0.10311104509056727,0.0,0.4184184184184184,0.975975975975976,0.9824824824824825,0.45545545545545546,0.05005005005005005,0.25125125125125125,0.8088763066971031
"Sonata in E Major, K. 380                                                                                                                                                       - Domenico Scarlatti                              ",0.39039039039039036,0.03040269533130114,1.0,0.012882292037817437,1.0,0.21671671671671672,0.9804804804804805,0.9884539435101233,0.5595595595595595,0.5385385385385385,0.21371371371371373,0.11011011011011011
Before Midnight                                                                                                                                                                   - Henry Smith                                     ,0.2132132132132132,0.14296858842313387,0.4664664664664665,0.12227603895623157,0.0,0.2977977977977978,0.975975975975976,0.9634634634634635,0.3353353353353353,0.5385385385385385,0.2272272272272272,0.8820812326255937
Slow String Instrumental                                                                                                                                                          - Van Vogel Ensemble                              ,0.04104104104104104,0.027205787267706776,0.27127127127127126,0.022063286830739277,0.0,0.44644644644644643,0.9183001070377305,0.8188188188188188,0.35235235235235235,0.005005005005005005,0.03203203203203203,0.7516850608348298
"Diabelli Variations - 33 Variations on a Waltz by Anton Diabelli, Op. 120: Var. 3 - L'istesso tempo                                                                             - Ludwig van Beethoven                            ",0.3108108108108108,0.016016016016016016,0.0,0.00796075407307163,1.0,0.2817817817817818,0.984984984984985,0.9614614614614614,0.37887887887887883,0.05005005005005005,0.4079079079079079,0.02300243140090291
A Tree & A River                                                                                                                                                                  - Henry Smith                                     ,0.045545545545545546,0.04511219454242459,0.0,0.029978684077355995,1.0,0.3358358358358358,0.8848848848848849,0.9884539435101233,0.2752752752752753,0.5385385385385385,0.044044044044044044,0.059929304188877194
"French Suite No. 5 in G Major, BWV 816: I. Allemande                                                                                                                            - Johann Sebastian Bach                           ",0.005042888113865588,0.013155783731750359,0.27127127127127126,0.004007660904026201,1.0,0.35985985985985985,0.9634634634634635,0.9094094094094094,0.4169169169169169,0.05005005005005005,0.32932932932932935,0.0006961968290807025
You'll Be Alright                                                                                                                                                                 - Henry Smith                                     ,0.24724724724724725,0.10907196352979484,0.7217217217217218,0.08807599063707748,0.0,0.3993993993993994,0.9384384384384384,0.9259259259259259,0.4074074074074074,0.05005005005005005,0.2932932932932933,0.8479153375605095
Poppin' Them Thangs                                                                                                                                                               - G-Unit                                          ,0.8753753753753755,0.6026026026026026,0.5445445445445445,0.9964482466317552,0.0,0.9229229229229229,0.6370545221360098,0.0,0.15390390390390388,0.5385385385385385,0.9569569569569569,0.13965155062623527
Still D.R.E.                                                                                                                                                                      - Dr. Dre                                         ,0.93296117128802,0.5625625625625625,1.0,0.9485864917286363,1.0,0.9507336490095113,0.5765765765765766,0.4665154491887165,0.07007007007007007,0.5385385385385385,0.6276276276276276,0.19400039364560454
In Da Club                                                                                                                                                                        - 50 Cent                                         ,0.9862451472243758,0.4719925762135247,0.5445445445445445,0.9719719719719719,0.0,0.9902314960551233,0.6336336336336337,0.0,0.11311311311311312,0.5385385385385385,0.8388388388388388,0.15728887676048778
Insane in the Brain                                                                                                                                                               - Cypress Hill                                    ,0.9854758961681089,0.35535535535535534,1.0,0.2848613723726179,1.0,0.9379379379379379,0.38538538538538536,0.666859931391023,0.22522522522522523,0.5385385385385385,0.8323323323323324,0.32231575222667586
Express Yourself - Remix                                                                                                                                                          - N.W.A.                                          ,0.9634234234234235,0.597097097097097,0.5445445445445445,0.5431830099538307,0.0,0.9621162229121593,0.24226682408500588,0.0,0.4764764764764765,0.5385385385385385,0.8173173173173174,0.25030175566718
Scenario - LP Mix                                                                                                                                                                 - A Tribe Called Quest                            ,0.9119119119119119,0.34534534534534533,0.27127127127127126,0.16383113240573996,1.0,0.9858510801907029,0.5185185185185185,0.418705446890664,0.4074074074074074,0.5385385385385385,0.7124596548680318,0.3131128009810571
Get into It                                                                                                                                                                       - Tony Scott                                      ,0.9064064064064064,0.6721721721721721,1.0,0.40896295901515717,1.0,0.46025104602510414,0.35235235235235235,0.0,0.8643643643643644,0.5385385385385385,0.9234735837158744,0.5385568595828254
Party Up                                                                                                                                                                          - DMX                                             ,0.46046046046046046,0.8248248248248249,1.0,0.9468859044847611,1.0,0.986986986986987,0.4732415625272769,0.0,0.9543564459181925,0.5385385385385385,0.6160807109360165,0.9970514368126837
Milkshake                                                                                                                                                                         - Kelis                                           ,0.978978978978979,0.5565565565565566,0.16616616616616617,0.6489267354117187,1.0,0.34434434434434436,0.31290443339216,0.5999635876762531,0.7107107107107107,0.5385385385385385,0.8228228228228228,0.43745779571107496
Bow Down                                                                                                                                                                          - Westside Connection                             ,0.9851668726823241,0.2952952952952953,0.8058058058058057,0.41616193518232303,1.0,0.9709506826211631,0.30201630201630203,0.0,0.7957957957957957,0.5385385385385385,0.5605605605605606,0.18350745732968998
REMIND ME                                                                                                                                                                         - Rilès                                           ,0.9555735056542809,0.4744744744744745,0.16616616616616617,0.7124142649350053,0.0,0.9419419419419419,0.407251001001001,0.0,0.13634331694233345,0.5385385385385385,0.6236236236236237,0.16380729877268793
What's The Difference                                                                                                                                                             - Dr. Dre                                         ,0.8958958958958959,0.6206206206206206,1.0,0.999221547563444,0.0,0.9569569569569569,0.632132132132132,0.0,0.5325325325325325,0.5385385385385385,0.7907907907907907,0.17082145010145125
Got It                                                                                                                                                                            - Boys Noize                                      ,0.4044044044044044,0.6671671671671671,0.16616616616616617,0.551456647999601,1.0,0.999068131253713,0.3844464182492352,0.0,0.9269269269269269,0.5385385385385385,0.7337337337337337,0.9845130865476119
Chin Check                                                                                                                                                                        - N.W.A.                                          ,0.988988988988989,0.5580580580580581,0.27127127127127126,0.6852601185557018,1.0,0.9651224400275437,0.48535693766872656,0.3603431886617727,0.5880880880880881,0.5385385385385385,0.8955622288955623,0.30052306349755337
The Next Episode                                                                                                                                                                  - Dr. Dre                                         ,0.991991991991992,0.7452452452452452,0.3383383383383384,0.9839475670094563,0.0,0.9579579579579579,0.3943943943943944,0.0,0.17984651317984654,0.5385385385385385,0.38238238238238237,0.23331415982303302
Down On Me                                                                                                                                                                        - Jeremih                                         ,0.7707707707707707,0.3433433433433433,0.27127127127127126,0.4574574574574575,1.0,0.7967967967967968,0.40885230634534253,0.0,0.4074074074074074,0.5385385385385385,0.6736657213320566,0.902091556034111
X Gon' Give It To Ya                                                                                                                                                              - DMX                                             ,0.7367367367367368,0.6831831831831832,0.8883883883883883,0.7580966950114778,0.0,0.9409409409409409,0.39879987901570635,0.0,0.15563423548809766,0.5385385385385385,0.7007007007007007,0.21735461051744248
Can I Kick It?                                                                                                                                                                    - A Tribe Called Quest                            ,0.95995995995996,0.4129129129129129,0.0,0.5872308269739595,1.0,0.9679679679679679,0.575075075075075,0.46775383631053735,0.516016016016016,0.5385385385385385,0.8098098098098098,0.2541096116990168
You Can Do It                                                                                                                                                                     - Ice Cube                                        ,0.9973282873730115,0.6511511511511512,0.16616616616616617,0.7396202015620654,0.0,0.8928928928928929,0.2172514582190848,0.0,0.027305354134622428,0.5385385385385385,0.934934934934935,0.2901182922912212
I Got 5 On It                                                                                                                                                                     - Luniz                                           ,0.5965965965965966,0.46346346346346345,0.8883883883883883,0.44790650236194784,0.0,0.9895522072941427,0.6025810335310827,0.0,0.496996996996997,0.5385385385385385,0.6586586586586587,0.9505546743741975
Grillz                                                                                                                                                                            - Nelly                                           ,0.9704554068631739,0.2732732732732733,0.3918918918918919,0.5101342576798397,0.0,0.954954954954955,0.4194194194194194,0.0,0.8258258258258259,0.5385385385385385,0.8998998998998999,0.10503515142348818
Juicy - 2007 Remaster                                                                                                                                                             - The Notorious B.I.G.                            ,0.9757673667205169,0.6156156156156156,0.8058058058058057,0.8265254322971857,1.0,0.9605594803436529,0.7274774774774775,0.0,0.575075075075075,0.5385385385385385,0.8518518518518519,0.2483014100123337
Stronger                                                                                                                                                                          - Kanye West                                      ,0.316602521034258,0.572072072072072,0.16616616616616617,0.6216216216216216,1.0,0.9279279279279279,0.25648276390499186,0.0,0.7107107107107107,0.5385385385385385,0.5280280280280281,0.3417337029642685
The Motto                                                                                                                                                                         - Drake                                           ,0.8723723723723724,0.22654440032384726,0.16616616616616617,0.3933933933933934,1.0,0.988799778761062,0.15698393077873918,0.38758041888489303,0.4074074074074074,0.5385385385385385,0.4724724724724725,0.9969781891402084
Tambourine                                                                                                                                                                        - Eve                                             ,0.9379379379379379,0.6776776776776776,0.16616616616616617,0.877685950413223,1.0,0.943943943943944,0.6222110999888777,0.0,0.8978978978978979,0.5385385385385385,0.6536536536536537,0.32535479460390065
Clique                                                                                                                                                                            - Kanye West                                      ,0.7887887887887888,0.3063063063063063,0.8058058058058057,0.6653761061946903,0.0,0.974974974974975,0.4568024738954399,0.0,0.7377377377377378,1.0,0.37237237237237236,0.39497518887746424
Swimming Pools (Drank)                                                                                                                                                            - Kendrick Lamar                                  ,0.6986986986986987,0.22822822822822822,0.16616616616616617,0.6701623856244168,1.0,0.9629629629629629,0.29313773037429136,0.4491143700616302,0.2132132132132132,0.5385385385385385,0.25825825825825827,0.038032474762236444
Crack A Bottle                                                                                                                                                                    - Eminem                                          ,0.46796796796796797,0.7137137137137137,0.8058058058058057,0.9790550482671069,1.0,0.9134134134134133,0.48949168908883245,0.0,0.6451451451451451,0.05005005005005005,0.47347347347347346,0.9272949835840004
Bezerk (feat. A$AP Ferg)                                                                                                                                                          - Big Sean                                        ,0.7457457457457457,0.43843843843843844,0.27127127127127126,0.8232409704289277,1.0,0.9279279279279279,0.3420513164922111,0.0,0.7702702702702702,0.5385385385385385,0.3258258258258258,0.9843166122450957
I'll Be Missing You (feat. Faith Evans & 112) - 2014 Remaster                                                                                                                     - Diddy                                           ,0.948948948948949,0.3613613613613614,0.6341341341341341,0.70672691211657,1.0,0.4804804804804805,0.5171099883266055,0.35155155155155154,0.6146146146146146,0.5385385385385385,0.93993993993994,0.4005300624640514
Ni**as In Paris                                                                                                                                                                   - JAY-Z                                           ,0.9038718951509653,0.6846846846846847,0.16616616616616617,0.7137137137137137,1.0,0.97920491662019,0.5331179321486269,0.0,0.8853853853853855,0.5385385385385385,0.8378378378378378,0.8010950989674385
You Be Killin Em                                                                                                                                                                  - Fabolous                                        ,0.7092092092092093,0.7777777777777778,0.5445445445445445,0.9309309309309309,0.0,0.943943943943944,0.7141532756489493,0.0,0.9579698392754771,0.5385385385385385,0.6396396396396397,0.20138720627718198
BOP                                                                                                                                                                               - DaBaby                                          ,0.8773773773773774,0.5745745745745746,1.0,0.9016869469026549,1.0,0.9903424222891777,0.5885885885885885,0.0,0.516016016016016,0.5385385385385385,0.8943943943943944,0.6245961938663149
A Milli                                                                                                                                                                           - Lil Wayne                                       ,0.7292292292292293,0.44744744744744747,0.5445445445445445,0.3889709754371409,0.0,0.96996996996997,0.4118404118404118,0.5026522031013049,0.6911911911911912,0.5385385385385385,0.8358358358358359,0.8702047629656889
Ooh Ahh (My Life Be Like) (feat. Toby Mac)                                                                                                                                        - Grits                                           ,0.8598598598598599,0.6796796796796797,0.27127127127127126,0.9318720496346422,1.0,0.5895895895895896,0.542042042042042,0.4358655892154118,0.8268268268268268,0.5385385385385385,0.8718718718718719,0.28329131765492416
Lollipop                                                                                                                                                                          - Lil Wayne                                       ,0.944944944944945,0.21867691986997842,0.0,0.34066334588749847,1.0,0.6856856856856857,0.44866349189115756,0.5265348595213319,0.5480480480480481,0.5385385385385385,0.5340340340340339,0.8529607825868346
My Name Is                                                                                                                                                                        - Eminem                                          ,0.948948948948949,0.4314314314314314,0.4664664664664665,0.62471506049894,0.0,0.988799778761062,0.4157439305271105,0.0,0.25125125125125125,0.5385385385385385,0.8958958958958959,0.12412412412412413
Woah                                                                                                                                                                              - Lil Baby                                        ,0.9794794794794794,0.34734734734734735,1.0,0.7122866325163708,1.0,0.9535541553577626,0.34705690296744607,0.0,0.6581581581581581,0.5385385385385385,0.5135135135135135,0.8210143093101366
Angel Baby                                                                                                                                                                        - Tech N9ne                                       ,0.7732732732732732,0.35035035035035034,0.4664664664664665,0.6615235086866724,0.0,0.9169169169169169,0.7734555996761527,0.0,0.8178178178178178,0.5385385385385385,0.5841670141553456,0.2480077324367984
I Need A Girl PT II                                                                                                                                                               - Diddy                                           ,0.7942942942942943,0.24394184168012928,0.16616616616616617,0.493505015304806,0.0,0.9987885118319901,0.70702527950059,0.0,0.0026505425744969484,0.5385385385385385,0.8433433433433433,0.9959384196552835
Gangsta's Paradise                                                                                                                                                                - Coolio                                          ,0.6811811811811812,0.2732732732732733,0.7217217217217218,0.3073073073073073,1.0,0.5325325325325325,0.4634916778034261,0.0,0.9269269269269269,0.5385385385385385,0.46846846846846846,0.07698205105078021
Guess Who's Back                                                                                                                                                                  - Rakim                                           ,0.9049049049049049,0.5890890890890891,0.5445445445445445,0.4872820401046206,0.0,0.9645793485793489,0.3367836274813019,0.0,0.36036036036036034,0.5385385385385385,0.7627627627627628,0.206171228643139
The Real Slim Shady                                                                                                                                                               - Eminem                                          ,0.9978252229370334,0.40802929795467097,0.4664664664664665,0.8673581319110935,0.0,0.5145145145145145,0.39103931965710037,0.0,0.022022022022022022,0.5385385385385385,0.8238238238238238,0.3454887088755761
Yikes                                                                                                                                                                             - Kanye West                                      ,0.7332332332332332,0.56006006006006,0.16616616616616617,0.9499482226754954,0.0,0.9889380530973452,0.5510510510510511,0.0,0.7397397397397397,0.5385385385385385,0.2862862862862863,0.9507090859118285
Jerry Sprunger (with T-Pain)                                                                                                                                                      - Tory Lanez                                      ,0.8648648648648649,0.5135135135135135,0.0,0.7437437437437437,0.0,0.947189960312682,0.5425425425425425,0.0,0.23223223223223222,0.5385385385385385,0.5325325325325325,0.2977745859409494
Hip-Hop                                                                                                                                                                           - Dead Prez                                       ,0.5710710710710711,0.2972972972972973,0.3918918918918919,0.15595248301535225,1.0,0.9950205131319781,0.2099695297261164,0.5195014805106548,0.4074074074074074,0.5385385385385385,0.24424424424424424,0.06318178031085148
Follow God                                                                                                                                                                        - Kanye West                                      ,0.48598598598598597,0.7602602602602602,0.16616616616616617,0.933933933933934,1.0,0.995995995995996,0.18118118118118118,0.33433433433433435,0.018018018018018018,0.5385385385385385,0.5175175175175175,0.97909961211521
"The Gangsta, The Killa And The Dope Dealer                                                                                                                                      - Westside Connection                             ",0.9229229229229229,0.4494494494494494,1.0,0.39730822278465217,1.0,0.9621162229121593,0.6634471665863743,0.0,0.9950239517061152,0.5385385385385385,0.5525525525525525,0.18397160214287153
Juicy - 2005 Remaster                                                                                                                                                             - The Notorious B.I.G.                            ,0.9825991389455696,0.6186186186186187,0.8058058058058057,0.8272997947011651,1.0,0.9579579579579579,0.7227227227227228,0.0,0.6601601601601601,0.5385385385385385,0.8441868970170857,0.24819785373418593
Bow Wow (That's My Name) (feat. Snoop Dogg)                                                                                                                                       - Bow Wow                                         ,0.991991991991992,0.4264264264264264,0.27127127127127126,0.9352311428885082,1.0,0.963963963963964,0.6096096096096096,0.26426426426426425,0.29429429429429427,0.5385385385385385,0.9674674674674675,0.17199717009835008
All Mine                                                                                                                                                                          - Kanye West                                      ,0.992992992992993,0.1663889570504357,1.0,0.5841235123880146,0.0,0.985229060700759,0.5305305305305306,0.0,0.25725725725725723,0.5385385385385385,0.3258258258258258,0.5466000536243288
"How Do You Want It (ft. KC, Jojo)                                                                                                                                               - 2Pac                                            ",0.8678678678678678,0.6566566566566566,0.7217217217217218,0.91991991991992,1.0,0.7277277277277278,0.40406160153100623,0.0,0.06846489346489347,0.5385385385385385,0.8138138138138138,0.17995276612271377
I Love My Bitch                                                                                                                                                                   - Busta Rhymes                                    ,0.602102102102102,0.6049380488632825,0.0,0.6796796796796797,0.0,0.9798827295438233,0.38797379469021265,0.0,0.02969171955255453,0.5385385385385385,0.7587587587587588,0.992858585113666
Check Yo Self - Remix                                                                                                                                                             - Ice Cube                                        ,0.9951934864598619,0.495995995995996,0.16616616616616617,0.5729156788367314,1.0,0.9569569569569569,0.3933933933933934,0.3234293112346346,0.36936936936936937,0.5385385385385385,0.8318318318318318,0.3097719734917215
Booty Wurk (One Cheek At a Time) (feat. Joey Galaxy)                                                                                                                              - T-Pain                                          ,0.8958958958958959,0.42492492492492495,0.16616616616616617,0.6366366366366366,1.0,0.9822904368358913,0.29961817206019126,0.25262968466079655,0.5595595595595595,0.5385385385385385,0.9239812319397094,0.8949000884362718
Da Rockwilder                                                                                                                                                                     - Method Man                                      ,0.6151151151151151,0.40540540540540543,0.5445445445445445,0.5361106193008501,0.0,0.9952156097047817,0.3303303303303303,0.0,0.933933933933934,0.5385385385385385,0.4754754754754755,0.2850182987495277
Dangerous                                                                                                                                                                         - Ying Yang Twins                                 ,0.9189189189189189,0.5685685685685686,1.0,0.9047670639219936,0.0,0.7407407407407407,0.5715715715715716,0.0,0.7107107107107107,0.5385385385385385,0.9324324324324325,0.4583834284464543
Forgot About Dre                                                                                                                                                                  - Dr. Dre                                         ,0.992992992992993,0.4984984984984985,0.7217217217217218,0.997188673583238,1.0,0.654466661783735,0.4953955135773318,0.0,0.6366366366366366,0.5385385385385385,0.6826826826826827,0.748185528179451
Straight To The Bank                                                                                                                                                              - 50 Cent                                         ,0.6726726726726726,0.6656656656656657,0.6341341341341341,0.9079091240432511,1.0,0.996181366551737,0.5185185185185185,0.0,0.02102102102102102,0.5385385385385385,0.6056056056056056,0.9737308352745456
Stand Up                                                                                                                                                                          - Ludacris                                        ,0.8508508508508509,0.6566566566566566,0.5445445445445445,0.8009445100354189,1.0,0.987626782252502,0.6852174497352974,0.0,0.24324324324324323,0.5385385385385385,0.8610637772648946,0.28428888419588383
Bitch Please                                                                                                                                                                      - Snoop Dogg                                      ,0.9704554068631739,0.5510510510510511,0.6341341341341341,0.971020547478077,1.0,0.9179179179179179,0.31061575004567876,0.0,0.8083083083083082,0.5385385385385385,0.8728728728728729,0.22779647319010768
Muthaf**ka Up                                                                                                                                                                     - Tyga                                            ,0.5815815815815816,0.2962962962962963,0.8058058058058057,0.4515305789288904,1.0,0.9833146157548531,0.23523523523523523,0.0,0.9029029029029029,1.0,0.5595595595595596,0.5502563928666755
Lose Control (feat. Ciara & Fat Man Scoop)                                                                                                                                        - Missy Elliott                                   ,0.9877877877877878,0.6116116116116116,0.3918918918918919,0.5230219043361644,0.0,0.8143143143143143,0.39372706039372707,0.5469143702662738,0.025339925834363414,0.5385385385385385,0.8698698698698699,0.5985969504220637
Without Me                                                                                                                                                                        - Eminem                                          ,0.9914914914914914,0.40290290290290287,0.6341341341341341,0.9699767371068265,1.0,0.7175066061321983,0.25544516622086355,0.0,0.8948948948948949,0.5385385385385385,0.7327327327327328,0.4307788630013488
Ayo Technology                                                                                                                                                                    - 50 Cent                                         ,0.6491491491491492,0.5665665665665666,0.7217217217217218,0.7281282083044197,0.0,0.8393393393393394,0.4849938294624811,0.0,0.005962605683526644,0.5385385385385385,0.5010010010010011,0.8049269285388202
"One, Two Step (feat. Missy Elliott)                                                                                                                                             - Ciara                                           ",0.996996996996997,0.2702702702702703,0.4664664664664665,0.2645557421534542,0.0,0.8883883883883883,0.4198229706704283,0.4804804804804805,0.011511511511511517,0.5385385385385385,0.8988988988988988,0.43960747773628267
How Come                                                                                                                                                                          - D12                                             ,0.8488488488488488,0.6721721721721721,0.8058058058058057,0.9879591409117062,1.0,0.92992992992993,0.6346346346346347,0.0,0.7217217217217217,0.5385385385385385,0.6236236236236237,0.15417118093174478
Lose My Breath                                                                                                                                                                    - Destiny's Child                                 ,0.93296117128802,0.7587587587587588,0.16616616616616617,0.6622348225633005,1.0,0.5675675675675675,0.29569957919510026,0.6743434660380407,0.2932932932932933,0.5385385385385385,0.6286286286286287,0.4984924190213645
How We Do                                                                                                                                                                         - The Game                                        ,0.96996996996997,0.3913913913913914,0.3918918918918919,0.493005677534417,0.0,0.9569569569569569,0.42790773069346355,0.0,0.005165237000181678,0.5385385385385385,0.7157157157157157,0.2732278438252061
Who Am I (What's My Name)?                                                                                                                                                        - Snoop Dogg                                      ,0.7577577577577578,0.6426426426426426,0.6341341341341341,0.8955019672882778,1.0,0.42842842842842843,0.16347299680633015,0.34845132743362833,0.9572593684182877,0.5385385385385385,0.7617041569871759,0.25576332469404955
It's Like That                                                                                                                                                                    - Mariah Carey                                    ,0.9189189189189189,0.3758758758758759,0.7217217217217218,0.7981974758883958,0.0,0.45545545545545546,0.49371652245570663,0.0,0.002943025756713971,0.5385385385385385,0.8943943943943944,0.23943665019812035
You Don't Know                                                                                                                                                                    - Eminem                                          ,0.8738738738738738,0.6951951951951951,0.8883883883883883,0.9920822580663233,0.0,0.8428428428428428,0.32217573221757356,0.0,0.27576837192221804,0.5385385385385385,0.8128128128128128,0.12387155538524569
Ignition - Remix                                                                                                                                                                  - R. Kelly                                        ,0.8898898898898899,0.3013013013013013,0.16616616616616617,0.6366366366366366,1.0,0.40290290290290287,0.44544544544544545,0.0,0.12312312312312312,0.5385385385385385,0.8618618618618619,0.7418003968234214
It Was A Good Day                                                                                                                                                                 - Ice Cube                                        ,0.8923923923923924,0.5235235235235235,0.4664664664664665,0.7367367367367368,0.0,0.7352785085248382,0.5410410410410411,0.599188411906182,0.024583332777139266,0.5385385385385385,0.8698698698698699,0.0990933984052534
Faded                                                                                                                                                                             - Tyga                                            ,0.9529529529529529,0.3858858858858859,0.16616616616616617,0.3791893735062635,1.0,0.9610072192343583,0.35235235235235235,0.0,0.8523523523523524,0.5385385385385385,0.3993993993993994,0.23022520915779351
No Hands (feat. Roscoe Dash & Wale)                                                                                                                                               - Waka Flocka Flame                               ,0.8648648648648649,0.34134134134134136,0.16616616616616617,0.6090450928215216,1.0,0.2527527527527528,0.2822822822822823,0.0,0.7567567567567568,0.5385385385385385,0.44244244244244246,0.7261512674732561
21 Questions                                                                                                                                                                      - 50 Cent                                         ,0.6791791791791792,0.6116116116116116,0.5445445445445445,0.909100758396533,0.0,0.9769769769769769,0.679088346847462,0.40224593574821654,0.01823823382951329,0.5385385385385385,0.9359359359359359,0.18211638926011472
'Till I Collapse                                                                                                                                                                  - Eminem                                          ,0.5165165165165165,0.6671671671671671,0.16616616616616617,0.9501543961010395,1.0,0.9134134134134133,0.46006006006006006,0.0,0.1720516962843296,0.5385385385385385,0.12514380785500628,0.9363952014904551
Gin N Juice (feat. Dat Nigga Daz)                                                                                                                                                 - Snoop Dogg                                      ,0.5185185185185185,0.6752827140549275,0.6341341341341341,0.8627488662246381,1.0,0.9159159159159159,0.38286091734367594,0.43786262843639895,0.9704062157633141,0.5385385385385385,0.42492492492492495,0.2142642995488204
Goodies (feat. Petey Pablo)                                                                                                                                                       - Ciara                                           ,0.9434434434434434,0.3898898898898899,0.4664664664664665,0.6174996708124002,0.0,0.4274274274274274,0.38104771438104773,0.26070446838821004,0.8208208208208209,0.5385385385385385,0.9200421862987768,0.3174236381783557
Homecoming                                                                                                                                                                        - Kanye West                                      ,0.7157157157157157,0.5145145145145145,0.16616616616616617,0.5273691493203688,1.0,0.9169169169169169,0.674924924924925,0.0,0.43843843843843844,0.5385385385385385,0.94994994994995,0.13204648577868378
Where The Hood At                                                                                                                                                                 - DMX                                             ,0.4974974974974975,0.8648648648648649,0.4664664664664665,0.9585907263195399,0.0,0.9919800884955752,0.5635635635635635,0.0,0.8948948948948949,0.5385385385385385,0.8248248248248248,0.9879500720256323
X                                                                                                                                                                                 - Xzibit                                          ,0.995391977924729,0.35235235235235235,0.3918918918918919,0.7079836349698041,0.0,0.9494951977898772,0.5085085085085085,0.0,0.2222222222222222,0.5385385385385385,0.8888888888888888,0.2573002684393801
Hypnotize - 2007 Remaster                                                                                                                                                         - The Notorious B.I.G.                            ,0.9846932038421403,0.44644644644644643,0.8058058058058057,0.853817777168031,1.0,0.9683554146940431,0.5775775775775776,0.0,0.81260483322339,0.5385385385385385,0.7117117117117117,0.20000655247212154
Ransom                                                                                                                                                                            - Lil Tecca                                       ,0.8393393393393394,0.3858858858858859,0.6341341341341341,0.6236089569422902,0.0,0.973044173880994,0.35735735735735735,0.0,0.09109109109109109,0.5385385385385385,0.2862862862862863,0.9754922715980319
Ruff Ryders' Anthem - Re-Recorded                                                                                                                                                 - DMX                                             ,0.9719719719719719,0.5855855855855856,0.5445445445445445,0.816171954747413,1.0,0.6066066066066066,0.5980823285719069,0.0,0.18336316612178682,0.5385385385385385,0.8383383383383383,0.18241422009777652
"Lose Yourself - From ""8 Mile"" Soundtrack                                                                                                                                      - Eminem                                          ",0.7732732732732732,0.48848848848848847,0.27127127127127126,0.8372389311148376,1.0,0.95995995995996,0.31208266264393486,0.48348348348348347,0.8998998998998999,0.5385385385385385,0.07007007007007007,0.9358449783226717
Hate It Or Love It                                                                                                                                                                - The Game                                        ,0.9139139139139139,0.5665665665665666,0.8058058058058057,0.8060319091020844,1.0,0.9369369369369369,0.5525525525525525,0.0,0.521021021021021,0.5385385385385385,0.5010010010010011,0.2932821716969246
HeadBand (feat. 2 Chainz)                                                                                                                                                         - B.o.B                                           ,0.991991991991992,0.2446294816984472,0.16616616616616617,0.44327898251271186,1.0,0.9839563613027434,0.5695695695695696,0.0,0.10096930533117926,0.5385385385385385,0.3793793793793794,0.2655275191202769
Jump Around                                                                                                                                                                       - House Of Pain                                   ,0.9654654654654655,0.46850328589459017,0.3918918918918919,0.6158936548933572,0.0,0.6639415988656769,0.3190781967377711,0.40068045740061214,0.6306306306306306,0.5385385385385385,0.8798798798798799,0.37219012058869716
If I Can't                                                                                                                                                                        - 50 Cent                                         ,0.9819819819819819,0.3683683683683684,1.0,0.9802288576575088,0.0,0.969263256189051,0.6391391391391392,0.0,0.001081100754704798,0.5385385385385385,0.9099099099099099,0.2022022022022022
HUMBLE.                                                                                                                                                                           - Kendrick Lamar                                  ,0.9879879879879879,0.34234234234234234,0.16616616616616617,0.4840110524097798,0.0,0.8058058058058057,0.1929830236105603,0.3494568579638762,0.2272272272272272,0.5385385385385385,0.5045045045045045,0.8634039648627014
On Fire                                                                                                                                                                           - Lloyd Banks                                     ,0.8628628628628628,0.6296296296296297,0.7217217217217218,0.8631008065626204,1.0,0.943943943943944,0.49571044886069127,0.45945945945945943,0.7547547547547547,0.5385385385385385,0.5125125125125125,0.21533269195525637
We Fly High                                                                                                                                                                       - Jim Jones                                       ,0.7457457457457457,0.587087087087087,0.16616616616616617,0.5797227288363889,1.0,0.974974974974975,0.48283235703472716,0.0,0.2827827827827828,1.0,0.5615615615615616,0.5218816415471749
I Don't Dance - Album Edit                                                                                                                                                        - DMX                                             ,0.7122122122122122,0.8493493493493494,0.16616616616616617,0.8001130339423213,1.0,0.9229229229229229,0.49173891298985495,0.0,0.09450726978998382,0.5385385385385385,0.6172381206563929,0.3303309123341956
I Like That                                                                                                                                                                       - Houston                                         ,0.9164164164164164,0.26226226226226224,0.8883883883883883,0.897491307939069,0.0,0.7892892892892893,0.34034034034034033,0.0,0.8098098098098098,0.5385385385385385,0.46346346346346345,0.3736637207883916
Mockingbird                                                                                                                                                                       - Eminem                                          ,0.6631631631631631,0.4274274274274274,0.0,0.9138240574506284,1.0,0.963963963963964,0.6025810335310827,0.0,0.6061061061061062,0.5385385385385385,0.3163163163163163,0.11247866966073737
What's Luv? (feat. Ja-Rule & Ashanti)                                                                                                                                             - Fat Joe                                         ,0.94994994994995,0.46546546546546547,0.7217217217217218,0.7708882978102242,1.0,0.5365365365365365,0.362074797746617,0.3531690122135203,0.37887887887887883,0.5385385385385385,0.950950950950951,0.20031607362152865
Chain Hang Low                                                                                                                                                                    - Jibbs                                           ,0.9084084084084083,0.33683683683683685,0.3918918918918919,0.5495495495495496,0.0,0.9617074012816906,0.3745823539637973,0.4114114114114114,0.4314314314314314,0.5385385385385385,0.8398398398398398,0.8928564144003894
Teach Me How to Dougie                                                                                                                                                            - Cali Swag District                              ,0.9584584584584585,0.22480994283319863,1.0,0.7843349422296791,1.0,0.8583583583583583,0.5965965965965966,0.4023979884598232,0.26326326326326327,0.5385385385385385,0.5965965965965966,0.12112675661079304
Get Low                                                                                                                                                                           - Lil Jon & The East Side Boyz                    ,0.47347347347347346,0.3663663663663664,0.16616616616616617,0.48548362052779387,1.0,0.5905905905905906,0.39039039039039036,0.0,0.4764764764764765,0.5385385385385385,0.17067067067067065,0.3077956161693797
Kush - Main                                                                                                                                                                       - Dr. Dre                                         ,0.36536536536536535,0.6981981981981982,0.6341341341341341,0.6329320674182662,1.0,0.9279279279279279,0.21810103790071594,0.41344026548672563,0.2062062062062062,0.5385385385385385,0.508008008008008,0.9903083614020098
Why We Thugs                                                                                                                                                                      - Ice Cube                                        ,0.8573573573573574,0.3487756258840597,0.16616616616616617,0.7286621824066759,1.0,0.9959309638050614,0.6906906906906907,0.0,0.496996996996997,0.5385385385385385,0.7367367367367368,0.2783764207033132
Gold Digger                                                                                                                                                                       - Kanye West                                      ,0.6466466466466466,0.44844844844844844,0.16616616616616617,0.7092581429977696,0.0,0.9873068846197445,0.3540722669072458,0.0,0.04654654654654653,0.5385385385385385,0.7022022022022022,0.18826926686967277
Hypnotize - 2014 Remaster                                                                                                                                                         - The Notorious B.I.G.                            ,0.9871871871871871,0.4494494494494494,0.8058058058058057,0.9394626362418979,1.0,0.9706237784040987,0.5510510510510511,0.0,0.8063063063063063,0.5385385385385385,0.7427427427427428,0.19993803272701496
I'm Better (feat. Lamb)                                                                                                                                                           - Missy Elliott                                   ,0.9936327882585081,0.18685739830129638,0.8883883883883883,0.2719208741753025,1.0,0.9990518235506529,0.6881881881881882,0.0,0.9522819246020051,0.5385385385385385,0.6426426426426426,0.3538431475604252
I Know What You Want (feat. Flipmode Squad)                                                                                                                                       - Busta Rhymes                                    ,0.6831831831831832,0.5315315315315315,0.5445445445445445,0.8612302284710017,1.0,0.9784069784069784,0.3325092707045736,0.0,0.9738860000142661,0.5385385385385385,0.6046046046046046,0.12609719954957405
Right Thurr                                                                                                                                                                       - Chingy                                          ,0.9716312564694166,0.5175175175175175,0.27127127127127126,0.8950466629932406,1.0,0.9579579579579579,0.5560560560560561,0.0,0.07407407407407407,0.5385385385385385,0.933933933933934,0.1772293755954791
Shake Ya Ass                                                                                                                                                                      - Mystikal                                        ,0.9903646208062118,0.3513776934829565,0.6341341341341341,0.6990645122099379,1.0,0.981549815498155,0.46058336342856715,0.0,0.03403403403403403,0.5385385385385385,0.7397397397397397,0.27495667251562517
Like This                                                                                                                                                                         - MiMS                                            ,0.9024024024024024,0.40540540540540543,0.8058058058058057,0.5372637900010163,0.0,0.96996996996997,0.3745823539637973,0.0,0.7042042042042043,0.5385385385385385,0.7427427427427428,0.26354332104246664
Look At Me Now                                                                                                                                                                    - Chris Brown                                     ,0.8693693693693694,0.44644644644644643,1.0,0.6896896896896897,0.0,0.9169169169169169,0.42415980044846024,0.29047141406691973,0.6626626626626626,0.5385385385385385,0.6601601601601601,0.8419471137482405
Low (feat. T-Pain)                                                                                                                                                                - Flo Rida                                        ,0.973973973973974,0.44544544544544545,0.8883883883883883,0.8356915024126933,0.0,0.5325325325325325,0.46046046046046046,0.0,0.5965965965965966,0.5385385385385385,0.45045045045045046,0.6726726726726726
Ghetto Gospel                                                                                                                                                                     - 2Pac                                            ,0.9104104104104105,0.3575858593239821,0.4664664664664665,0.7404281430539635,0.0,0.39289289289289286,0.501777339340791,0.0,0.15665665665665668,0.5385385385385385,0.7367367367367368,0.08284658482003301
The Real Slim Shady                                                                                                                                                               - Eminem                                          ,0.997659577749026,0.4014014014014014,0.4664664664664665,0.8584298584298584,0.0,0.5436287936287936,0.3833833833833834,0.0,0.025648949320148325,0.5385385385385385,0.8328328328328328,0.34534222350304955
Candy Shop                                                                                                                                                                        - 50 Cent                                         ,0.6096096096096096,0.3353353353353353,0.6341341341341341,0.43743743743743746,1.0,0.998709460448591,0.39243425278337996,0.41385508849557523,0.9059059059059059,1.0,0.8583583583583583,0.6883009108707515
Disco Inferno                                                                                                                                                                     - 50 Cent                                         ,0.991991991991992,0.40290290290290287,0.3383383383383384,0.7224454286859157,1.0,0.955955955955956,0.6366366366366366,0.4595595595595595,0.8118118118118118,0.5385385385385385,0.7472472472472473,0.25808381813125464
Salt Shaker                                                                                                                                                                       - Ying Yang Twins                                 ,0.9804804804804805,0.4494494494494494,1.0,0.6539336741211289,1.0,0.8293293293293293,0.43843843843843844,0.0,0.26412682112163977,0.5385385385385385,0.39539539539539537,0.31529014433355573
Moves                                                                                                                                                                             - Big Sean                                        ,0.9284284284284283,0.28928928928928926,0.27127127127127126,0.6400247253905791,1.0,0.9718372820742064,0.4184180972244505,0.0,0.5445445445445445,0.5385385385385385,0.43543543543543545,0.04373708400655262
This Is Why I'm Hot                                                                                                                                                               - MiMS                                            ,0.6306306306306306,0.34534534534534533,0.7217217217217218,0.6116116116116116,1.0,0.9992032522219245,0.6476476476476476,0.0,0.9532871775518834,0.5385385385385385,0.5655655655655656,0.07931023282521442
Straight Outta Compton - Extended Mix / Edit                                                                                                                                      - N.W.A.                                          ,0.8818818818818819,0.8618618618618619,0.7217217217217218,0.6780088908402393,1.0,0.954954954954955,0.5234145831826473,0.0,0.93993993993994,0.5385385385385385,0.5450055887420899,0.3202453219634385
Nasty                                                                                                                                                                             - Nas                                             ,0.43043043043043044,0.7587587587587588,0.5445445445445445,0.6592234176948031,1.0,0.9938354529761438,0.40115115115115113,0.0,0.36036036036036034,0.5385385385385385,0.8008008008008007,0.32601974661443944
Hot In Herre                                                                                                                                                                      - Nelly                                           ,0.9986614910989158,0.48848848848848847,0.8058058058058057,0.7997997997997998,0.0,0.8168168168168168,0.6116116116116116,0.0,0.07307307307307308,0.5385385385385385,0.9529529529529529,0.37548269700918824
No Diggity                                                                                                                                                                        - Blackstreet                                     ,0.9712905409668612,0.3948948948948949,0.16616616616616617,0.8302695177695179,0.0,0.933933933933934,0.670987930263746,0.0,0.5325325325325325,0.5385385385385385,0.7807807807807807,0.14276918961167998
Ambitionz Az A Ridah                                                                                                                                                              - 2Pac                                            ,0.91991991991992,0.7752752752752752,0.27127127127127126,0.585397861002343,1.0,0.9442961806470085,0.2507104709248017,0.465799786248664,0.1091091091091091,0.5385385385385385,0.8653803287823907,0.1332865852663403
Started From the Bottom                                                                                                                                                           - Drake                                           ,0.9104104104104105,0.27977977977977975,0.7217217217217218,0.45345345345345345,1.0,0.8883883883883883,0.40065065065065064,0.0,0.6061061061061062,0.5385385385385385,0.6411411411411412,0.1277345455091285
Fuck Tha Police                                                                                                                                                                   - N.W.A.                                          ,0.9679679679679679,0.5185185185185185,0.7217217217217218,0.4114114114114114,0.0,0.9779779779779779,0.35350809201302863,0.0,0.04137470804137471,0.5385385385385385,0.9102795956770079,0.27974402764806483
"Lean Wit It, Rock Wit It                                                                                                                                                        - Dem Franchize Boyz                              ",0.9819819819819819,0.36236236236236236,0.4664664664664665,0.6748754622854383,1.0,0.9785499785499785,0.4840968549821545,0.0,0.3128128128128128,0.5385385385385385,0.6806806806806807,0.04701099550212139
P.I.M.P.                                                                                                                                                                          - 50 Cent                                         ,0.7457457457457457,0.5545545545545546,0.8883883883883883,0.9603623621057283,0.0,0.988108407079646,0.4408064954593758,0.3399949171969897,0.004725389250868446,0.5385385385385385,0.9209209209209209,0.06537115941032301
Always On Time                                                                                                                                                                    - Ja Rule                                         ,0.9529529529529529,0.46346346346346345,0.4664664664664665,0.6443689821349396,0.0,0.9279279279279279,0.6016016016016016,0.0,0.7567567567567568,0.5385385385385385,0.8958958958958959,0.25422271758669235
Whatever You Like                                                                                                                                                                 - T.I.                                            ,0.7387387387387387,0.43843843843843844,0.8058058058058057,0.6337479580557756,0.0,0.6182387125614662,0.34034034034034033,0.0,0.7772772772772774,0.5385385385385385,0.5475475475475475,0.8646619056752743
Bottoms Up (feat. Nicki Minaj)                                                                                                                                                    - Trey Songz                                      ,0.9569569569569569,0.34634634634634637,0.16616616616616617,0.7485925735227755,1.0,0.8883883883883883,0.35835835835835833,0.0,0.9189189189189189,0.5385385385385385,0.40490490490490494,0.036315293484114095
Hustlin'                                                                                                                                                                          - Rick Ross                                       ,0.45145145145145144,0.3973973973973974,0.8058058058058057,0.5118453865336658,1.0,0.9772272272272272,0.4873691582956759,0.0,0.0980980980980981,0.5385385385385385,0.7247247247247247,0.7673713616881692
Drop It Like It's Hot                                                                                                                                                             - Snoop Dogg                                      ,0.9833452104292091,0.3708708708708709,0.16616616616616617,0.9107034382213584,1.0,0.9409409409409409,0.5715715715715716,0.0,0.3278278278278278,0.5385385385385385,0.7487487487487487,0.1770295279396735
Break Ya Neck                                                                                                                                                                     - Busta Rhymes                                    ,0.9434434434434434,0.5785785785785785,0.3918918918918919,0.47788293653531017,0.0,0.9529529529529529,0.7197197197197197,0.5115115115115115,0.07407407407407407,0.5385385385385385,0.8058058058058059,0.1052862133129858
Big Poppa - 2005 Remaster                                                                                                                                                         - The Notorious B.I.G.                            ,0.8923923923923924,0.32432432432432434,0.8058058058058057,0.5097602511347252,0.0,0.9674674674674675,0.7107107107107107,0.0,0.5665665665665666,0.5385385385385385,0.8358358358358359,0.11665951343843002
Put On                                                                                                                                                                            - Jeezy                                           ,0.6941941941941943,0.549049049049049,0.8058058058058057,0.6465586394994385,0.0,0.16966966966966968,0.26279976384263753,0.0,0.2197197197197197,0.5385385385385385,0.33483483483483484,0.7782407648762016
W.T.P.                                                                                                                                                                            - Eminem                                          ,0.8788788788788788,0.8403403403403403,0.8058058058058057,0.9851484449231487,1.0,0.9539564527083249,0.3973973973973974,0.0,0.8828828828828829,0.5385385385385385,0.7568759235425901,0.22422422422422422
Regulate                                                                                                                                                                          - Warren G                                        ,0.9479479479479479,0.3353353353353353,1.0,0.26782514593597173,0.0,0.9544557038316399,0.6972687790765592,0.0,0.3433433433433434,0.5385385385385385,0.7817817817817818,0.23346602340614575
Money Maker                                                                                                                                                                       - Ludacris                                        ,0.5215215215215215,0.3433433433433433,0.16616616616616617,0.5575575575575575,1.0,0.965965965965966,0.5560560560560561,0.0,0.8223223223223224,0.5385385385385385,0.6906906906906907,0.06600839804291517
Get Ur Freak On                                                                                                                                                                   - Missy Elliott                                   ,0.8923923923923924,0.5745745745745746,0.0,0.5753029138967041,1.0,0.9359359359359359,0.7403396675241335,0.6491491491491492,0.4824824824824825,0.5385385385385385,0.7407225407225405,0.9693060506126138
Remember the Name (feat. Styles of Beyond)                                                                                                                                        - Fort Minor                                      ,0.7492492492492493,0.647147147147147,0.7217217217217218,0.8769775678866588,1.0,0.719706861011209,0.4533405229057403,0.2796807244820091,0.16016016016016016,0.5385385385385385,0.9246103605965198,0.11960414092243034
Party Like A Rock Star                                                                                                                                                            - Shop Boyz                                       ,0.6266266266266266,0.4674674674674675,0.6341341341341341,0.8283188849226586,1.0,0.2602602602602603,0.2833304475214713,0.0,0.9555876796566624,0.5385385385385385,0.7527527527527528,0.8350979110933376
Hands Up                                                                                                                                                                          - Lloyd Banks                                     ,0.9176410298785385,0.7212212212212212,0.16616616616616617,0.9859295186391501,1.0,0.9426761563325439,0.4773864773864774,0.0,0.9566383549396513,0.5385385385385385,0.6736657213320566,0.2217126217126218
Let Me Blow Ya Mind                                                                                                                                                               - Eve                                             ,0.9879879879879879,0.3103103103103103,0.16616616616616617,0.8681413908437978,0.0,0.7862862862862863,0.6293043043043042,0.0,0.08608608608608609,0.5385385385385385,0.9306006207414658,0.1563004254187758
Ridin'                                                                                                                                                                            - Chamillionaire                                  ,0.9024024024024024,0.5890890890890891,0.7217217217217218,0.8220627133670612,0.0,0.7545926799282504,0.5885885885885885,0.0,0.8243243243243243,0.5385385385385385,0.8943943943943944,0.8218145946292502
"Shake Ya Tailfeather - Nelly, P. Diddy, Murphy Lee                                                                                                                              - Diddy                                           ",0.7237237237237237,0.5665665665665666,0.16616616616616617,0.7330338520776511,1.0,0.9669669669669669,0.6011011011011012,0.0,0.6481481481481481,0.5385385385385385,0.9419419419419419,0.13526174633365218
Hotel (feat. R. Kelly)                                                                                                                                                            - Cassidy                                         ,0.7332332332332332,0.3973973973973974,0.0,0.5520616075725975,1.0,0.9315327303351255,0.5090731612470744,0.0,0.4244244244244244,0.5385385385385385,0.4984984984984985,0.1669118266662478
Swang                                                                                                                                                                             - Rae Sremmurd                                    ,0.7402402402402402,0.16916916916916916,0.7217217217217218,0.35058524890706516,1.0,0.5225225225225225,0.5965965965965966,0.3270923042656894,0.3128128128128128,0.5385385385385385,0.2097097097097097,0.7986299753290026
Ms. Jackson                                                                                                                                                                       - Outkast                                         ,0.9555735056542809,0.6026026026026026,0.3918918918918919,0.6648230088495576,0.0,0.9655442029967548,0.549049049049049,0.0,0.14764764764764765,0.5385385385385385,0.6926926926926927,0.21725210423893251
Freek-A-Leek                                                                                                                                                                      - Petey Pablo                                     ,0.8598598598598599,0.44244244244244246,0.27127127127127126,0.9189452610505241,1.0,0.9059059059059059,0.4741884741884742,0.0,0.9029029029029029,0.5385385385385385,0.7117117117117117,0.3533943816666331
Congratulations                                                                                                                                                                   - Post Malone                                     ,0.6491491491491492,0.5990990990990991,0.5445445445445445,0.8748748748748749,1.0,0.1921921921921922,0.6082944207944208,0.0,0.7702702702702702,0.5385385385385385,0.5734959336067371,0.5611393784486844
Throw Myself A Party                                                                                                                                                              - Cashmere Cat                                    ,0.6406406406406406,0.3833833833833834,0.7217217217217218,0.7627260063000577,0.0,0.46768982229402234,0.5935935935935935,0.0,0.5785785785785786,0.5385385385385385,0.6016016016016016,0.7678785598392077
Let's Go (feat. Big D & Twista)                                                                                                                                                   - Trick Daddy                                     ,0.8448448448448449,0.5445445445445445,1.0,0.45546650536821415,0.0,0.9009009009009009,0.3783783783783784,0.0,0.8688688688688688,0.5385385385385385,0.6056056056056056,0.747816572540941
"My Neck, My Back (Lick It)                                                                                                                                                      - Khia                                            ",0.9644644644644644,0.45495495495495497,0.8058058058058057,0.989932794240307,0.0,0.8038038038038038,0.3862386277062045,0.0,0.05573505654281095,0.5385385385385385,0.8068068068068068,0.319380648910918
Tipsy - Radio Mix                                                                                                                                                                 - J-Kwon                                          ,0.992992992992993,0.5165165165165165,1.0,0.7092581429977696,0.0,0.96996996996997,0.43469809257684366,0.0,0.31931931931931934,0.5385385385385385,0.6941941941941943,0.18597732805754524
Jump                                                                                                                                                                              - Kris Kross                                      ,0.8478478478478478,0.512012012012012,0.27127127127127126,0.27829968097343116,1.0,0.8928928928928929,0.20410286466949634,0.5259043425341242,0.8673673673673674,0.5385385385385385,0.5605605605605606,0.3157162910036469
Trouble On My Mind                                                                                                                                                                - Pusha T                                         ,0.6976976976976977,0.5835835835835835,0.27127127127127126,0.6307959247825617,1.0,0.9911504424778762,0.5165165165165165,0.36047011593356726,0.8327878547763823,0.5385385385385385,0.6711711711711712,0.9421717457966708
Just A Lil Bit                                                                                                                                                                    - 50 Cent                                         ,0.7512512512512513,0.4069069069069069,0.7217217217217218,0.4669344870210135,1.0,0.9817102518851275,0.4189184174154114,0.5377128223753991,0.7887887887887888,0.5385385385385385,0.6141141141141142,0.25791440198165994
Fight Music                                                                                                                                                                       - D12                                             ,0.8488488488488488,0.6696696696696697,0.0,0.9578232173336597,1.0,0.9621162229121593,0.48170011806375446,0.0,0.8673673673673674,0.5385385385385385,0.8342507226853022,0.14869518266941145
Work It                                                                                                                                                                           - Missy Elliott                                   ,0.9804804804804805,0.4264264264264264,0.16616616616616617,0.7054206268123794,1.0,0.9718372820742064,0.47893002893002895,0.0,0.12570889628682974,0.5385385385385385,0.6636636636636637,0.31381533627904673
Wait (The Whisper Song)                                                                                                                                                           - Ying Yang Twins                                 ,0.994994994994995,0.27227227227227224,0.6341341341341341,0.18516983440898416,1.0,0.986986986986987,0.22422422422422422,0.5105083109111676,0.36936936936936937,0.5385385385385385,0.6746746746746747,0.3174236381783557
Bring Em Out - Amended                                                                                                                                                            - T.I.                                            ,0.8693693693693694,0.7147147147147147,1.0,0.8651711924439199,1.0,0.9674674674674675,0.42282771254177137,0.0,0.7487487487487487,0.5385385385385385,0.6526526526526526,0.279004834399208
There It Go (The Whistle Song)                                                                                                                                                    - Juelz Santana                                   ,0.9966609190269079,0.7477477477477478,0.5445445445445445,0.6096682756257225,0.0,0.9239239239239239,0.3650531286894923,0.47627266010438374,0.7807807807807807,0.5385385385385385,0.6746746746746747,0.2971452099917662
Window Shopper                                                                                                                                                                    - 50 Cent                                         ,0.493993993993994,0.4169169169169169,0.4664664664664665,0.7777777777777778,0.0,0.9229229229229229,0.43752050195964276,0.0,0.9006609349075103,0.5385385385385385,0.5045045045045045,0.9559948151342346
Wop (Official Version)                                                                                                                                                            - J. Dash                                         ,0.950950950950951,0.6176176176176176,0.6341341341341341,0.6977413028989957,1.0,0.5955955955955956,0.3119072650761145,0.0,0.4314314314314314,0.5385385385385385,0.7227227227227228,0.426904496166606
Gravel Pit                                                                                                                                                                        - Wu-Tang Clan                                    ,0.8988988988988988,0.4934934934934935,0.6341341341341341,0.38669107864720303,1.0,0.9569569569569569,0.6627976753545058,0.0,0.7887887887887888,0.5385385385385385,0.6296296296296297,0.5300934705180254
Yeah!                                                                                                                                                                             - Usher                                           ,0.9846932038421403,0.5845845845845846,0.27127127127127126,0.8202065922042716,1.0,0.7467467467467468,0.362074797746617,0.0,0.01459406041772632,0.5385385385385385,0.6536536536536537,0.3537683532447939
You're a Jerk                                                                                                                                                                     - New Boyz                                        ,0.994683904623242,0.2337907752541899,0.3918918918918919,0.6295867474171714,1.0,0.9873068846197445,0.5595595595595596,0.0,0.24124124124124124,0.5385385385385385,0.6086086086086087,0.2840531394974449
Crank That (Soulja Boy)                                                                                                                                                           - Soulja Boy                                      ,0.8304679919230016,0.48098098098098097,0.0,0.9890008804282147,1.0,0.6626626626626626,0.7355165955635072,0.0,0.12912912912912913,0.5385385385385385,0.8975234633129368,0.8048889502016637
Shake That                                                                                                                                                                        - Eminem                                          ,0.9996831766818038,0.3858858858858859,0.16616616616616617,0.6775969477383348,0.0,0.7832832832832832,0.444413931987734,0.3701465043318078,0.6116116116116116,0.5385385385385385,0.6306306306306306,0.3743221931325531
My Band                                                                                                                                                                           - D12                                             ,0.95995995995996,0.6776776776776776,0.5445445445445445,0.9467906210164428,0.0,0.6905600117088364,0.7227227227227228,0.2752752752752753,0.36036036036036034,0.5385385385385385,0.9229229229229229,0.517337803650287
Bad Boy for Life                                                                                                                                                                  - Diddy                                           ,0.7187187187187187,0.6351351351351351,0.16616616616616617,0.9135072341324322,1.0,0.9990029004414729,0.5795795795795796,0.0,0.7567567567567568,0.5385385385385385,0.6886886886886887,0.49593938917083025
All Eyez On Me (ft. Big Syke)                                                                                                                                                     - 2Pac                                            ,0.9757673667205169,0.4787662047384891,0.16616616616616617,0.6644628099173554,1.0,0.9544557038316399,0.3893893893893894,0.0,0.8673673673673674,0.5385385385385385,0.910649281444106,0.19122383070028812
Dance (A$$) Remix                                                                                                                                                                 - Big Sean                                        ,0.9009009009009009,0.4904904904904905,1.0,0.5583598038471685,0.0,0.9879466798852595,0.380714047380714,0.49350876959090056,0.17917917917917917,0.5385385385385385,0.8058058058058059,0.8998969621743189
Gangsta Nation                                                                                                                                                                    - Westside Connection                             ,0.9555735056542809,0.45495495495495497,0.8058058058058057,0.9495849495849495,0.0,0.9614273284627577,0.5331179321486269,0.0,0.9947031243789348,0.5385385385385385,0.7472472472472473,0.2294226409394943
"Writer's Block (feat. Eminem)                                                                                                                                                     - Royce Da 5'9""                                ",0.40040040040040037,0.4620355411954768,0.0,0.6633884666964684,1.0,0.8253253253253253,0.19923502777768615,0.26070446838821004,0.8343343343343343,0.5385385385385385,0.26176176176176175,0.8932907367863672
Fu-Gee-La                                                                                                                                                                         - Fugees                                          ,0.7402402402402402,0.26726726726726724,0.16616616616616617,0.23323323323323322,1.0,0.8538538538538538,0.5425425425425425,0.0,0.7457457457457457,0.5385385385385385,0.482982982982983,0.1516242480385908
"Nuthin' But A ""G"" Thang                                                                                                                                                       - Dr. Dre                                         ",0.91991991991992,0.45345345345345345,1.0,0.41991330088990314,0.0,0.9702968741870344,0.28536857444780356,0.0,0.575075075075075,0.5385385385385385,0.7297297297297297,0.21350130907195872
Been Around the World (feat. The Notorious B.I.G. & Mase) - 2014 Remaster                                                                                                         - Diddy                                           ,0.8478478478478478,0.6126126126126126,0.5445445445445445,0.7515120494302115,0.0,0.6376376376376376,0.2569990928065021,0.3924255915736214,0.8638638638638638,0.5385385385385385,0.9075764750354639,0.28829793667336057
Walk                                                                                                                                                                              - Pantera                                         ,0.37237237237237236,0.46046046046046046,0.16616616616616617,0.43575279500382647,0.0,0.6701701701701701,0.16616616616616617,0.5055055055055055,0.25725725725725723,0.5385385385385385,0.7707707707707707,0.48965433255765317
Duality                                                                                                                                                                           - Slipknot                                        ,0.3023023023023023,0.955955955955956,0.3918918918918919,0.962866804493806,0.0,0.8968968968968969,0.17990698121702484,0.4375698883895605,0.7082082082082082,0.5385385385385385,0.2471628365303892,0.8258012591401749
Chop Suey!                                                                                                                                                                        - System Of A Down                                ,0.36036036036036034,0.8193193193193193,0.6341341341341341,0.9029029029029029,0.0,0.8143143143143143,0.1949590309939437,0.46988591698844717,0.4824824824824825,0.5385385385385385,0.36736736736736736,0.6325861803037807
Enter Sandman                                                                                                                                                                     - Metallica                                       ,0.5625625625625625,0.6336336336336337,0.5445445445445445,0.38537916618278945,0.0,0.055055055055055056,0.24386241912015108,0.5633760115864237,0.05939272605939272,0.5385385385385385,0.6836836836836837,0.5622957266016756
The Trooper - 2015 Remaster                                                                                                                                                       - Iron Maiden                                     ,0.2197197197197197,0.7752752752752752,0.3918918918918919,0.8318318318318318,0.0,0.6156156156156156,0.3963963963963964,0.5556068441823026,0.8378378378378378,0.5385385385385385,0.7417417417417418,0.899230842562406
Paranoid                                                                                                                                                                          - Black Sabbath                                   ,0.3713713713713714,0.3733733733733734,0.3918918918918919,0.24063508044331325,0.0,0.6496496496496497,0.14524687288914934,0.5264101914117721,0.6516516516516516,0.5385385385385385,0.45645645645645644,0.9096753601881196
Hail to the King                                                                                                                                                                  - Avenged Sevenfold                               ,0.5665665665665666,0.7932932932932932,0.3383383383383384,0.8568568568568569,0.0,0.24524524524524524,0.18790417796382014,0.5905096660808435,0.5025025025025025,0.5385385385385385,0.7557557557557557,0.48749343077363094
Under and Over It                                                                                                                                                                 - Five Finger Death Punch                         ,0.4109109109109109,0.993993993993994,1.0,0.9626504479382023,0.0,0.9069069069069069,0.08716655195528437,0.0,0.7757757757757757,0.5385385385385385,0.11663876265646177,0.04672087634967649
Du hast                                                                                                                                                                           - Rammstein                                       ,0.6681681681681682,0.8053053053053053,0.8058058058058057,0.6196196196196196,0.0,0.24074074074074076,0.2661887984449034,0.6143813371318858,0.8653653653653655,0.5385385385385385,0.7817817817817818,0.5953227474127312
Raining Blood                                                                                                                                                                     - Slayer                                          ,0.12862862862862862,0.9904904904904905,0.8883883883883883,0.8557654396746203,0.0,0.9019019019019019,0.19887599197944023,0.7050383717050384,0.507007007007007,0.5385385385385385,0.018477013598964812,0.13403791546230087
Master Of Puppets                                                                                                                                                                 - Metallica                                       ,0.5085085085085085,0.6486486486486487,0.3918918918918919,0.35940651917434535,0.0,0.16966966966966968,0.2102687140226123,0.7108296146137651,0.5965965965965966,0.5385385385385385,0.6411411411411412,0.356588033703387
The Beautiful People                                                                                                                                                              - Marilyn Manson                                  ,0.6306306306306306,0.6451451451451451,0.8883883883883883,0.30625420819650506,0.0,0.4994994994994995,0.2150897423537577,0.715874682361715,0.07271232271232272,0.5385385385385385,0.9652665589660748,0.827343889956233
Freak On a Leash                                                                                                                                                                  - Korn                                            ,0.3012903993102014,0.7572572572572573,0.27127127127127126,0.6719319527752635,1.0,0.46146146146146144,0.10254600003903623,0.6411111376628617,0.9216683050763771,0.5385385385385385,0.6116116116116116,0.332682597463598
Dragula                                                                                                                                                                           - Rob Zombie                                      ,0.5830830830830831,0.9054054054054055,0.0,0.5938559512362295,0.0,0.473973973973974,0.15052136508359662,0.40543093270365993,0.15215215215215216,0.5385385385385385,0.6876876876876877,0.5921431635717347
Ace of Spades                                                                                                                                                                     - Motörhead                                       ,0.27427427427427425,0.9324324324324325,0.3383383383383384,0.37896204911435644,0.0,0.8473473473473474,0.217788034860115,0.40867911766666504,0.23165553096348948,0.5385385385385385,0.29479479479479476,0.8087795686066287
Symphony Of Destruction                                                                                                                                                           - Megadeth                                        ,0.6116116116116116,0.7452452452452452,0.3918918918918919,0.7252252252252251,0.0,0.5285285285285285,0.21601069119719787,0.636496778330939,0.09068557608703591,0.5385385385385385,0.5935935935935935,0.7952705893799805
A Warrior's Call                                                                                                                                                                  - Volbeat                                         ,0.3213213213213213,0.7652652652652652,0.8883883883883883,0.8434796807180994,1.0,0.6816816816816816,0.2140772677685429,0.3086455091145309,0.7607607607607607,0.05005005005005005,0.5125125125125125,0.3940830166301501
Down with the Sickness                                                                                                                                                            - Disturbed                                       ,0.6856856856856857,0.7542542542542543,0.8883883883883883,0.9744766861817097,0.0,0.502002002002002,0.1901539797071678,0.3334763334763336,0.3278278278278278,0.5385385385385385,0.954954954954955,0.15503791982665122
Hellraiser - 30th Anniversary Edition                                                                                                                                             - Ozzy Osbourne                                   ,0.637137137137137,0.8323323323323324,0.3918918918918919,0.9505672140999043,1.0,0.33933933933933935,0.24820184329988254,0.3593901593901594,0.36036036036036034,0.5385385385385385,0.4944944944944945,0.24724724724724725
Wait and Bleed                                                                                                                                                                    - Slipknot                                        ,0.3283283283283283,0.993993993993994,0.6341341341341341,0.8806807853742094,1.0,0.7707707707707707,0.24321133412042503,0.0,0.933933933933934,0.5385385385385385,0.40167364016736423,0.1922274420495901
Stinkfist                                                                                                                                                                         - TOOL                                            ,0.22122122122122123,0.48848848848848847,0.0,0.5800206582271233,1.0,0.5511003031618755,0.17017017017017017,0.8247072160499723,0.5325325325325325,0.5385385385385385,0.5475475475475475,0.9363206876929835
Your Betrayal                                                                                                                                                                     - Bullet For My Valentine                         ,0.5495495495495496,0.7307307307307307,0.27127127127127126,0.8512613429405356,0.0,0.6405870579248122,0.14655142398403492,0.39631177569321896,0.21621621621621623,0.5385385385385385,0.45383831150929116,0.7497497497497497
Laid to Rest                                                                                                                                                                      - Lamb of God                                     ,0.3073073073073073,0.8938938938938938,0.16616616616616617,0.9217754655821122,1.0,0.7707707707707707,0.17677615202634034,0.5204920913884007,0.9381953028430159,0.05005005005005005,0.1981981981981982,0.32910760047725796
Die MF Die                                                                                                                                                                        - Dope                                            ,0.6996996996996997,0.8968968968968969,0.4664664664664665,0.9322143126838112,0.0,0.612064066260446,0.23789086904144247,0.47900040815397005,0.3868868868868869,0.5385385385385385,0.6476476476476476,0.6130464520920047
Sugar                                                                                                                                                                             - System Of A Down                                ,0.3933933933933934,0.7417417417417418,0.16616616616616617,0.9748655573946342,1.0,0.9615673648722242,0.23764422950512482,0.5045704891427192,0.7746284746284747,0.5385385385385385,0.6655795777479218,0.7234293048559148
Cowboys from Hell                                                                                                                                                                 - Pantera                                         ,0.35435435435435436,0.7752752752752752,0.27127127127127126,0.32731307871494786,1.0,0.6476476476476476,0.27354403978822395,0.5998285620213787,0.17317317317317318,0.5385385385385385,0.5210016155088852,0.45513648048411653
Shadow Moses                                                                                                                                                                      - Bring Me The Horizon                            ,0.39789789789789787,0.9639639639639639,0.5445445445445445,0.9662608157685514,1.0,0.933933933933934,0.17942177985846106,0.5236907730673317,0.3353353353353353,0.5385385385385385,0.2327327327327327,0.8214231507231621
South Of Heaven                                                                                                                                                                   - Slayer                                          ,0.2527527527527528,0.980980980980981,0.4664664664664665,0.9157709898450639,0.0,0.9807562260579078,0.16227089852481003,0.6333636260554653,0.28495161828495164,0.5385385385385385,0.04054054054054054,0.8037710560070843
My Own Summer (Shove It)                                                                                                                                                          - Deftones                                        ,0.3838838838838839,0.565065065065065,0.16616616616616617,0.864307361423404,1.0,0.22322322322322322,0.08508508508508508,0.6699629171817058,0.6306306306306306,0.5385385385385385,0.45245245245245247,0.026202646587697515
Painkiller                                                                                                                                                                        - Judas Priest                                    ,0.3772153025508731,0.9689689689689689,0.16616616616616617,0.8241583595676493,0.0,0.8863863863863863,0.17448669844900044,0.6330314369291227,0.7847847847847848,0.5385385385385385,0.12612612612612611,0.3310605397681871
Break Stuff                                                                                                                                                                       - Limp Bizkit                                     ,0.3743743743743744,0.7322322322322322,0.7217217217217218,0.5745137766574396,1.0,0.8338338338338338,0.32682882284078696,0.45789944780987046,0.6306306306306306,0.5385385385385385,0.7042042042042043,0.3914520008489966
Looking Down the Barrel of Today                                                                                                                                                  - Hatebreed                                       ,0.43243243243243246,0.9689689689689689,0.16616616616616617,0.8186971308973576,1.0,0.6736736736736737,0.21042272010585258,0.6109133427683341,0.8018018018018018,0.5385385385385385,0.5825825825825826,0.9775421868138765
Blood and Thunder                                                                                                                                                                 - Mastodon                                        ,0.31257585018646966,0.8348348348348349,0.27127127127127126,0.5868740663603311,1.0,0.6256256256256256,0.06914222057185294,0.7737737737737738,0.0031078042958495944,0.5385385385385385,0.5585585585585585,0.18138743773539098
Roots Bloody Roots                                                                                                                                                                - Sepultura                                       ,0.37037037037037035,0.7137137137137137,0.3918918918918919,0.5735735735735735,0.0,0.8293293293293293,0.19267081630490934,0.6053718870296,0.8378378378378378,0.5385385385385385,0.3208208208208208,0.5055308184248636
You Can't Bring Me Down                                                                                                                                                           - Suicidal Tendencies                             ,0.1995153473344103,0.8913913913913913,0.0,0.27083582489564256,1.0,0.9920946212917016,0.24142498033173274,0.3781435082140964,0.24233662492955324,0.5385385385385385,0.030736743810948736,0.7734871799091663
Dig                                                                                                                                                                               - Mudvayne                                        ,0.6341341341341342,0.9589589589589589,1.0,0.9310946037489677,0.0,0.8728728728728729,0.15415850862361072,0.6195493671070827,0.7772772772772774,0.5385385385385385,0.3333333333333333,0.7555235909851011
Thunder Kiss '65                                                                                                                                                                  - White Zombie                                    ,0.7457457457457457,0.6861861861861862,0.8058058058058057,0.32428210269633245,1.0,0.27127127127127126,0.20769577331389782,0.5146217812203513,0.947729113548433,0.5385385385385385,0.6036036036036035,0.43396392538814926
My Curse                                                                                                                                                                          - Killswitch Engage                               ,0.08708708708708708,0.8863863863863863,0.8883883883883883,0.9672971766437616,0.0,0.5856057219490388,0.14418683357850914,0.5580059415221648,0.7772772772772774,0.05005005005005005,0.2652652652652653,0.9674694686515827
Are You Dead Yet?                                                                                                                                                                 - Children Of Bodom                               ,0.40290290290290287,0.8998998998998999,0.7217217217217218,0.9637535531294699,1.0,0.4114114114114114,0.05982534258396327,0.651730923470054,0.8343343343343343,0.5385385385385385,0.4984984984984985,0.2436000356792443
Only for the Weak                                                                                                                                                                 - In Flames                                       ,0.3993993993993994,0.7777777777777778,0.0,0.8510466124273296,0.0,0.3563563563563564,0.024024024024024024,0.7835305043426872,0.8003003003003002,0.5385385385385385,0.5710823909531503,0.3539927361916899
Davidian                                                                                                                                                                          - Machine Head                                    ,0.2072072072072072,0.8403403403403403,0.6341341341341341,0.5404051927159668,1.0,0.8968968968968969,0.2057549578165301,0.6446280991735538,0.7377377377377378,0.05005005005005005,0.3563563563563564,0.8814476294186545
Madhouse                                                                                                                                                                          - Anthrax                                         ,0.27427427427427425,0.7342342342342343,0.8058058058058057,0.2763295099061523,1.0,0.7164629096101177,0.36795100609791764,0.5276308624603059,0.9876463982031124,0.5385385385385385,0.5605605605605606,0.9116007883699293
"Snap Your Fingers, Snap Your Neck                                                                                                                                               - Prong                                           ",0.7167167167167167,0.5765765765765766,0.4664664664664665,0.5636351965348247,1.0,0.31731731731731727,0.14364364364364363,0.6419068232910715,0.15815815815815815,0.5385385385385385,0.7617041569871759,0.7772290849769549
Replica                                                                                                                                                                           - Fear Factory                                    ,0.557057057057057,0.8528528528528528,1.0,0.7522952882509204,1.0,0.6496496496496497,0.11868217812102845,0.5967448619289593,0.9039039039039038,0.5385385385385385,0.7862862862862863,0.4272062918509267
War Eternal                                                                                                                                                                       - Arch Enemy                                      ,0.38691437802907924,0.9504504504504505,0.4664664664664665,0.855107328453824,0.0,0.6296296296296297,0.10554247179204906,0.6596596596596597,0.516016016016016,0.5385385385385385,0.35035035035035034,0.8848848848848849
Dying in Your Arms                                                                                                                                                                - Trivium                                         ,0.39039039039039036,0.8323323323323324,0.8058058058058057,0.9255971472123934,0.0,0.477977977977978,0.1091091091091091,0.40688994298308656,0.12609807706129947,0.5385385385385385,0.7671933852289968,0.9012720065143905
Biggest & The Best - Remastered version                                                                                                                                           - Clawfinger                                      ,0.5215215215215215,0.7972972972972974,0.16616616616616617,0.7551356155726715,1.0,0.5725725725725725,0.3353353353353353,0.46422056005289347,0.2544426494345719,0.5385385385385385,0.6806806806806807,0.9329562020232813
I Wanna Rock                                                                                                                                                                      - Twisted Sister                                  ,0.45345345345345345,0.7812812812812813,0.27127127127127126,0.9655883898822026,1.0,0.634243856987116,0.2797917169689975,0.5655655655655656,0.8938938938938938,0.5385385385385385,0.7437437437437437,0.367358967593926
Stone the Crow                                                                                                                                                                    - DOWN                                            ,0.38538538538538536,0.7812812812812813,1.0,0.6411411411411412,0.0,0.26626626626626626,0.33158220024721885,0.5569426212295657,0.20520520520520522,0.5385385385385385,0.6382500075090398,0.3691423854575853
Twilight Of The Thunder God                                                                                                                                                       - Amon Amarth                                     ,0.3213213213213213,0.8018018018018018,0.5445445445445445,0.8258258258258259,1.0,0.4394394394394394,0.09170688613861765,0.5905799648506151,0.16316316316316315,0.5385385385385385,0.34234234234234234,0.9908411933823255
Stand My Ground                                                                                                                                                                   - Within Temptation                               ,0.16816816816816815,0.6981981981981982,0.4664664664664665,0.8862526020132085,0.0,0.44244244244244246,0.4360660997914327,0.47515038235951873,0.44494494494494496,0.5385385385385385,0.16216216216216217,0.13558706677428617
Carrion                                                                                                                                                                           - Parkway Drive                                   ,0.13063063063063063,0.9214214214214214,0.5445445445445445,0.8865752346958994,0.0,0.7572572572572572,0.184432550965416,0.0,0.2952952952952953,0.5385385385385385,0.5113085621970921,0.8859300609162429
L'enfant sauvage                                                                                                                                                                  - Gojira                                          ,0.03003003003003003,0.9904904904904905,0.7217217217217218,0.6949509064384659,1.0,0.9129129129129129,0.1647449970979383,0.7119166249156014,0.9029029029029029,0.05005005005005005,0.09919653893695919,0.13603250553146198
Ritual                                                                                                                                                                            - Ghost                                           ,0.7212212212212212,0.6951951951951951,0.0,0.7559231113097901,0.0,0.46850328589459017,0.49371652245570663,0.3583970061978179,0.4629629629629629,0.5385385385385385,0.7977977977977978,0.7314195664870768
My Girlfriend's Girlfriend                                                                                                                                                        - Type O Negative                                 ,0.5,0.5355355355355356,0.3918918918918919,0.5445364826432787,0.0,0.1366366366366366,0.5635635635635635,0.9094094094094094,0.08708708708708708,0.5385385385385385,0.7350565428109856,0.44950816922027287
Heaven's a Lie                                                                                                                                                                    - Lacuna Coil                                     ,0.3683683683683684,0.7277277277277278,0.3918918918918919,0.9376891817190324,0.0,0.27477477477477474,0.2236174281077194,0.514276613957439,0.49199199199199195,0.5385385385385385,0.46446446446446443,0.7996353531627326
Halo                                                                                                                                                                              - Soil                                            ,0.4811715481171552,0.7892892892892893,0.3383383383383384,0.8748748748748749,1.0,0.6156156156156156,0.10799225663716815,0.4866738894907909,0.05498169783884068,0.5385385385385385,0.5435435435435435,0.41747728617570795
Push It                                                                                                                                                                           - Static-X                                        ,0.53003003003003,0.9439439439439439,0.0,0.8965200460181455,1.0,0.43043043043043044,0.19795748828006887,0.29785420167185744,0.8063063063063063,0.5385385385385385,0.5825825825825826,0.8611100868945342
Nemo                                                                                                                                                                              - Nightwish                                       ,0.43793793793793795,0.5105105105105106,0.3383383383383384,0.6174996708124002,1.0,0.16466466466466467,0.16654600916439358,0.4042830732053836,0.8563563563563563,0.5385385385385385,0.4555830940110417,0.5944352578369847
Panic Attack                                                                                                                                                                      - Dream Theater                                   ,0.44144144144144143,0.8968968968968969,0.16616616616616617,0.7218846660487293,1.0,0.8253253253253253,0.12112112112112113,0.5345345345345345,0.4244244244244244,0.5385385385385385,0.15965965965965967,0.6056056056056056
"Rigoletto / Act 3: ""La donna è mobile""                                                                                                                                        - Giuseppe Verdi                                  ",0.31431431431431434,0.10810810810810811,0.5445445445445445,0.16217716698871473,1.0,0.23873873873873874,0.9219219219219219,0.32966877264229605,0.19119119119119118,0.05005005005005005,0.47092084006462037,0.015358591112239032
"La Traviata / Act 1: ""Libiamo ne'lieti calici""                                                                                                                                - Giuseppe Verdi                                  ",0.36536536536536535,0.12812812812812813,0.8883883883883883,0.1016420499815334,1.0,0.6466466466466466,0.9204204204204205,0.36216021964960715,0.9792903114820923,0.5385385385385385,0.34734734734734735,0.4415073386850453
"Turandot / Act 3: ""Nessun dorma!""                                                                                                                                             - Giacomo Puccini                                 ",0.10560560560560561,0.16339951390766802,0.27127127127127126,0.2077993903892048,1.0,0.2677677677677678,0.9194194194194194,0.5235125324226215,0.8853853853853855,0.05005005005005005,0.10012248199950462,0.06624718596147182
"La fille du régiment / Act 1: ""Ah! mes amis, quel jour de fête!""                                                                                                              - Gaetano Donizetti                               ",0.4014014014014014,0.1663889570504357,0.3383383383383384,0.1439962979308183,1.0,0.7461801745087865,0.9404404404404405,0.4874322860238353,0.6726726726726726,0.5385385385385385,0.5525525525525525,0.09210351810777694
"Gianni Schicchi: ""O mio babbino caro""                                                                                                                                         - Giacomo Puccini                                 ",0.17267267267267267,0.11861861861861861,0.7217217217217218,0.08733190729974372,1.0,0.34684684684684686,0.9429429429429429,0.7002626507104118,0.9787033450208753,0.05005005005005005,0.1021021021021021,0.6869315110618797
"Le nozze di Figaro, K. 492 / Act 3: ""Sull’aria ... Che soave zeffiretto""                                                                                                      - Wolfgang Amadeus Mozart                         ",0.15865865865865864,0.03752648547601229,0.8883883883883883,0.03558612224821589,1.0,0.46646646646646645,0.9539539539539539,0.32028863116946016,0.924924924924925,0.05005005005005005,0.12962962962962965,0.3285764832565633
Amazing Grace (Arr. William Ross)                                                                                                                                                 - John Newton                                     ,0.043043043043043044,0.0965965965965966,0.0,0.14489862196284214,1.0,0.15165165165165165,0.8888888888888888,0.5145289220876557,0.5560560560560561,0.5385385385385385,0.14414414414414414,0.043650247109097824
"Rigoletto / Act 1: ""Questa o quella""                                                                                                                                          - Giuseppe Verdi                                  ",0.43343343343343343,0.20426535558114503,0.16616616616616617,0.15129332342763455,1.0,0.582082082082082,0.9219219219219219,0.0,0.8998998998998999,0.5385385385385385,0.8378378378378378,0.1434905365455369
"Die Zauberflöte, K.620 / Act 2: ""Der Hölle Rache kocht in meinem Herzen""                                                                                                      - Wolfgang Amadeus Mozart                         ",0.5185185185185185,0.07507507507507508,0.4664664664664665,0.09890589761390227,1.0,0.8473473473473474,0.92992992992993,0.5822002472187887,0.4314314314314314,0.5385385385385385,0.3258258258258258,0.02356351981066437
"Tannhäuser, WWV 70 / Act 2: ""Dich, teure Halle, grüß ich wieder""                                                                                                              - Richard Wagner                                  ",0.14614614614614616,0.13552976812645323,0.3918918918918919,0.18916497051881437,0.0,0.424119802253507,0.948948948948949,0.43786262843639895,0.19519519519519518,0.5385385385385385,0.04054054054054054,0.9256049611062687
"Il Trovatore / Act 3: ""Di quella pira""                                                                                                                                        - Giuseppe Verdi                                  ",0.30930930930930933,0.1921921921921922,0.0,0.23566746322049736,1.0,0.5995995995995996,0.9364364364364364,0.5067376574225889,0.9119623425707077,0.5385385385385385,0.4674674674674675,0.08230837168763255
"Manon Lescaut / Act 2: ""In quelle trine morbide""                                                                                                                              - Giacomo Puccini                                 ",0.06906906906906907,0.07778274474742959,0.8883883883883883,0.10517707875952831,0.0,0.4394394394394394,0.9594594594594594,0.6295331836634822,0.3128128128128128,0.5385385385385385,0.0312571385798817,0.9239512522583695
West Side Story: Somewhere                                                                                                                                                        - Leonard Bernstein                               ,0.04204204204204204,0.1041041041041041,0.4664664664664665,0.12414423143636795,1.0,0.4114114114114114,0.9239239239239239,0.5766495508763549,0.14664664664664664,0.05005005005005005,0.0312571385798817,0.9509978596757334
"Don Giovanni, ossia Il dissoluto punito, K.527 / Act 1: ""Là ci darem la mano""                                                                                                 - Wolfgang Amadeus Mozart                         ",0.14714714714714713,0.04539887124277577,0.8058058058058057,0.051040925937134066,1.0,0.43543543543543545,0.9539539539539539,0.5749704840613932,0.9868576989018657,1.0,0.35535535535535534,0.1220954562170451
"Il Trovatore / Act 2: ""Vedi! le fosche notturne spoglie"" (Anvil Chorus)                                                                                                       - Giuseppe Verdi                                  ",0.3813813813813814,0.1841841841841842,0.6341341341341341,0.17772978192680905,1.0,0.2817817817817818,0.8668668668668669,0.5779518532670997,0.9553377421410412,0.5385385385385385,0.6086086086086087,0.7178537506056665
'O sole mio (Arr. Chiaramello)                                                                                                                                                    - Eduardo di Capua                                ,0.1896896896896897,0.15165165165165168,0.8058058058058057,0.1640536568216134,1.0,0.2127127127127127,0.9089089089089089,0.6465586394994386,0.5825825825825826,0.05005005005005005,0.34234234234234234,0.03307629054373431
"Non ti scordar di me (Arr. for Soprano, Tenor and Orchestra by Giancarlo Chiaramello)                                                                                           - Ernesto de Curtis                               ",0.06506506506506507,0.11761761761761762,0.8058058058058057,0.1633860835739931,1.0,0.25075075075075076,0.924924924924925,0.4653542976989746,0.9129129129129129,0.5385385385385385,0.0869745575221239,0.08402096820881826
"La Cenerentola / Act 2: ""Non più mesta""                                                                                                                                       - Gioachino Rossini                               ",0.3917609046849758,0.14714714714714713,0.3918918918918919,0.11893162774626365,1.0,0.6666666666666666,0.943943943943944,0.478296317275536,0.10710710710710711,0.5385385385385385,0.36336336336336333,0.7740297821048586
"L'elisir d'amore / Act 2: ""Una furtiva lagrima""                                                                                                                               - Gaetano Donizetti                               ",0.058058058058058054,0.06606606606606606,0.8883883883883883,0.09826868902696721,1.0,0.37037037037037035,0.950950950950951,0.4287734939908853,0.4074074074074074,0.5385385385385385,0.08614491150442478,0.058114394397889214
"Tosca / Act 3: ""E lucevan le stelle""                                                                                                                                          - Giacomo Puccini                                 ",0.05655655655655656,0.09559559559559559,1.0,0.1732311293573494,0.0,0.3883883883883884,0.948948948948949,0.7877877877877878,0.12012012012012012,0.5385385385385385,0.0075242038003868915,0.12882958508898612
"Adriana Lecouvreur / Act 1: ""Ecco: respiro appena ... Io son l'umile ancella""                                                                                                 - Francesco Cilea                                 ",0.1041041041041041,0.08004643095332331,0.7217217217217218,0.09106654894084047,1.0,0.4069069069069069,0.943943943943944,0.5595595595595596,0.36936936936936937,0.5385385385385385,0.016516516516516533,0.09697318186801943
"Don Pasquale / Act 3: ""Com'è gentil...tornami a dir""                                                                                                                          - Gaetano Donizetti                               ",0.22322322322322322,0.053065348946505136,0.8058058058058057,0.049057237256747044,1.0,0.47647647647647645,0.914914914914915,0.0,0.005464250256436041,0.05005005005005005,0.34734734734734735,0.9254960043275625
Péchés de vieillesse / Vol. III: Tirana pour deux voix (Les amants de Séville)                                                                                                    - Gioachino Rossini                               ,0.3683683683683684,0.13552976812645323,0.0,0.10658739906916452,1.0,0.5715715715715716,0.9539539539539539,0.4865655471289274,0.2817817817817818,0.05005005005005005,0.3533533533533533,0.4764903252698449
"Dido and Aeneas, Z.626 / Act 3: ""Thy hand, Belinda...When I am laid in earth""                                                                                                 - Henry Purcell                                   ",0.17267267267267267,0.06827181319798532,0.6341341341341341,0.08016684132641033,0.0,0.4394394394394394,0.9429429429429429,0.5108414947610928,0.6266266266266266,0.05005005005005005,0.009638400942748765,0.7227499668491212
"Bizet: Carmen, Act 1: ""L'amour est un oiseau rebelle"" (Carmen, Chorus) [Habanera]                                                                                             - Georges Bizet                                   ",0.3208208208208208,0.07907907907907907,0.27127127127127126,0.12435472609882471,1.0,0.5305305305305306,0.950950950950951,0.0,0.4824824824824825,0.5385385385385385,0.26176176176176175,0.7005629503962034
"Pagliacci / Act 1: ""Recitar!...Vesti la giubba""                                                                                                                               - Ruggero Leoncavallo                             ",0.08858858858858859,0.19119119119119118,0.3918918918918919,0.2021452864742304,0.0,0.3053053053053053,0.9169169169169169,0.7263496528202411,0.2937937937937938,0.05005005005005005,0.0920920920920921,0.08586458149292554
"Rinaldo, HWV 7a / Act 2: ""Lascia ch'io pianga""                                                                                                                                - George Frideric Handel                          ",0.08858858858858859,0.04786994098472502,0.3918918918918919,0.03995346373408067,1.0,0.6106106106106106,0.944944944944945,0.5315278277403772,0.516016016016016,0.05005005005005005,0.044044044044044044,0.960012909158952
"Roméo et Juliette, CG 9 / Act 1: ""Ah, je veux vivre""                                                                                                                          - Charles Gounod                                  ",0.2927927927927928,0.10058113544926238,0.0,0.06055910060152965,1.0,0.8293293293293293,0.9194194194194194,0.588386511416906,0.4314314314314314,0.5385385385385385,0.17317317317317318,0.06851667895889793
"Carmen / Act 2: Toreador Song: ""Votre toast, je peux vous le rendre"" (from Carmen / Act 2)                                                                                    - Georges Bizet                                   ",0.4109109109109109,0.18901453957996767,0.8883883883883883,0.2072730053385403,0.0,0.6571300849351813,0.9169169169169169,0.6766766766766766,0.6001001001001001,0.5385385385385385,0.6646646646646647,0.43237639183585136
"Nabucco / Act 3: Va, pensiero, sull'ali dorate                                                                                                                                  - Giuseppe Verdi                                  ",0.0024635365959566917,0.019050490934147447,0.16616616616616617,0.04021329735994282,1.0,0.26626626626626626,0.950950950950951,0.7605588389372172,0.3098098098098098,0.5385385385385385,0.16616616616616617,0.033297451770268445
"Le nozze di Figaro, K.492: Overture                                                                                                                                             - Wolfgang Amadeus Mozart                         ",0.24474474474474472,0.08108108108108109,0.27127127127127126,0.07416519617102901,1.0,0.2727727727727728,0.8888888888888888,0.9384384384384384,0.617117117117117,0.5385385385385385,0.3083083083083083,0.7935297819578454
"Die Zauberflöte, K.620 / Erster Aufzug: ""Dies Bildnis ist bezaubernd schön""                                                                                                   - Wolfgang Amadeus Mozart                         ",0.031031031031031032,0.08562197092084005,0.3383383383383384,0.0802493011959405,1.0,0.42542542542542544,0.9284284284284283,0.45860302844108514,0.6976976976976977,0.05005005005005005,0.06626113541007159,0.9594871077480073
"Werther: ""Pourquoi me réveiller, ô souffle du printemps?""                                                                                                                     - Jules Massenet                                  ",0.021628727108179164,0.0935935935935936,0.5445445445445445,0.13371241286953323,0.0,0.33933933933933935,0.9219219219219219,0.6513187304425571,0.6946946946946947,0.05005005005005005,0.09846517119244393,0.0660975260975261
"Giordano: Andrea Chénier, Act 3: ""La mamma morta"" (Maddalena)                                                                                                                 - Umberto Giordano                                ",0.11411411411411411,0.08886268142658538,0.27127127127127126,0.19220391088185093,1.0,0.34434434434434436,0.9272444009286117,0.4278028028028028,0.2172172172172172,0.5385385385385385,0.03453453453453455,0.15667242945767645
"Aida / Act 1: ""Celeste Aida""                                                                                                                                                  - Giuseppe Verdi                                  ",0.13213213213213212,0.09045136176639067,0.8883883883883883,0.1188555575334572,1.0,0.3638638638638638,0.9059059059059059,0.0,0.496996996996997,1.0,0.17317317317317318,0.06330362602980212
"La Bohème / Act 1: ""Sì. Mi chiamano Mimì""                                                                                                                                     - Giacomo Puccini                                 ",0.27427427427427425,0.10560560560560561,0.27127127127127126,0.17069662740340755,1.0,0.3638638638638638,0.975975975975976,0.567067067067067,0.7502502502502502,0.5385385385385385,0.04204204204204204,0.1584492931761444
"Vier letzte Lieder, TrV 296: 2. September                                                                                                                                       - Richard Strauss                                 ",0.023023023023023025,0.06200679410580532,0.27127127127127126,0.04955926011355242,1.0,0.3483483483483483,0.9634634634634635,0.6696605696605696,0.14014014014014015,0.5385385385385385,0.015015015015015015,0.8770034153823135
"La Bohème / Act 1: ""O soave fanciulla""                                                                                                                                        - Giacomo Puccini                                 ",0.050883383383383364,0.1136136136136136,0.6341341341341341,0.11616372589593485,1.0,0.35985985985985985,0.9284284284284283,0.6078661365950976,0.36936936936936937,0.05005005005005005,0.05964268942217556,0.09326236879310279
"Le nozze di Figaro, K.492 / Act 3: ""Dove sono i bei momenti""                                                                                                                  - Wolfgang Amadeus Mozart                         ",0.2782782782782783,0.05105105105105105,0.0,0.05711953427997857,1.0,0.495961227786753,0.950950950950951,0.5085085085085085,0.24424424424424424,0.05005005005005005,0.11591419515136946,0.16136825830261808
"La Bohème / Act 1: ""Che gelida manina""                                                                                                                                        - Giacomo Puccini                                 ",0.04104104104104104,0.14714714714714713,0.7217217217217218,0.21608036560117522,1.0,0.37287287287287285,0.9674674674674675,0.6675846741073586,0.37887887887887883,0.05005005005005005,0.0743028743028743,0.055662911776347294
"Tosca / Act 2: ""Vissi d'arte, vissi d'amore""                                                                                                                                  - Giacomo Puccini                                 ",0.14914914914914915,0.07907907907907907,0.4664664664664665,0.11428798866135512,0.0,0.38538538538538536,0.9364364364364364,0.3799545835995915,0.9706554990737964,0.05005005005005005,0.02102102102102102,0.1640549210361806
"Lakmé / Act 1: ""Viens, Mallika, ... Dôme épais"" (Flower Duet)                                                                                                                 - Léo Delibes                                     ",0.13463463463463465,0.04391077149414174,1.0,0.05257844793692286,1.0,0.3358358358358358,0.9384384384384384,0.3681597742924401,0.9329329329329329,0.05005005005005005,0.07507507507507508,0.11025198426773226
"La Bohème / Act 2: ""Quando m'en vo"" - Live                                                                                                                                    - Giacomo Puccini                                 ",0.16916916916916916,0.11711711711711711,0.8058058058058057,0.11105301683572105,1.0,0.5935935935935935,0.9272444009286117,0.45747904875415146,0.8448448448448449,0.05005005005005005,0.3063063063063063,0.9339436915325525
"La Bohème / Act 1: ""Sì. Mi chiamano Mimì"" - Live                                                                                                                              - Giacomo Puccini                                 ",0.07917016197270975,0.0558464242674769,0.27127127127127126,0.0455937965702212,1.0,0.49199199199199195,0.9324324324324325,0.39746436555281334,0.5505505505505506,0.005005005005005005,0.016016016016016016,0.1180691251447223
"Die Walküre, WWV 86B / Act 1: ""Winterstürme wichen dem Wonnemond""                                                                                                             - Richard Wagner                                  ",0.1921921921921922,0.12612612612612611,0.8883883883883883,0.1460485742155596,1.0,0.22072072072072074,0.9364364364364364,0.6604300756843129,0.3868868868868869,0.5385385385385385,0.1123602510699285,0.148486440313895
"Roméo et Juliette, CG 9 / Act 1: ""Ah, je veux vivre dans ce rève""                                                                                                             - Charles Gounod                                  ",0.2927927927927928,0.15115115115115116,0.0,0.21920892123242847,1.0,0.7199675196160258,0.948948948948949,0.5212579474572094,0.1921921921921922,0.5385385385385385,0.25825825825825827,0.054120657641757525
"Il barbiere di Siviglia (The Barber of Seville), Act 1: ""Largo al factotum""                                                                                                   - Gioachino Rossini                               ",0.349715515588822,0.17317317317317318,0.0,0.1250162807522603,1.0,0.5235235235235235,0.9219219219219219,0.6732005248683745,0.6226226226226226,0.5385385385385385,0.4269269269269269,0.4411187243888242
Carmen Suite No.1: Prélude                                                                                                                                                        - Georges Bizet                                   ,0.25625625625625625,0.21521521521521522,0.27127127127127126,0.2579563726967412,0.0,0.13113113113113112,0.9029029029029029,0.9074074074074074,0.8788788788788788,0.5385385385385385,0.46346346346346345,0.5825313854577093
"La Gioconda / Act 2: ""Cielo e mar""                                                                                                                                            - Amilcare Ponchielli                             ",0.043043043043043044,0.11611611611611611,0.3383383383383384,0.09800468113454015,1.0,0.35235235235235235,0.950950950950951,0.5647756761500837,0.13513513513513514,0.5385385385385385,0.0900178220368567,0.07370927968433932
"Andrea Chénier / Act 3: ""La mamma morta""                                                                                                                                      - Umberto Giordano                                ",0.24474474474474472,0.06484547433826168,0.27127127127127126,0.09932045894438356,1.0,0.34984984984984985,0.9564564564564564,0.4485423531299289,0.2082082082082082,0.5385385385385385,0.01901901901901902,0.4196331735509525
"Madama Butterfly / Act 2: ""Un bel dì vedremo""                                                                                                                                 - Giacomo Puccini                                 ",0.04604604604604605,0.047459019607681834,0.16616616616616617,0.08485191273079165,1.0,0.45645645645645644,0.9364364364364364,0.41249522353840273,0.2502502502502503,0.5385385385385385,0.07082213825758574,0.049056692524885745
"Tannhäuser, WWV 70 / Act 3: ""Allmächt'ge Jungfrau, hör mein Flehen!""                                                                                                          - Richard Wagner                                  ",0.04954954954954954,0.05821813092908245,0.5445445445445445,0.09007360150019433,1.0,0.46146146146146144,0.975975975975976,0.45668331204273604,0.1921921921921922,0.05005005005005005,0.0020856730306433495,0.9683441802152691
"Les pêcheurs de perles, WD 13 / Act 1: ""Au fond du temple saint""                                                                                                              - Georges Bizet                                   ",0.14314314314314314,0.1395667456447273,0.3383383383383384,0.1268074936732129,1.0,0.3138138138138138,0.9594594594594594,0.6293885147142609,0.11911911911911911,0.05005005005005005,0.1050869422382237,0.11792725853480222
"Norma - Critical Edition by Maurizio Biondi and Riccardo Minasi / Act 1 Scene 1: ""Casta Diva""                                                                                 - Vincenzo Bellini                                ",0.10010010010010009,0.062890232091753,0.4664664664664665,0.06772332722982706,1.0,0.45545545545545546,0.9804804804804805,0.689101454395572,0.24924924924924924,0.5385385385385385,0.02825979825979828,0.9599312398867016
"Rigoletto / Act 1: ""Gualtier Maldè...Caro nome""                                                                                                                               - Giuseppe Verdi                                  ",0.18618618618618618,0.035035035035035036,0.3918918918918919,0.02683745621817034,1.0,0.6177916852928029,0.9364364364364364,0.6591591591591592,0.4244244244244244,0.5385385385385385,0.03903903903903904,0.12597177572155518
"Così fan tutte, K.588 / Act 1: ""Al fato dan legge"" - ""La commedia è graziosa""                                                                                               - Wolfgang Amadeus Mozart                         ",0.22322322322322322,0.05457834167824469,0.8883883883883883,0.03180807513250025,1.0,0.39289289289289286,0.950950950950951,0.5345345345345345,0.11568654368654369,0.5385385385385385,0.2727727727727728,0.35035035035035034
"Le nozze di Figaro, K.492 / Act 2: ""Porgi amor""                                                                                                                               - Wolfgang Amadeus Mozart                         ",0.13913913913913914,0.03769700299668754,0.3383383383383384,0.05957499335293661,1.0,0.38538538538538536,0.9564564564564564,0.5535316829434477,0.27127127127127126,0.5385385385385385,0.025043707754906153,0.32591310336746626
Les Contes d'Hoffmann / Act 1: Entr'acte                                                                                                                                          - Jacques Offenbach                               ,0.4264264264264264,0.13634331694233348,0.3918918918918919,0.14140673585900695,1.0,0.3358358358358358,0.8963646989192492,0.8958958958958959,0.7302302302302301,0.05005005005005005,0.7487487487487487,0.3022754610169698
"Ave Maria, D839                                                                                                                                                                 - Franz Schubert                                  ",0.01750015162754676,0.09081263344269125,0.8883883883883883,0.13411764346132576,1.0,0.4069069069069069,0.9894894894894894,0.7608382969566606,0.3963963963963964,0.05005005005005005,0.049926499836594876,0.03502649312318556
"Attila: ""Mentre gonfiarsi l'anima""                                                                                                                                            - Giuseppe Verdi                                  ",0.09009009009009009,0.12812812812812813,0.4664664664664665,0.09709181612272759,1.0,0.3883883883883884,0.975975975975976,0.7323414198781054,0.4244244244244244,0.5385385385385385,0.11248432054883668,0.9202580832644555
"Die Zauberflöte / Act 2: ""Pa-Pa-Pa-Pa-Pa-Pa-Papagena!""                                                                                                                        - Wolfgang Amadeus Mozart                         ",0.5185185185185185,0.15971223021582728,0.6341341341341341,0.11336553371903028,1.0,0.45545545545545546,0.9039039039039038,0.6268960957724095,0.7147147147147147,0.5385385385385385,0.7157157157157157,0.4724224544991663
Il barbiere di Siviglia: Overture (Sinfonia)                                                                                                                                      - Gioachino Rossini                               ,0.2952952952952953,0.16490938377730827,0.3918918918918919,0.19797400700987103,1.0,0.32732732732732733,0.9194194194194194,0.8548548548548548,0.47047047047047047,0.5385385385385385,0.4174174174174174,0.18772878164126028
"Vivaldi: Orlando furioso, RV 728: ""Ah fuggi rapido""                                                                                                                           - Antonio Vivaldi                                 ",0.5735735735735736,0.24824824824824826,0.0,0.2050179088525567,1.0,0.5517036561179176,0.9119623425707076,0.46937849690004535,0.16116116116116116,0.5385385385385385,0.7487487487487487,0.6222372073288408
"Tannhäuser, WWV 70 - Paris version / Act 3: ""Beglückt darf nun dich, o Heimat"" (Pilgrims Chorus)                                                                              - Richard Wagner                                  ",0.010318637645044702,0.09309309309309309,0.3383383383383384,0.10375374709845697,1.0,0.24274274274274274,0.9674674674674675,0.5645782037962133,0.5690690690690691,1.0,0.08294561206481632,0.07653107242716692
"Lakmé / Act 1: Viens, Mallika, ... Dôme épais (Flower Duet)                                                                                                                     - Léo Delibes                                     ",0.14914914914914915,0.09309309309309309,1.0,0.06879836117219873,1.0,0.5159578572986394,0.933933933933934,0.3498822088783806,0.9956143140409983,0.5385385385385385,0.047937080987344935,0.08094289291170002
"Die Zauberflöte, K.620: Overture                                                                                                                                                - Wolfgang Amadeus Mozart                         ",0.26726726726726724,0.06636866081604714,0.3383383383383384,0.06758819574689419,1.0,0.44744744744744747,0.9265778164083252,0.8763763763763763,0.8393393393393394,0.5385385385385385,0.3213213213213213,0.12146295235649227
"Don Giovanni, ossia Il dissoluto punito, K.527 / Act 2: ""Don Giovanni, a cenar teco m'invitasti""                                                                              - Wolfgang Amadeus Mozart                         ",0.11011011011011011,0.1474808141474808,0.6341341341341341,0.17575844584431263,0.0,0.31931931931931934,0.9384384384384384,0.7127127127127127,0.8083083083083082,0.5385385385385385,0.11423070752446655,0.04398388360984513
"La forza dell’amore e dell’odio: ""Vado a morir""                                                                                                                               - Francesco Araia                                 ",0.1091091091091091,0.1066066066066066,0.3918918918918919,0.10497338770996059,0.0,0.4824824824824825,0.9429429429429429,0.5754427390791027,0.8653653653653655,0.5385385385385385,0.05280575039114496,0.051951467734057476
"Serse / Act 1 HWV40: ""Ombra mai fu""                                                                                                                                           - George Frideric Handel                          ",0.016984539018437324,0.09045136176639067,0.3918918918918919,0.05610120328232334,1.0,0.3228228228228228,0.9105154977041098,0.8263263263263263,0.44494494494494496,0.005005005005005005,0.05193414536206665,0.15052104615469894
Fidelio op.72 - Edited Helga Lühning & Robert Didio / Act 1: O welche Lust                                                                                                        - Ludwig van Beethoven                            ,0.05655655655655656,0.014805223636294997,0.8883883883883883,0.019062367137975617,1.0,0.3053053053053053,0.9009009009009009,0.5005005005005005,0.15915915915915915,0.5385385385385385,0.0461669298991617,0.29078640163869
"Vado, ma dove? oh Dei!, K. 583                                                                                                                                                  - Wolfgang Amadeus Mozart                         ",0.17967967967967968,0.06587890529496368,0.8883883883883883,0.06925554635651372,1.0,0.37037037037037035,0.9634634634634635,0.0,0.3128128128128128,1.0,0.13263263263263264,0.05631104767713057
Sposa son disprezzata                                                                                                                                                             - Antonio Vivaldi                                 ,0.06706706706706707,0.008929453714729788,0.4664664664664665,0.014936328644865833,0.0,0.4264264264264264,0.984984984984985,0.6674397255640915,0.07057057057057059,0.5385385385385385,0.05221682224037936,0.017952613097962217
"Lohengrin / Act 3: ""In fernem Land, unnahbar euren Schritten""                                                                                                                 - Richard Wagner                                  ",0.13213213213213212,0.14482214772912447,0.8058058058058057,0.18211525634800607,1.0,0.31731731731731727,0.950950950950951,0.6503145432666707,0.2872872872872873,0.5385385385385385,0.03803803803803804,0.0952226400851582
Blue Moon                                                                                                                                                                         - Billie Holiday                                  ,0.6666666666666666,0.15115115115115116,0.7217217217217218,0.24524524524524524,1.0,0.6106106106106106,0.9464464464464464,0.6455073759499329,0.5595595595595595,0.5385385385385385,0.6226226226226226,0.5796111403047817
Everything Happens to Me                                                                                                                                                          - Chet Baker                                      ,0.46146146146146144,0.11811811811811812,0.6341341341341341,0.13966195787828425,1.0,0.34434434434434436,0.8323323323323324,0.35235235235235235,0.516016016016016,0.5385385385385385,0.2077077077077077,0.47074635087294986
My Foolish Heart                                                                                                                                                                  - Bill Evans Trio                                 ,0.33787468285050243,0.08054315746623436,0.8058058058058057,0.04387411233010179,1.0,0.11311311311311312,0.8978978978978979,0.7061140356362896,0.9825659365221278,0.5385385385385385,0.17317317317317318,0.45263657519127304
My One And Only Love                                                                                                                                                              - John Coltrane                                   ,0.40290290290290287,0.04089940153217254,0.0,0.08645009107501488,1.0,0.1886886886886887,0.9634634634634635,0.6709328464038474,0.5025025025025025,0.5385385385385385,0.2907907907907908,0.6896931573117626
Windows                                                                                                                                                                           - Chick Corea                                     ,0.45245245245245247,0.1826328800988875,0.16616616616616617,0.08565634871280624,1.0,0.2082082082082082,0.7851373182552503,0.7017923362175525,0.2782782782782783,0.5385385385385385,0.5485485485485485,0.38674087181704725
This Is Always                                                                                                                                                                    - Betty Carter                                    ,0.35621151973891696,0.04691464837460015,0.3918918918918919,0.0768784945505273,0.0,0.18268268268268267,0.92992992992993,0.41249522353840273,0.5025025025025025,0.5385385385385385,0.17217217217217218,0.44532718264138044
Skating In Central Park                                                                                                                                                           - Bill Evans                                      ,0.4209209209209209,0.024256975869879096,0.0,0.03402246110249905,1.0,0.3688688688688689,0.984984984984985,0.9844844844844844,0.35235235235235235,0.05005005005005005,0.1831831831831832,0.5749832972448529
'Long As You Know You're Living Yours                                                                                                                                             - Keith Jarrett                                   ,0.6036036036036035,0.1966966966966967,0.4664664664664665,0.14224369962953062,1.0,0.1016016016016016,0.6326326326326326,0.6705809641532755,0.44994994994994997,0.5385385385385385,0.9719719719719719,0.7287183184019353
Autumn In New York                                                                                                                                                                - Ella Fitzgerald                                 ,0.36686686686686687,0.03625923078715028,0.6341341341341341,0.09109909937886461,0.0,0.17267267267267267,0.9139139139139139,0.0,0.5480480480480481,0.5385385385385385,0.19269269269269268,0.7595230008405112
I Fall In Love Too Easily                                                                                                                                                         - Bill Evans Trio                                 ,0.4184184184184184,0.05776032998104948,0.8058058058058057,0.08376456807297568,0.0,0.1991991991991992,0.9139139139139139,0.8583583583583583,0.4169169169169169,0.5385385385385385,0.14564564564564564,0.3312999487699656
Solitude                                                                                                                                                                          - Billie Holiday                                  ,0.4044044044044044,0.09843176509843177,0.7217217217217218,0.1756192024003581,1.0,0.46396396396396394,0.950950950950951,0.47650430740676863,0.35235235235235235,0.05005005005005005,0.24074074074074076,0.27956227982024445
Stormy Weather                                                                                                                                                                    - Etta James                                      ,0.18618618618618618,0.18775145283862318,0.0,0.43397943397943395,0.0,0.06306306306306306,0.7660817696215927,0.0,0.6516516516516516,0.05005005005005005,0.508008008008008,0.9554669269531386
These Foolish Things (Remastered)                                                                                                                                                 - Lester Young                                    ,0.5855855855855856,0.07207207207207207,0.8883883883883883,0.14256894021190258,1.0,0.6726726726726726,0.9564564564564564,0.7425331858407079,0.47047047047047047,0.5385385385385385,0.5280280280280281,0.00974684817230642
A Day In The Life                                                                                                                                                                 - Wes Montgomery                                  ,0.4184184184184184,0.14214214214214213,0.8058058058058057,0.1675172152987853,0.0,0.026026026026026026,0.8178959623404067,0.7890031291908808,0.08258258258258261,0.5385385385385385,0.45045045045045046,0.2806830020967732
Say It (Over And Over Again)                                                                                                                                                      - John Coltrane Quartet                           ,0.43343343343343343,0.08258258258258258,0.3383383383383384,0.19085838723043905,1.0,0.27627627627627627,0.9219219219219219,0.6936936936936937,0.7622622622622623,0.5385385385385385,0.2602602602602603,0.009373793609932957
Crystal Silence                                                                                                                                                                   - Chick Corea                                     ,0.09509509509509509,0.017852008337375068,0.8058058058058057,0.03888761381762502,0.0,0.2857857857857858,0.9539539539539539,0.7005611581730983,0.12437493757823845,0.5385385385385385,0.0550334280677505,0.0498423287064182
Hipsippy Blues                                                                                                                                                                    - Art Blakey & The Jazz Messengers                ,0.555055055055055,0.14114114114114115,0.4664664664664665,0.08252498648584648,0.0,0.56006006006006,0.7987987987987988,0.38439010216239866,0.3353353353353353,0.5385385385385385,0.6836836836836837,0.783449558170219
April In Paris                                                                                                                                                                    - Billie Holiday                                  ,0.44394394394394393,0.08494134940770172,0.0,0.15775470438614428,1.0,0.23473473473473472,0.8918918918918919,0.3924255915736214,0.529029029029029,0.5385385385385385,0.26876876876876876,0.03898552526122135
You Go To My Head - 2020 Mix                                                                                                                                                      - Frank Sinatra                                   ,0.03453453453453453,0.12866576253673026,0.3383383383383384,0.14943271651276163,0.0,0.15565565565565564,0.924924924924925,0.4775688729643471,0.6706706706706707,0.05005005005005005,0.12712712712712712,0.9365566480516434
Porgy (I Loves You Porgy) - Outtake                                                                                                                                               - Bill Evans Trio                                 ,0.33358358358358375,0.09559559559559559,0.4664664664664665,0.0458156348702676,1.0,0.060560560560560556,0.8858858858858859,0.8633633633633633,0.974974974974975,0.5385385385385385,0.18568568568568566,0.2878309835865759
Stormy Weather                                                                                                                                                                    - Oscar Peterson Trio                             ,0.6916916916916918,0.10710710710710711,0.6341341341341341,0.12410784460014401,1.0,0.5115115115115115,0.970970970970971,0.8498498498498498,0.6116116116116116,0.5385385385385385,0.6431893894988482,0.4948780672830062
So Tender                                                                                                                                                                         - Keith Jarrett                                   ,0.3208208208208208,0.16463984199833256,0.16616616616616617,0.06879836117219873,0.0,0.22072072072072074,0.8368350469378633,0.8238238238238238,0.6401401401401401,0.5385385385385385,0.43043043043043044,0.13214290806739815
I Can't Give You Anything But Love                                                                                                                                                - Sonny Clark                                     ,0.8478478478478478,0.0990990990990991,0.4664664664664665,0.1171184181697728,0.0,0.43043043043043044,0.7782983153511259,0.432547379915801,0.19792819134924391,0.5385385385385385,0.3588588588588588,0.3131019739003628
Misty                                                                                                                                                                             - Sarah Vaughan                                   ,0.12462462462462463,0.12812812812812813,0.27127127127127126,0.1532273865446711,0.0,0.16016016016016016,0.9384384384384384,0.477804800849057,0.9049049049049049,0.05005005005005005,0.17417417417417416,0.11144104293493338
Someone To Watch Over Me                                                                                                                                                          - Lee Konitz                                      ,0.3588588588588588,0.023572912461801352,0.0,0.04008828315378302,1.0,0.18018018018018017,0.9594594594594594,0.7396572459130623,0.35235235235235235,0.5385385385385385,0.15165165165165168,0.02502581893137592
Cloe                                                                                                                                                                              - Joe Pass                                        ,0.4264264264264264,0.11411411411411411,0.6341341341341341,0.055583740647422615,0.0,0.2877877877877878,0.9009009009009009,0.8598598598598598,0.43843843843843844,0.5385385385385385,0.5810810810810811,0.8684395888183374
"Köln, January 24, 1975, Pt. II C - Live                                                                                                                                         - Keith Jarrett                                   ",0.19569569569569567,0.4394394394394394,0.0,0.12272690371483858,1.0,0.4904904904904905,0.933933933933934,0.8743743743743744,0.976848241694923,0.5385385385385385,0.2782782782782783,0.046043481769187156
Almost Like Being In Love                                                                                                                                                         - Red Garland                                     ,0.537037037037037,0.1833631661217868,0.0,0.2057195823450833,0.0,0.2877877877877878,0.8605889885510738,0.7065223655668736,0.3433433433433434,0.5385385385385385,0.7665619441097147,0.1962747118045949
"Goodbye, Old Girl                                                                                                                                                               - Art Farmer                                      ",0.3917609046849758,0.02383191272080161,0.6341341341341341,0.10715373289423698,1.0,0.39289289289289286,0.9894894894894894,0.8903903903903905,0.45545545545545546,0.5385385385385385,0.43993993993993996,0.7206630058150888
Summertime                                                                                                                                                                        - Charlie Parker                                  ,0.3038038038038038,0.17461644693355938,0.6341341341341341,0.38491464405992337,0.0,0.04004004004004004,0.7952952952952952,0.5111765031363021,0.7082082082082082,0.5385385385385385,0.5225225225225225,0.14421445748613926
A Nightingale Sang In Berkeley Square                                                                                                                                             - Stan Getz                                       ,0.36686686686686687,0.03347752137756089,0.16616616616616617,0.03523540973448396,1.0,0.2857857857857858,0.9109109109109109,0.5802152837769277,0.5825825825825826,0.5385385385385385,0.3173173173173173,0.2488976892300155
Give Me The Simple Life                                                                                                                                                           - Lorez Alexandria                                ,0.7977977977977978,0.08808808808808809,0.0,0.12808389206257767,1.0,0.3123123123123123,0.8648648648648649,0.0,0.2827827827827828,0.05005005005005005,0.6326326326326326,0.004671457605492411
Love For Sale                                                                                                                                                                     - Anita O'Day                                     ,0.44594594594594594,0.22322322322322322,0.7217217217217218,0.2423124074401286,1.0,0.6326326326326326,0.8008008008008007,0.0,0.6286286286286287,0.5385385385385385,0.7927927927927928,0.4997102565227908
Just Friends                                                                                                                                                                      - Sarah Vaughan                                   ,0.09509509509509509,0.1657553956834532,0.8883883883883883,0.2132132132132132,0.0,0.15165165165165165,0.9119623425707076,0.4394394394394394,0.7977977977977978,0.5385385385385385,0.07456027456027456,0.0516538919387343
But Not For Me - Vocal Version                                                                                                                                                    - Chet Baker                                      ,0.6406406406406406,0.0990990990990991,0.4664664664664665,0.1585528853668471,0.0,0.27877877877877877,0.8968968968968969,0.38666245544375766,0.47047047047047047,0.5385385385385385,0.6286286286286287,0.09817753693346405
Cheek To Cheek                                                                                                                                                                    - Ella Fitzgerald                                 ,0.6976976976976977,0.16716716716716717,0.0,0.17946925864814428,1.0,0.6996996996996997,0.7527527527527528,0.0,0.4629629629629629,0.5385385385385385,0.7387387387387387,0.5421637905304221
Mean To Me - Remastered/1998                                                                                                                                                      - Dean Martin                                     ,0.6201201201201201,0.09559559559559559,0.6341341341341341,0.15623512997598235,1.0,0.3138138138138138,0.8112342376767291,0.0,0.0019936055804514723,0.5385385385385385,0.5885885885885885,0.32541752592564954
Alone Together                                                                                                                                                                    - Peggy Lee                                       ,0.5805805805805806,0.20157855969176722,0.4664664664664665,0.43524774774774777,0.0,0.3483483483483483,0.8116163546045091,0.0,0.5880880880880881,0.5385385385385385,0.6046046046046046,0.8185575204702228
Teach Me Tonight                                                                                                                                                                  - Dinah Washington                                ,0.532032032032032,0.1347880334343368,0.4664664664664665,0.24516599338282652,0.0,0.6736736736736737,0.8298298298298298,0.0,0.5630630630630631,0.5385385385385385,0.4874874874874875,0.03203203203203203
On The Sunny Side Of The Street                                                                                                                                                   - Dizzy Gillespie                                 ,0.7077077077077077,0.1781781781781782,0.0,0.20062679351956156,1.0,0.5225225225225225,0.7399662545293615,0.41041041041041043,0.7702702702702702,0.5385385385385385,0.49149149149149146,0.5224714687624963
Autumn Leaves                                                                                                                                                                     - Chet Baker                                      ,0.44394394394394393,0.37773804202056327,0.4664664664664665,0.29475692966002387,0.0,0.19569569569569567,0.8201672260495789,0.7073275169781977,0.13279946613279947,0.5385385385385385,0.6846846846846847,0.1929388482625376
'Round Midnight                                                                                                                                                                   - Thelonious Monk                                 ,0.5060060060060061,0.17217217217217218,0.7217217217217218,0.3133133133133133,1.0,0.24524524524524524,0.8773773773773774,0.7516239969430646,0.0719707561812825,0.5385385385385385,0.26176176176176175,0.47346743630056215
The Things We Did Last Summer                                                                                                                                                     - Freddie Hubbard                                 ,0.24924924924924924,0.07778274474742959,0.4664664664664665,0.06944028369360897,1.0,0.2677677677677678,0.8808808808808809,0.9319319319319319,0.6366366366366366,0.5385385385385385,0.2057057057057057,0.07099213269758646
Dedicated To You                                                                                                                                                                  - John Coltrane                                   ,0.35235235235235235,0.04120538861156963,0.7217217217217218,0.0919608470963977,1.0,0.15565565565565564,0.9404404404404405,0.4768689382180722,0.6726726726726726,1.0,0.13263263263263264,0.3803911337383325
Line For Lyons                                                                                                                                                                    - Gerry Mulligan                                  ,0.5085085085085085,0.08808808808808809,0.6341341341341341,0.11532955528476663,0.0,0.7572572572572572,0.8298298298298298,0.4876390605686031,0.496996996996997,0.5385385385385385,0.5450055887420899,0.936945958761037
How Long Has This Been Going On?                                                                                                                                                  - Ella Fitzgerald                                 ,0.2431240764574099,0.10859003581895148,0.16616616616616617,0.15794685041712783,0.0,0.22572572572572575,0.934934934934935,0.25690937066828523,0.35235235235235235,0.5385385385385385,0.31247206079570855,0.9252621458757055
St. Thomas                                                                                                                                                                        - Sonny Rollins                                   ,0.503003003003003,0.3513776934829565,0.0,0.4032949315336984,1.0,0.34234234234234234,0.8045352896416729,0.7123715322282365,0.3083083083083083,0.5385385385385385,0.8198198198198198,0.35118264331747456
I Get Along Without You Very Well (Except Sometimes) - Vocal Version                                                                                                              - Chet Baker                                      ,0.38238238238238237,0.026884348421155543,0.8883883883883883,0.04515684234285711,1.0,0.28978978978978975,0.8878878878878879,0.418705446890664,0.5910910910910911,0.05005005005005005,0.26676676676676675,0.3333589748520805
The Girl From Ipanema                                                                                                                                                             - Stan Getz                                       ,0.6711711711711712,0.0920920920920921,0.7217217217217218,0.11607603284378501,1.0,0.25075075075075076,0.8568568568568569,0.4956216058578264,0.35235235235235235,0.5385385385385385,0.4701130856219709,0.6960318726514346
Gary's Theme - 2003 Remastered Version                                                                                                                                            - Bill Evans                                      ,0.36186186186186187,0.05808989291933636,0.6341341341341341,0.05592291003329212,1.0,0.26976976976976974,0.8748748748748749,0.8428428428428428,0.5405405405405406,0.05005005005005005,0.06305511072144637,0.5451199411368534
Blue World                                                                                                                                                                        - John Coltrane                                   ,0.4194194194194194,0.4934934934934935,0.7217217217217218,0.4127691730260406,1.0,0.5990990990990991,0.8059404491007494,0.6279480186106209,0.5965965965965966,0.05005005005005005,0.46596596596596596,0.5243576325289157
Quick Trick                                                                                                                                                                       - Art Blakey & The Jazz Messengers                ,0.6131131131131131,0.16116116116116116,0.27127127127127126,0.09370140119523367,1.0,0.5765765765765766,0.8166499833166501,0.41231053027492515,0.05405405405405406,0.5385385385385385,0.6186186186186187,0.10827362051808095
Softly As In A Morning Sunrise                                                                                                                                                    - The Modern Jazz Quartet                         ,0.6586586586586587,0.17617617617617617,0.0,0.32727199830003567,0.0,0.4944944944944945,0.7977977977977978,0.5685685685685685,0.6116116116116116,0.5385385385385385,0.5810810810810811,0.084811416196277
Tell Me a Bedtime Story                                                                                                                                                           - Herbie Hancock                                  ,0.34134134134134136,0.2832832832832833,0.3918918918918919,0.11953234524299433,0.0,0.05305305305305305,0.7987987987987988,0.9614614614614614,0.4629629629629629,0.5385385385385385,0.4339339339339339,0.49152468155149315
Dream A Little Dream Of Me - Single Version                                                                                                                                       - Ella Fitzgerald                                 ,0.3838838838838839,0.07257257257257257,0.0,0.11310798145166,1.0,0.7602602602602602,0.8814464917406095,0.0,0.6851851851851851,0.5385385385385385,0.4774774774774775,0.04941045852475709
There Will Never Be Another You                                                                                                                                                   - Lester Young                                    ,0.5790790790790791,0.0310746422542559,0.0,0.09899378845347954,0.0,0.5385385385385385,0.9419419419419419,0.8143888569420483,0.44494494494494496,0.5385385385385385,0.4184184184184184,0.10812493037450854
Mirrors - Remastered 2004                                                                                                                                                         - Freddie Hubbard                                 ,0.34734734734734735,0.12562562562562563,0.16616616616616617,0.16914381620263974,0.0,0.2952952952952953,0.9204204204204205,0.9534534534534534,0.6646646646646647,0.5385385385385385,0.35735735735735735,0.32632695771398085
Stella By Starlight (feat. John Coltrane & Bill Evans)                                                                                                                            - Miles Davis                                     ,0.4129667361374678,0.0940940940940941,0.8883883883883883,0.1968272030802428,1.0,0.1991991991991992,0.8808808808808809,0.40867911766666504,0.2817817817817818,0.5385385385385385,0.3063063063063063,0.11912271644843746
Senor Mouse                                                                                                                                                                       - Gary Burton                                     ,0.39789789789789787,0.12312312312312312,1.0,0.07621862577726074,0.0,0.36686686686686687,0.9119623425707076,0.8813813813813813,0.31931931931931934,0.5385385385385385,0.3813813813813814,0.4209119201011323
"Straight, No Chaser                                                                                                                                                             - Thelonious Monk                                 ",0.4069069069069069,0.18541409147095175,0.3383383383383384,0.19350912299576334,1.0,0.27477477477477474,0.7019386106623587,0.6854989443224737,0.5405405405405406,0.5385385385385385,0.6987222768807348,0.19206382031496183
Bye Bye Blackbird                                                                                                                                                                 - Etta Jones                                      ,0.7887887887887888,0.17121431776604193,0.0,0.3690800593737089,0.0,0.33183183183183185,0.8568568568568569,0.4464574939622924,0.6366366366366366,0.5385385385385385,0.6586586586586587,0.6166780721478141
Close Your Eyes                                                                                                                                                                   - Art Blakey & The Jazz Messengers                ,0.5440440440440439,0.1308769561196746,0.4664664664664665,0.07388961439866619,0.0,0.5751211631663973,0.8278945015645953,0.4260603744745892,0.25825825825825827,0.5385385385385385,0.7597597597597597,0.28551673727464383
You Don't Know What Love Is                                                                                                                                                       - Anita O'Day                                     ,0.36436436436436437,0.03276166261240887,0.8883883883883883,0.10080613272002693,1.0,0.1046046046046046,0.9129129129129129,0.0,0.496996996996997,0.5385385385385385,0.1716716716716717,0.3624340681894639
Young And Foolish                                                                                                                                                                 - Bill Evans                                      ,0.3793793793793794,0.01700751743244661,0.8058058058058057,0.04223325122586029,1.0,0.23873873873873874,0.933933933933934,0.7354979750003079,0.1712439418416802,0.5385385385385385,0.17067067067067065,0.30741756815728216
Four Brothers                                                                                                                                                                     - Art Pepper                                      ,0.4394394394394394,0.33183183183183185,0.7217217217217218,0.3159468185502562,1.0,0.9179179179179179,0.7851373182552503,0.27627627627627627,0.7022022022022022,0.5385385385385385,0.8588588588588588,0.034242933014974206
Love Theme From Spartacus - Remastered                                                                                                                                            - Yusef Lateef                                    ,0.474974974974975,0.1991991991991992,0.3918918918918919,0.16068985470241387,0.0,0.03565576749934291,0.7734555996761527,0.944944944944945,0.4314314314314314,0.05005005005005005,0.5375375375375375,0.7453701194577107
Autumn Nocturne                                                                                                                                                                   - Lou Donaldson                                   ,0.5,0.048702983138780805,0.0,0.09728565541439095,1.0,0.3943943943943944,0.9259259259259259,0.6614621894621896,0.4314314314314314,0.5385385385385385,0.32232232232232233,0.5728686477993662
Moon River                                                                                                                                                                        - Vince Guaraldi Trio                             ,0.26426426426426425,0.10135970333745364,0.0,0.07636803002781163,0.0,0.2057057057057057,0.9594594594594594,0.8326359832635974,0.5505505505505506,0.05005005005005005,0.32732732732732733,0.9910131437250772
"Take the ""A"" Train                                                                                                                                                            - Duke Ellington                                  ",0.44744744744744747,0.15912485420394032,0.0,0.1333071822777407,1.0,0.27627627627627627,0.6446446446446447,0.6066066066066066,0.47047047047047047,0.5385385385385385,0.6551551551551551,0.1969554205196115
The Masquerade Is Over                                                                                                                                                            - Benny Golson                                    ,0.5530530530530531,0.12462462462462463,0.3383383383383384,0.10906045570900356,1.0,0.13113113113113112,0.8758758758758759,0.8298298298298298,0.4169169169169169,0.5385385385385385,0.7042042042042043,0.30530724711132085
Comin' Home Baby                                                                                                                                                                  - Herbie Mann                                     ,0.6891891891891893,0.0935935935935936,0.4664664664664665,0.04851241615947498,1.0,0.473973973973974,0.8121403178565251,0.7096281885458294,0.5505505505505506,0.5385385385385385,0.6816816816816816,0.06643766215194798
Weaver Of Dreams - Remastered 2003/Rudy Van Gelder Edition                                                                                                                        - Freddie Hubbard                                 ,0.35735735735735735,0.13276709879302637,0.3918918918918919,0.13413322925331778,0.0,0.2277277277277277,0.8808808808808809,0.8138138138138138,0.2752752752752753,0.5385385385385385,0.26676676676676675,0.3357550205560943
You Don't Know What Love Is                                                                                                                                                       - Dinah Washington                                ,0.46796796796796797,0.07107107107107107,0.8883883883883883,0.19960810578237262,0.0,0.4540734162556854,0.9254254254254255,0.37171841343961765,0.23323323323323322,0.5385385385385385,0.3813813813813814,0.7791412263566773
You Don't Know What Love Is                                                                                                                                                       - Billie Holiday                                  ,0.11011011011011011,0.14114114114114115,0.8058058058058057,0.14051330787421634,0.0,0.17267267267267267,0.8378378378378378,0.3943836184644399,0.8938938938938938,0.05005005005005005,0.10653231814659624,0.12802484434413164
All the Things You Are                                                                                                                                                            - Oscar Peterson Trio                             ,0.5975975975975976,0.16916916916916916,0.4664664664664665,0.11425942416987449,0.0,0.16966966966966968,0.7383799984956054,0.8663663663663663,0.26076076076076077,0.5385385385385385,0.3893291221607308,0.7636616555995812
There's No Business Like Show Business                                                                                                                                            - Sonny Rollins                                   ,0.33733733733733734,0.2261932794362611,0.7217217217217218,0.15713521998498323,1.0,0.2127127127127127,0.7902803262680752,0.6029362696029362,0.35235235235235235,0.5385385385385385,0.7087087087087087,0.15752658390528562
Blue Bossa - Remastered                                                                                                                                                           - Joe Henderson                                   ,0.4894894894894895,0.1921921921921922,0.4664664664664665,0.23358822080866812,0.0,0.43343343343343343,0.8798798798798799,0.8693693693693694,0.24324324324324323,0.5385385385385385,0.846303663794158,0.09376535200387014
Joy Spring                                                                                                                                                                        - Clifford Brown                                  ,0.6961961961961962,0.17923362175525342,0.7217217217217218,0.20266470714267787,1.0,0.4624624624624625,0.7940147635935471,0.7682323856613102,0.4314314314314314,0.5385385385385385,0.7665619441097147,0.09107866321323378
It Could Happen To You                                                                                                                                                            - Miles Davis Quintet                             ,0.6341341341341342,0.20876198201779597,0.4664664664664665,0.25830932832180575,0.0,0.3208208208208208,0.716509548703458,0.3303789503789501,0.9421681495545131,0.5385385385385385,0.7107107107107107,0.1992528352759493
For Lena And Lennie                                                                                                                                                               - Quincy Jones                                    ,0.3783783783783784,0.06174134848897607,0.0,0.09610582488140303,1.0,0.23873873873873874,0.8458458458458459,0.7496628255311985,0.22822822822822822,0.5385385385385385,0.26176176176176175,0.03233331977741275
Tea for Two                                                                                                                                                                       - Art Tatum                                       ,0.3063063063063063,0.23173173173173173,0.16616616616616617,0.19154863559211388,1.0,0.15765765765765766,0.975975975975976,0.8498498498498498,0.5560560560560561,0.5385385385385385,0.6116116116116116,0.9199932991182421
Chitlins Con Carne                                                                                                                                                                - Kenny Burrell                                   ,0.9219219219219219,0.17954264524103833,0.7217217217217218,0.1822678832095436,1.0,0.36536536536536535,0.7549897657136263,0.5678178178178178,0.19019019019019018,0.5385385385385385,0.8468468468468469,0.7372069919342927
I Remember You                                                                                                                                                                    - Lee Konitz                                      ,0.5425425425425425,0.16546762589928052,0.8883883883883883,0.157442467085796,0.0,0.5635635635635635,0.8254766638146527,0.6386902981190773,0.5930930930930931,0.5385385385385385,0.6506506506506506,0.465532637115546
All the Things You Are                                                                                                                                                            - Charlie Parker                                  ,0.5865865865865866,0.07833169492362317,0.7217217217217218,0.14338909353268917,1.0,0.34684684684684686,0.970970970970971,0.8358358358358359,0.36936936936936937,0.5385385385385385,0.5387722132471731,0.6258292322853342
In A Sentimental Mood                                                                                                                                                             - Duke Ellington                                  ,0.40540540540540543,0.16546762589928052,0.3383383383383384,0.2100911231346014,0.0,0.09109109109109109,0.8983983983983983,0.6329207072203418,0.7137137137137137,0.5385385385385385,0.34734734734734735,0.38437316190668575
I'll Remember April - Instrumental                                                                                                                                                - Chet Baker                                      ,0.3772153025508731,0.2637268701246448,0.8058058058058057,0.39216681638393536,0.0,0.09259259259259259,0.8176311490643736,0.6416416416416416,0.5245245245245245,0.5385385385385385,0.7557557557557557,0.5388312948794267
I'm A Fool To Want You - 2006 Digital Remaster                                                                                                                                    - Donald Byrd                                     ,0.33183183183183185,0.05490165237982889,0.4664664664664665,0.15992244845315828,0.0,0.16016016016016016,0.9539539539539539,0.9029029029029029,0.2062062062062062,0.5385385385385385,0.2907907907907908,0.2551374241365403
O Pato                                                                                                                                                                            - Stan Getz                                       ,0.6081081081081081,0.20195591818233327,1.0,0.07107330622584071,0.0,0.2922922922922923,0.8529886914378031,0.7544038775617723,0.6771771771771772,0.5385385385385385,0.8688688688688688,0.1686729886163116
It's Only A Paper Moon                                                                                                                                                            - Ella Fitzgerald                                 ,0.8658658658658659,0.07207207207207207,0.8883883883883883,0.11382295678047136,1.0,0.30230230230230226,0.9053265316301239,0.0,0.507007007007007,0.5385385385385385,0.6160807109360165,0.44916135809432467
"A Love Supreme, Pt. II - Resolution                                                                                                                                             - John Coltrane                                   ",0.2872872872872873,0.31931931931931934,0.7217217217217218,0.23320141649763027,1.0,0.5929262595929262,0.7557557557557557,0.0,0.2827827827827828,0.5385385385385385,0.4744744744744745,0.15015513588463533
My Groove Your Move - Rudy Van Gelder Edition                                                                                                                                     - Hank Mobley                                     ,0.5755755755755756,0.1961961961961962,0.27127127127127126,0.21907803460642394,0.0,0.4444444444444444,0.8204940234352,0.5234225315226125,0.16616616616616617,0.5385385385385385,0.7387387387387387,0.029079925701781986
My Funny Valentine                                                                                                                                                                - Chet Baker                                      ,0.3793793793793794,0.008982570332263583,0.0,0.029034335677751717,0.0,0.23473473473473472,0.9029029029029029,0.5441177768268686,0.3868868868868869,0.5385385385385385,0.34134134134134136,0.7437674044627391
Stolen Moments                                                                                                                                                                    - Ahmad Jamal Trio                                ,0.4184184184184184,0.15343730827601795,0.6341341341341341,0.10563651441939276,0.0,0.12462462462462463,0.8708091193562808,0.8968968968968969,0.2922922922922923,0.5385385385385385,0.2077077077077077,0.48405298658819773
Corcovado (Quiet Nights Of Quiet Stars)                                                                                                                                           - Stan Getz                                       ,0.5910910910910911,0.08562197092084005,0.8058058058058057,0.11849422402262673,0.0,0.4274274274274274,0.9169169169169169,0.467932816837456,0.487987987987988,0.5385385385385385,0.4164164164164164,0.6860122537606208
My Little Brown Book                                                                                                                                                              - Duke Ellington                                  ,0.31981981981981983,0.11511511511511512,0.0,0.17688389025968645,0.0,0.1046046046046046,0.9034034034034033,0.6513187304425571,0.6196196196196196,0.5385385385385385,0.2752752752752753,0.021020384872999075
My Funny Valentine                                                                                                                                                                - Miles Davis Quintet                             ,0.5185185185185185,0.08258258258258258,0.0,0.16863452157569805,0.0,0.26476476476476474,0.8998998998998999,0.49752426369070285,0.5025025025025025,0.5385385385385385,0.3933933933933934,0.009539362769638023
Midnight Special - Rudy Van Gelder Digital Remaster/2007                                                                                                                          - Jimmy Smith                                     ,0.7787787787787788,0.15512849647308885,0.0,0.23423928271224434,1.0,0.16316316316316315,0.8348348348348348,0.7827419354063618,0.1881881881881882,0.5385385385385385,0.39539539539539537,0.15915735920083116
All Alone                                                                                                                                                                         - Mal Waldron                                     ,0.4394394394394394,0.12312312312312312,0.8058058058058057,0.39948338325965027,0.0,0.5195195195195195,0.948948948948949,0.8868868868868869,0.4824824824824825,0.5385385385385385,0.13563563563563563,0.6855819930323439
If You Could See Me Now                                                                                                                                                           - Chet Baker                                      ,0.46146146146146144,0.025373801401238474,0.3383383383383384,0.07756464176172612,1.0,0.24724724724724725,0.9009009009009009,0.8948948948948949,0.5540540540540541,0.5385385385385385,0.2272272272272272,0.43687585751697555
Midnight Blue - Remastered                                                                                                                                                        - Kenny Burrell                                   ,0.6916916916916918,0.18775145283862318,0.4664664664664665,0.17009428742520696,0.0,0.3088088088088088,0.7438193900254357,0.4044864226682408,0.529029029029029,0.5385385385385385,0.6411411411411412,0.8568363773473339
Dolphin Dance                                                                                                                                                                     - Ahmad Jamal Trio                                ,0.3253253253253253,0.13513513513513514,0.0,0.09712087868685677,1.0,0.06306306306306306,0.8588588588588588,0.9844844844844844,0.3128128128128128,0.5385385385385385,0.1941941941941942,0.8553515586154717
Solar - Rudy Van Gelder Remaster                                                                                                                                                  - Miles Davis Quintet                             ,0.6616616616616616,0.11086276262852034,0.4664664664664665,0.10390888206587866,0.0,0.37405179942493383,0.8551115313303627,0.5115115115115115,0.11248850349412497,0.05005005005005005,0.7665619441097147,0.11405369244337889
The Way You Look Tonight - 2003 Remastered                                                                                                                                        - Paul Desmond                                    ,0.7772772772772774,0.11511511511511512,0.4664664664664665,0.12301545716034706,0.0,0.5945945945945946,0.8354020498093102,0.4559016864519711,0.7357357357357357,0.5385385385385385,0.7307307307307307,0.6198325167791453
All of Me                                                                                                                                                                         - Billie Holiday                                  ,0.45345345345345345,0.04691464837460015,0.27127127127127126,0.14614719892612885,0.0,0.2857857857857858,0.9324324324324325,0.29743080177065073,0.6481481481481481,1.0,0.4874874874874875,0.37399295696047236
Conference Of The Birds                                                                                                                                                           - Dave Holland Quartet                            ,0.3353353353353353,0.10560560560560561,0.8883883883883883,0.05235529769305154,1.0,0.34984984984984985,0.7742907476692569,0.6972687790765592,0.6961961961961962,0.5385385385385385,0.3588588588588588,0.5635928412149863
"A Love Supreme, Pt. I – Acknowledgement                                                                                                                                         - John Coltrane                                   ",0.3173173173173173,0.33433433433433435,0.4664664664664665,0.17783576745978377,0.0,0.5225225225225225,0.7280613947280614,0.26937988091042314,0.8828828828828829,0.5385385385385385,0.6056056056056056,0.5355266369514958
Blues Inn - Remastered                                                                                                                                                            - Jackie McLean                                   ,0.5710710710710711,0.23682516438700182,0.4664664664664665,0.333288704422725,0.0,0.41491491491491495,0.7827665265571265,0.6620272040733808,0.6226226226226226,0.5385385385385385,0.6016016016016016,0.7282066759251677
"Mercy, Mercy, Mercy                                                                                                                                                             - Cannonball Adderley                             ",0.5105105105105106,0.2172172172172172,0.8883883883883883,0.2994301472720552,1.0,0.15565565565565564,0.8018018018018018,0.5805805805805806,0.9984725068724494,0.5385385385385385,0.42842842842842843,0.11610470605689549
It Never Entered My Mind                                                                                                                                                          - Coleman Hawkins                                 ,0.5425425425425425,0.06886008309621462,0.4664664664664665,0.1213543084796296,1.0,0.23023023023023023,0.9160036749077841,0.6176556848176752,0.4629629629629629,0.5385385385385385,0.4754754754754755,0.7368583797713348
Foolin' Myself                                                                                                                                                                    - Lee Konitz                                      ,0.44023057867994564,0.16271693380127114,0.16616616616616617,0.13414396179456797,1.0,0.42542542542542544,0.7417417417417418,0.6788161218213031,0.7567567567567568,0.5385385385385385,0.5665665665665666,0.28815150722097643
You've Changed                                                                                                                                                                    - Dakota Staton                                   ,0.4244244244244244,0.13193200106183534,0.4664664664664665,0.21178425286882252,0.0,0.43843843843843844,0.8658658658658659,0.4211667235956335,0.5825825825825826,0.5385385385385385,0.37787787787787785,0.007268132103609841
Besame Mucho                                                                                                                                                                      - Dave Brubeck                                    ,0.4694694694694695,0.15343730827601795,0.8883883883883883,0.10879183389691244,0.0,0.56006006006006,0.8558558558558559,0.7890031291908808,0.9993326659993327,0.5385385385385385,0.3941876745689296,0.005965718955708752
I'm A Fool To Want You                                                                                                                                                            - Dexter Gordon                                   ,0.4444444444444444,0.09961939046226244,0.4664664664664665,0.20339240503491104,0.0,0.28378378378378377,0.9419419419419419,0.8061389337641355,0.5505505505505506,0.5385385385385385,0.33983983983983984,0.30234571634997237
Have You Met Miss Jones?                                                                                                                                                          - Oscar Peterson Trio                             ,0.7667667667667668,0.06636866081604714,0.27127127127127126,0.06521752350653374,0.0,0.43843843843843844,0.8537964458804524,0.7227227227227228,0.2197197197197197,0.5385385385385385,0.1194572831780079,0.08800454287505785
Louise                                                                                                                                                                            - Lionel Hampton                                  ,0.8943943943943944,0.07407407407407407,0.8058058058058057,0.10701754681556437,0.0,0.5255255255255256,0.9079079079079079,0.6321570990615779,0.47047047047047047,0.5385385385385385,0.38488488488488487,0.4440055854777579
Nature Boy                                                                                                                                                                        - Jan Johansson                                   ,0.3793793793793794,0.11211211211211211,0.27127127127127126,0.13837563999773556,0.0,0.13463463463463465,0.948948948948949,0.8278278278278278,0.4629629629629629,0.05005005005005005,0.0765017457275102,0.008219197480682713
Two Not One                                                                                                                                                                       - Lee Konitz                                      ,0.637137137137137,0.20053386720053384,0.7217217217217218,0.28119671775442845,1.0,0.5646292359775505,0.7697697697697697,0.306481931560538,0.2807807807807808,0.5385385385385385,0.7457457457457457,0.4818191977125354
Cool Struttin'                                                                                                                                                                    - Sonny Clark                                     ,0.5665665665665666,0.25125125125125125,0.6341341341341341,0.46763916359219354,0.0,0.1366366366366366,0.8448448448448448,0.5275234131113423,0.6401401401401401,0.5385385385385385,0.5595595595595596,0.39082435449912833
Danny's Dream                                                                                                                                                                     - Lars Gullin                                     ,0.44023057867994564,0.059993093348474615,0.7217217217217218,0.08574014466965134,1.0,0.31731731731731727,0.9674674674674675,0.9484484484484484,0.4074074074074074,0.5385385385385385,0.2012012012012012,0.0077878320319183245
Main Stem                                                                                                                                                                         - Johnny Hodges                                   ,0.602102102102102,0.26326326326326327,0.27127127127127126,0.31701351403465583,1.0,0.6548667010205471,0.7917917917917918,0.4721283316201104,0.9583407591567827,0.5385385385385385,0.7987987987987988,0.2488976892300155
Lover Man                                                                                                                                                                         - Billie Holiday                                  ,0.3133133133133133,0.09009009009009009,0.0,0.211272663399695,1.0,0.33933933933933935,0.8868868868868869,0.0,0.3353353353353353,0.05005005005005005,0.3173173173173173,0.006962909804200252
Never Will I Marry                                                                                                                                                                - Cannonball Adderley                             ,0.5805805805805806,0.11311311311311312,0.0,0.2153431495968859,1.0,0.4264264264264264,0.7717717717717718,0.0,0.17291323036059195,0.5385385385385385,0.4209209209209209,0.2777647531753616
I Remember Clifford - Rudy Van Gelder Edition; 2007 Digital Remaster                                                                                                              - Lee Morgan                                      ,0.32374427792061217,0.15589660743134087,0.0,0.3909411690941321,0.0,0.30230230230230226,0.8808808808808809,0.8778778778778779,0.12437493757823845,0.5385385385385385,0.25325325325325326,0.004582109478912393
How Long Has This Been Going On                                                                                                                                                   - Ben Webster                                     ,0.48598598598598597,0.029619090732716808,0.0,0.0578990021785102,1.0,0.45645645645645644,0.970970970970971,0.6906800688634305,0.507007007007007,0.5385385385385385,0.27177177177177175,0.8060334364533566
Turiya & Ramakrishna                                                                                                                                                              - Alice Coltrane                                  ,0.3588588588588588,0.16316316316316315,0.5445445445445445,0.1466360298794973,1.0,0.07407407407407407,0.8820678513731828,0.9484484484484484,0.6891891891891893,0.5385385385385385,0.15165165165165168,0.4203472280475917
My Favorite Things                                                                                                                                                                - John Coltrane                                   ,0.2062062062062062,0.13813813813813813,0.3918918918918919,0.09313557270916435,1.0,0.14464464464464466,0.7912912912912913,0.7177177177177178,0.4244244244244244,0.05005005005005005,0.35035035035035034,0.9596705989602378
Lullaby Of Birdland                                                                                                                                                               - Sarah Vaughan                                   ,0.5640640640640641,0.18572311495673668,1.0,0.21020138076994266,0.0,0.7602602602602602,0.8338338338338338,0.0,0.487987987987988,0.5385385385385385,0.5565565565565566,0.5534300954324888
Questar                                                                                                                                                                           - Keith Jarrett                                   ,0.4109109109109109,0.2035541195476575,0.27127127127127126,0.18535031847133757,0.0,0.016016016016016016,0.7793572311495675,0.6195493671070827,0.4074074074074074,0.5385385385385385,0.4184184184184184,0.8188497668216578
One For Daddy-O - Remastered                                                                                                                                                      - Cannonball Adderley                             ,0.6216216216216216,0.22322322322322322,0.4664664664664665,0.5088302521939054,0.0,0.07857857857857858,0.7557557557557557,0.0,0.5245245245245245,0.5385385385385385,0.48848848848848847,0.3865006053396814
Triste                                                                                                                                                                            - Oscar Peterson Trio                             ,0.3818818818818819,0.17317317317317318,0.8883883883883883,0.08042338314272642,1.0,0.10760760760760761,0.8511399195350915,0.8373373373373374,0.7487487487487487,0.5385385385385385,0.6736657213320566,0.1502752855255517
I've Grown Accustomed To Her Face - Remastered/1998                                                                                                                               - Dean Martin                                     ,0.5475475475475475,0.08258258258258258,0.0,0.12131039008001605,1.0,0.5045045045045045,0.8247653106839518,0.0,0.36036036036036034,0.5385385385385385,0.4209209209209209,0.07177040839900907
Let's Do It                                                                                                                                                                       - Eartha Kitt                                     ,0.6941941941941943,0.039313219837605405,0.7217217217217218,0.07814985137000392,1.0,0.18268268268268267,0.8610637772648946,0.2689402196564129,0.7582582582582582,0.5385385385385385,0.508008008008008,0.253379564605838
Since I Fell For You - Rudy Van Gelder Edition / 2007 / Digital Remaster                                                                                                          - Lee Morgan                                      ,0.35535535535535534,0.12187187187187187,0.7217217217217218,0.24352313478527074,1.0,0.2277277277277277,0.9364364364364364,0.8028028028028028,0.36936936936936937,0.05005005005005005,0.45245245245245247,0.9177439207566949
Serenade To A Soul Sister - Remastered                                                                                                                                            - Horace Silver                                   ,0.43243243243243246,0.2902902902902903,0.7217217217217218,0.40095496256162066,0.0,0.06706706706706707,0.8053973706147619,0.5265868886576482,0.23023023023023023,0.05005005005005005,0.6711711711711712,0.832249758516464
Lazy Afternoon                                                                                                                                                                    - Joe Henderson                                   ,0.22122122122122123,0.04125137830987721,0.4664664664664665,0.07007007007007007,0.0,0.13863863863863862,0.9464464464464464,0.7413006029285099,0.3023023023023023,0.5385385385385385,0.23123123123123124,0.0013217274347367771
It Ain't Necessarily So                                                                                                                                                           - Mary Lou Williams                               ,0.4209209209209209,0.13737170778749624,0.3918918918918919,0.11219073469971869,0.0,0.0945945945945946,0.9071066258566258,0.9029029029029029,0.2922922922922923,0.05005005005005005,0.2247247247247247,0.620233177869945
"Milestones (feat. John Coltrane, Cannonball Adderley, Red Garland, Paul Chambers & Philly Joe Jones)                                                                            - Miles Davis                                     ",0.5245245245245245,0.29929929929929927,0.8058058058058057,0.48687881429816926,0.0,0.14164164164164164,0.7129829993392085,0.45895338658496554,0.632132132132132,0.5385385385385385,0.7687687687687688,0.48948977187590176
Autumn Leaves                                                                                                                                                                     - Cannonball Adderley                             ,0.4951977293749447,0.14514514514514515,0.6341341341341341,0.33863807706724963,0.0,0.11761761761761762,0.8176311490643736,0.4012039580265368,0.43843843843843844,0.5385385385385385,0.34634634634634637,0.4151617687551832
Moanin' - Remastered                                                                                                                                                              - Art Blakey                                      ,0.6151151151151151,0.2592950092950094,0.4664664664664665,0.3913913913913914,0.0,0.39289289289289286,0.8295738134447812,0.6836836836836837,0.7042042042042043,0.5385385385385385,0.5645645645645646,0.6218255077968463
Sunday                                                                                                                                                                            - Ben Webster                                     ,0.6466466466466466,0.15868548689286827,0.0,0.1072118116490285,0.0,0.33933933933933935,0.8359409924005365,0.4501338137701774,0.6871871871871872,0.5385385385385385,0.9129129129129129,0.3476014563082821
Alone Together - Rudy Van Gelder Remaster                                                                                                                                         - Kenny Dorham                                    ,0.2819063004846527,0.04518386371751238,0.4664664664664665,0.0670632685497515,0.0,0.1921921921921922,0.9539539539539539,0.8833833833833833,0.3963963963963964,0.5385385385385385,0.25125125125125125,0.0032576360966735003
Unforgettable                                                                                                                                                                     - Nat King Cole                                   ,0.2962962962962963,0.11211211211211211,0.4664664664664665,0.17617617617617617,1.0,0.07857857857857858,0.8858858858858859,0.5734959336067371,0.5665665665665666,0.05005005005005005,0.2247247247247247,0.7680347188943034
Body and Soul                                                                                                                                                                     - Coleman Hawkins                                 ,0.7037037037037037,0.0773357174787662,0.8883883883883883,0.11685649482166527,0.0,0.5115115115115115,0.9384384384384384,0.8693693693693694,0.6601601601601601,0.5385385385385385,0.8048048048048048,0.23041054970675012
Song For My Father                                                                                                                                                                - Horace Silver                                   ,0.8343343343343343,0.4169169169169169,0.4664664664664665,0.4224265138431224,0.0,0.28378378378378377,0.8254766638146527,0.5285285285285285,0.4824824824824825,0.5385385385385385,0.6711711711711712,0.6338768274578109
Fly Me To The Moon                                                                                                                                                                - Frank Sinatra                                   ,0.7212212212212212,0.19119119119119118,0.0,0.30272385046254396,1.0,0.5065065065065065,0.7377377377377378,0.0,0.05654281098546041,0.5385385385385385,0.5340340340340339,0.5011643829617498
I Got It Bad And That Ain't Good                                                                                                                                                  - Oscar Peterson Trio                             ,0.43343343343343343,0.039805857639346055,0.4664664664664665,0.024919211569973447,1.0,0.41041041041041043,0.92992992992993,0.914914914914915,0.21521521521521522,0.5385385385385385,0.24574574574574576,0.0009924639729226251
What's The Rush                                                                                                                                                                   - Johnny Hodges                                   ,0.34634634634634637,0.0231196620085509,0.3383383383383384,0.054570241844586496,1.0,0.11761761761761762,0.9284284284284283,0.730814639905549,0.4314314314314314,0.5385385385385385,0.3433433433433433,0.0011141167386337135
Blue in Green (feat. John Coltrane & Bill Evans)                                                                                                                                  - Miles Davis                                     ,0.36186186186186187,0.016299302134996186,0.27127127127127126,0.03364858632179098,0.0,0.24724724724724725,0.8318318318318318,0.5085085085085085,0.2922922922922923,0.5385385385385385,0.19269269269269268,0.4109043630191859
Infant Eyes - Remastered1998/Rudy Van Gelder Edition                                                                                                                              - Wayne Shorter                                   ,0.2857857857857858,0.06059725456461742,0.3383383383383384,0.22267221306543186,1.0,0.3103103103103103,0.9539539539539539,0.7843246973681757,0.2677403041641452,0.05005005005005005,0.14714714714714713,0.7857899125883513
Blue Monk - Rudy Van Gelder Remaster                                                                                                                                              - Thelonious Monk Trio                            ,0.38538538538538536,0.18118118118118118,0.3383383383383384,0.11407911369487833,1.0,0.30680680680680683,0.7801676599959863,0.6396396396396397,0.6251251251251251,0.5385385385385385,0.7307307307307307,0.8167425888438106
When Sunny Gets Blue                                                                                                                                                              - McCoy Tyner                                     ,0.3691508409818269,0.07778274474742959,0.27127127127127126,0.04927379613615329,0.0,0.44994994994994997,0.8472922922922923,0.8478478478478478,0.2827827827827828,0.5385385385385385,0.14114114114114115,0.003051459185688753
Summertime                                                                                                                                                                        - Albert Ayler                                    ,0.3883883883883884,0.11711711711711711,0.8883883883883883,0.1277997002330928,1.0,0.24074074074074076,0.8898898898898899,0.7377377377377378,0.8243243243243243,0.5385385385385385,0.35735735735735735,0.7749855831685288
Naima                                                                                                                                                                             - John Coltrane                                   ,0.2431240764574099,0.01461759464136098,0.8883883883883883,0.07599628330497955,0.0,0.30680680680680683,0.9089089089089089,0.6370268012048317,0.15815815815815815,0.05005005005005005,0.1971971971971972,0.936295849760493
Polka Dots And Moonbeams - Remastered                                                                                                                                             - Bud Powell                                      ,0.532032032032032,0.06359715599523326,0.27127127127127126,0.10229894868248281,0.0,0.5730730730730731,0.9071066258566258,0.9424424424424425,0.2827827827827828,0.5385385385385385,0.16316316316316315,0.30422565461149453
I'll Never Smile Again                                                                                                                                                            - Sarah Vaughan                                   ,0.20870870870870872,0.08638483989607586,0.8058058058058057,0.14933022599313456,1.0,0.11161161161161161,0.9009009009009009,0.4287734939908853,0.7082082082082082,0.5385385385385385,0.10100509453260262,0.0027793896806780957
Mack the Knife                                                                                                                                                                    - Louis Armstrong                                 ,0.7272272272272272,0.1971971971971972,0.0,0.15959192135965802,1.0,0.6096096096096096,0.7577577577577578,0.0,0.8653653653653655,0.5385385385385385,0.7787787787787788,0.14501057357692487
Soledad de Murcia                                                                                                                                                                 - Michael Naura Quartet                           ,0.4069069069069069,0.14781448114781448,0.8058058058058057,0.0961186299624592,1.0,0.037037037037037035,0.8632692017494944,0.6856856856856857,0.2972972972972973,0.5385385385385385,0.15965965965965967,0.43400527435690606
"A Love Supreme, Pt. IV - Psalm                                                                                                                                                  - John Coltrane                                   ",0.32732732732732733,0.16866866866866864,0.6341341341341341,0.22923907589501705,0.0,0.08208208208208209,0.8728728728728729,0.6066066066066066,0.5405405405405406,0.5385385385385385,0.45645645645645644,0.6316339659195137
Along Came Betty                                                                                                                                                                  - Art Blakey                                      ,0.7122122122122122,0.18943139678615573,0.16616616616616617,0.3735392827388048,1.0,0.11161161161161161,0.8287885561019224,0.6413763896522516,0.572072072072072,0.5385385385385385,0.4844844844844845,0.4224275156555512
Stars Fell On Alabama                                                                                                                                                             - Toots Thielemans                                ,0.46546546546546547,0.2112112112112112,0.4664664664664665,0.29438857422536446,0.0,0.56006006006006,0.8328328328328328,0.7877877877877878,0.7457457457457457,0.5385385385385385,0.5235235235235235,0.7909400467373712
What A Little Moonlight Can Do - Remastered                                                                                                                                       - Nancy Wilson                                    ,0.5815815815815816,0.25425425425425424,0.0,0.7501871950690846,0.0,0.924924924924925,0.8328328328328328,0.0,0.7977977977977978,0.5385385385385385,0.7647647647647647,0.857012237931123
Blue Skies                                                                                                                                                                        - Art Tatum                                       ,0.3838838838838839,0.052341180631873985,0.16616616616616617,0.07123280048404741,1.0,0.4209209209209209,0.9674674674674675,0.8883883883883883,0.31931931931931934,0.5385385385385385,0.6756756756756757,0.9586628282994907
In Your Own Sweet Way                                                                                                                                                             - Phil Woods                                      ,0.6341341341341342,0.18294190358467244,0.7217217217217218,0.3733338805433092,1.0,0.24274274274274274,0.7654473773097007,0.6226870332358098,0.2962962962962963,0.5385385385385385,0.34434434434434436,0.6208754084739677
Ruby My Dear                                                                                                                                                                      - Roy Hargrove                                    ,0.35135135135135137,0.11911911911911911,0.7217217217217218,0.2972427282478388,1.0,0.11946609788336406,0.8738738738738738,0.7669421487603305,0.36036036036036034,0.5385385385385385,0.09644414247744316,0.747634741759861
They Can't Take That Away from Me - 2012 Remastered Version                                                                                                                       - Mel Tormé                                       ,0.43343343343343343,0.1801606922126081,0.4664664664664665,0.3017232654080446,0.0,0.3868868868868869,0.8498498498498498,0.35135135135135137,0.5025025025025025,0.5385385385385385,0.5510510510510511,0.743440832148505
Blue Train - Remastered 2003                                                                                                                                                      - John Coltrane                                   ,0.45545545545545546,0.2592950092950094,0.7217217217217218,0.4604440344512546,1.0,0.3228228228228228,0.827367659709466,0.5225225225225225,0.8327878547763823,0.5385385385385385,0.6636636636636637,0.7540600606337544
Over The Rainbow                                                                                                                                                                  - Lou Donaldson                                   ,0.3183183183183183,0.05980411101832248,0.3383383383383384,0.06765576148836062,1.0,0.16716716716716717,0.9219219219219219,0.7227227227227228,0.18336316612178682,0.5385385385385385,0.09893742621015347,0.3662816044894484
I'll Be Seeing You                                                                                                                                                                - Billie Holiday                                  ,0.3028028028028028,0.025025025025025023,0.16616616616616617,0.06726388018785523,1.0,0.1866866866866867,0.9674674674674675,0.6146648666119436,0.44494494494494496,0.05005005005005005,0.23823823823823823,0.16014106125033262
The Shadow of Your Smile                                                                                                                                                          - Dexter Gordon                                   ,0.5285285285285285,0.028546529778259125,0.6341341341341341,0.06396393961375538,0.0,0.3088088088088088,0.9034034034034033,0.6607349167349164,0.17317317317317318,0.5385385385385385,0.24974974974974976,0.4127397071565901
Stolen Moments                                                                                                                                                                    - Oliver Nelson                                   ,0.5590590590590591,0.11511511511511512,0.0,0.1888662735841917,0.0,0.4540734162556854,0.8918918918918919,0.8633633633633633,0.6306306306306306,0.5385385385385385,0.4184184184184184,0.3782870015388114
"Dorene Don't Cry, I - Remastered                                                                                                                                                - Stanley Turrentine                              ",0.3053053053053053,0.0940940940940941,0.8883883883883883,0.25236030018176675,1.0,0.08458458458458458,0.9154406772703302,0.6873809862615262,0.7477477477477478,0.5385385385385385,0.17217217217217218,0.06090620574921338
"All of You (feat. John Coltrane, Red Garland, Paul Chambers & Philly Joe Jones)                                                                                                 - Miles Davis                                     ",0.6516516516516516,0.14714714714714713,0.4664664664664665,0.262649852094037,0.0,0.31731731731731727,0.7081699156052602,0.38975446172076045,0.6706706706706707,0.5385385385385385,0.6601601601601601,0.10010240389987227
From Gagarin's Point of View                                                                                                                                                      - Esbjörn Svensson Trio                           ,0.6306306306306306,0.027276150341165824,0.27127127127127126,0.05918110350180539,0.0,0.2602602602602603,0.7467467467467468,0.9554554554554555,0.7262262262262262,0.5385385385385385,0.15815815815815815,0.34181004078456934
My Baby Just Cares for Me - 2013 Remastered Version                                                                                                                               - Nina Simone                                     ,0.8413413413413413,0.1389362227351054,0.3918918918918919,0.1399416558045239,0.0,0.8178178178178178,0.8412957998945261,0.25024236558990764,0.23223223223223222,0.5385385385385385,0.5065065065065065,0.49198502083398604
Splanky                                                                                                                                                                           - Count Basie                                     ,0.5710710710710711,0.1966966966966967,0.5445445445445445,0.2666174543629375,1.0,0.3338338338338338,0.8037772242400744,0.6807542529777632,0.08441775108441771,0.5385385385385385,0.6936936936936937,0.5268540440109064
This I Dig Of You - Remastered 1999/Rudy Van Gelder Edition                                                                                                                       - Hank Mobley                                     ,0.5775775775775776,0.42042042042042044,0.8883883883883883,0.45076188224876274,1.0,0.44994994994994997,0.8098098098098098,0.5418752085418752,0.12112112112112113,0.5385385385385385,0.8503503503503503,0.5635008975590162
Lover Man - Rudy Van Gelder Edition/Digital Remaster/2006                                                                                                                         - Johnny Griffin                                  ,0.5015015015015015,0.17617617617617617,0.27127127127127126,0.37089847447662866,0.0,0.1921921921921922,0.8573573573573574,0.6966966966966966,0.4764764764764765,0.5385385385385385,0.4369369369369369,0.25057256572777376
Makin' Whoopee                                                                                                                                                                    - The Ben Webster Quintet                         ,0.48598598598598597,0.04301926688751153,0.7217217217217218,0.08422956842416907,1.0,0.5517036561179176,0.8668668668668669,0.646398203112466,0.44494494494494496,0.5385385385385385,0.43843843843843844,0.19448643174748398
"'Round Midnight (feat. John Coltrane, Red Garland, Paul Chambers & Philly Joe Jones)                                                                                            - Miles Davis                                     ",0.44144144144144143,0.11211211211211211,0.8883883883883883,0.25854039260388906,0.0,0.3513776934829565,0.823871256146625,0.44461424638261227,0.516016016016016,0.5385385385385385,0.26676676676676675,0.4341789400256842
"He's Younger Than You Are - From ""Alfie"" Score                                                                                                                                - Sonny Rollins                                   ",0.35621151973891696,0.07574240907574241,0.4664664664664665,0.12062379599774972,0.0,0.27877877877877877,0.9109109109109109,0.7707040581534507,0.6481481481481481,0.5385385385385385,0.2802802802802803,0.0018645153991727044
Django - Rudy Van Gelder Edition / Remastered 1999                                                                                                                                - Grant Green                                     ,0.6941941941941943,0.1931931931931932,0.8883883883883883,0.2382517125437317,0.0,0.34434434434434436,0.8618618618618619,0.5163547434840811,0.2866527695207898,0.5385385385385385,0.31192069583294446,0.4795234767880515
Stella By Starlight                                                                                                                                                               - Joe Lovano                                      ,0.5675675675675675,0.1041041041041041,0.0,0.11926235642824527,0.0,0.4904904904904905,0.8908908908908909,0.8443443443443444,0.44494494494494496,0.5385385385385385,0.5315315315315315,0.14047215499243434
Until The Real Thing Comes Along                                                                                                                                                  - Coleman Hawkins                                 ,0.44744744744744747,0.12562562562562563,0.5445445445445445,0.15717826629319365,1.0,0.6366366366366366,0.8178959623404067,0.7237287087884697,0.9089089089089089,0.05005005005005005,0.5435435435435435,0.9802614053214231
"Freddie Freeloader (feat. John Coltrane, Cannonball Adderley, Wynton Kelly & Paul Chambers)                                                                                     - Miles Davis                                     ",0.6466466466466466,0.15589660743134087,0.7217217217217218,0.21741656884113386,1.0,0.11561561561561562,0.7813230801300216,0.4287734939908853,0.36036036036036034,0.5385385385385385,0.5860860860860861,0.6863270574018496
Strange Meadow Lark                                                                                                                                                               - The Dave Brubeck Quartet                        ,0.4874874874874875,0.0935935935935936,0.7217217217217218,0.1051012649478123,1.0,0.3153153153153153,0.9160036749077841,0.7238947114445122,0.7957957957957957,0.5385385385385385,0.14714714714714713,0.5986224402619769
Search For Peace                                                                                                                                                                  - McCoy Tyner                                     ,0.39789789789789787,0.1308769561196746,0.0,0.11487356073670824,1.0,0.17267267267267267,0.8998998998998999,0.8045461943012057,0.7547547547547547,0.5385385385385385,0.18568568568568566,0.434539309431458
Monticello                                                                                                                                                                        - The Monty Alexander Trio                        ,0.5335335335335335,0.2502502502502503,1.0,0.0959201253379406,0.0,0.3263263263263263,0.7867867867867868,0.8443443443443444,0.7217217217217217,0.5385385385385385,0.5655655655655656,0.28930344394355256
A Night In Tunisia - Rudy Van Gelder Edition / 2003 Remaster                                                                                                                      - Dexter Gordon                                   ,0.48465698507123506,0.33183183183183185,0.6341341341341341,0.3783459609390116,0.0,0.5730730730730731,0.7597597597597597,0.0,0.8303303303303303,0.5385385385385385,0.7437437437437437,0.25124959087925813
"Alabama - Live At Birdland Jazzclub, New York City, NY, 10/18/1963                                                                                                              - John Coltrane                                   ",0.37037037037037035,0.055951582267371736,0.0,0.10671831360067754,0.0,0.2952952952952953,0.8186174630619075,0.6092314443176875,0.487987987987988,0.5385385385385385,0.13913913913913914,0.3795470566937206
Cool Out                                                                                                                                                                          - Leroy Hutson                                    ,0.39539539539539537,0.19269269269269268,0.27127127127127126,0.12322131435723473,0.0,0.14764764764764765,0.4687886279357231,0.49870129870129876,0.3128128128128128,0.05005005005005005,0.15965965965965967,0.8086427491125872
The Sidewinder - Remastered 1999/Rudy Van Gelder Edition                                                                                                                          - Lee Morgan                                      ,0.41491491491491495,0.41541541541541543,0.7217217217217218,0.4606641229952886,1.0,0.16966966966966968,0.7148504059615172,0.2835739387112734,0.27576837192221804,0.5385385385385385,0.8678678678678678,0.8750376036646312
The Nearness Of You - Remastered                                                                                                                                                  - George Shearing Quintet                         ,0.3363363363363363,0.026982109688141562,0.3383383383383384,0.10309707824238479,0.0,0.3053053053053053,0.933933933933934,0.478296317275536,0.3963963963963964,0.05005005005005005,0.20020020020020018,0.1251648824279673
Red Clay                                                                                                                                                                          - Freddie Hubbard                                 ,0.47097097097097096,0.1991991991991992,0.8058058058058057,0.1546242896869229,1.0,0.16966966966966968,0.7008652657601976,0.6873809862615262,0.6196196196196196,0.5385385385385385,0.6786786786786787,0.7937341261643087
Strange Fruit                                                                                                                                                                     - Billie Holiday                                  ,0.25625625625625625,0.03387262212825232,0.5445445445445445,0.0484010079598315,1.0,0.0895895895895896,0.9674674674674675,0.653933674121129,0.7142142142142143,0.005005005005005005,0.07456027456027456,0.30607511002758336
Footprints                                                                                                                                                                        - Miles Davis                                     ,0.3433433433433433,0.2112112112112112,0.4664664664664665,0.16510981349992082,0.0,0.1921921921921922,0.5338606800870952,0.4593816020941527,0.26926926926926925,0.5385385385385385,0.5703021703021702,0.7197173457379753
Bags' Groove - Rudy Van Gelder 2001 - Remaster                                                                                                                                    - Milt Jackson                                    ,0.6516516516516516,0.12012012012012012,0.0,0.12926484805043775,0.0,0.42542542542542544,0.8690210102816273,0.4616404367096888,0.8653653653653655,0.5385385385385385,0.7427427427427428,0.1343086179758653
One For Majid - Live                                                                                                                                                              - Keith Jarrett                                   ,0.5135135135135135,0.17378817932323473,0.0,0.08444416990921133,1.0,0.2102102102102102,0.7813230801300216,0.5955955955955956,0.9900913176148785,0.5385385385385385,0.5695695695695696,0.24836103793410186
Journey In Satchidananda                                                                                                                                                          - Alice Coltrane                                  ,0.07257257257257257,0.2972972972972973,1.0,0.17384706795300944,0.0,0.2527527527527528,0.33933933933933935,0.0,0.35235235235235235,0.05005005005005005,0.26876876876876876,0.2780003482211344
Tetragon                                                                                                                                                                          - Joe Henderson                                   ,0.35135135135135137,0.22322322322322322,0.0,0.1832901521149555,1.0,0.4169169169169169,0.7335151612385689,0.5486352639016276,0.7547547547547547,0.5385385385385385,0.5885885885885885,0.21516892687355668
"So What (feat. John Coltrane, Cannonball Adderley & Bill Evans)                                                                                                                 - Miles Davis                                     ",0.49099099099099097,0.09876543209876543,0.0,0.10899725057674686,1.0,0.22072072072072074,0.7964936325020066,0.48794808405438805,0.44494494494494496,0.5385385385385385,0.26876876876876876,0.7728601915432838
Wake Me Up - Radio Edit                                                                                                                                                           - Avicii                                          ,0.49099099099099097,0.5685685685685686,0.27127127127127126,0.6952155967508006,1.0,0.46646646646646645,0.2675175175175175,0.48496992137768835,0.6196196196196196,0.5385385385385385,0.7197197197197197,0.5725725725725725
Feel So Close - Radio Edit                                                                                                                                                        - Calvin Harris                                   ,0.7707707707707707,0.8078078078078078,0.6341341341341341,0.9693505774772192,1.0,0.10760760760760761,0.21933295647258338,0.5522819495862841,0.2827827827827828,0.5385385385385385,0.9414414414414414,0.6435218923495588
Titanium (feat. Sia)                                                                                                                                                              - David Guetta                                    ,0.602102102102102,0.5745745745745746,0.0,0.9229229229229229,0.0,0.7672672672672672,0.46646646646646645,0.6546546546546547,0.507007007007007,0.5385385385385385,0.3688688688688689,0.6176997046517454
Don't You Worry Child (Radio Edit) [feat. John Martin]                                                                                                                            - Swedish House Mafia                             ,0.6151151151151151,0.6566566566566566,1.0,0.9557222009935039,0.0,0.44994994994994997,0.5185185185185185,0.0,0.44494494494494496,0.5385385385385385,0.5225225225225225,0.6936936936936937
Heroes (we could be)                                                                                                                                                              - Alesso                                          ,0.46796796796796797,0.5175175175175175,0.4664664664664665,0.8838364539549101,1.0,0.6061061061061062,0.3933933933933934,0.0,0.7097097097097097,0.5385385385385385,0.4369369369369369,0.6028762760830949
Hey Brother                                                                                                                                                                       - Avicii                                          ,0.5125125125125125,0.5635635635635635,0.6341341341341341,0.7989656322989657,0.0,0.33933933933933935,0.3932015652713907,0.37817488076311606,0.17917917917917917,0.5385385385385385,0.5405405405405406,0.5895895895895896
I Need Your Love (feat. Ellie Goulding)                                                                                                                                           - Calvin Harris                                   ,0.7625201938610662,0.7062062062062062,0.7217217217217218,0.7724491481773036,1.0,0.4169169169169169,0.7019386106623587,0.0,0.7502502502502502,0.5385385385385385,0.6586586586586587,0.5855855855855856
If I Lose Myself - Alesso vs OneRepublic                                                                                                                                          - OneRepublic                                     ,0.47097097097097096,0.5235235235235235,0.27127127127127126,0.6961834114151995,1.0,0.2727727727727728,0.6356356356356356,0.2914773367117117,0.5540540540540541,0.5385385385385385,0.2012012012012012,0.6063563563563554
I Could Be The One (Avicii Vs. Nicky Romero) - Nicktim / Radio Edit                                                                                                               - Avicii                                          ,0.45945945945945943,0.5785785785785785,0.5445445445445445,0.9150762113725075,0.0,0.2182182182182182,0.6733845727774609,0.3898714800926448,0.8448448448448449,0.5385385385385385,0.7167167167167167,0.6426426426426426
Under Control (feat. Hurts)                                                                                                                                                       - Calvin Harris                                   ,0.52002002002002,0.7992992992992993,0.7217217217217218,0.9399710714448251,1.0,0.6596596596596597,0.5425425425425425,0.48423423423423423,0.21871871871871873,0.5385385385385385,0.5935935935935935,0.6175579235506894
Runaway (U & I)                                                                                                                                                                   - Galantis                                        ,0.45545545545545546,0.6011011011011012,0.16616616616616617,0.8806807853742094,1.0,0.39539539539539537,0.29426354213773065,0.5007065161576905,0.19519519519519518,0.5385385385385385,0.46346346346346345,0.6110901119292387
Lean On (feat. MØ & DJ Snake)                                                                                                                                                     - Major Lazer                                     ,0.8078078078078078,0.6061061061061062,0.6341341341341341,0.9585455285794269,0.0,0.5580580580580581,0.26326326326326327,0.48594646025664107,0.9627054878547476,0.5385385385385385,0.3363363363363363,0.2729854078283095
Blame (feat. John Newman)                                                                                                                                                         - Calvin Harris                                   ,0.3533533533533533,0.6831831831831832,0.0,0.8848848848848849,0.0,0.6715214931323837,0.3833833833833834,0.5378881072132606,0.8778778778778779,0.5385385385385385,0.42842842842842843,0.6706706706706707
Clarity                                                                                                                                                                           - Zedd                                            ,0.4769874476987445,0.5635635635635635,0.7217217217217218,0.9428788746429582,1.0,0.6405870579248122,0.4100670878046741,0.0,0.13513513513513514,0.5385385385385385,0.23723723723723725,0.6630471408523081
We Found Love                                                                                                                                                                     - Rihanna                                         ,0.8228228228228228,0.5430430430430431,0.16616616616616617,0.8443413201721358,1.0,0.23673673673673673,0.37096798290828137,0.488566131025958,0.37887887887887883,0.5385385385385385,0.6806806806806807,0.6548376150146066
Summertime Sadness (Lana Del Rey Vs. Cedric Gervais) - Cedric Gervais Remix                                                                                                       - Lana Del Rey                                    ,0.5530530530530531,0.6076076076076076,0.16616616616616617,0.6835658148581315,0.0,0.5005005005005005,0.33803663803663814,0.31312419002747116,0.521021021021021,0.5385385385385385,0.13713713713713713,0.6168735946817873
Fade Into Darkness - Vocal Radio Mix                                                                                                                                              - Avicii                                          ,0.5285285285285285,0.7342342342342343,0.5445445445445445,0.8889512128237728,1.0,0.0995995995995996,0.29961817206019126,0.2691829970295617,0.5505505505505506,0.5385385385385385,0.8342507226853022,0.6096096096096096
Years - ラジオ・エディット                                                                                                                                                                 - Alesso                                          ,0.3173173173173173,0.6256256256256256,0.27127127127127126,0.6250946631814656,1.0,0.6706706706706707,0.24849872388149183,0.2682437427394656,0.6481481481481481,0.5385385385385385,0.3963963963963964,0.6656656656656657
Sun Is Shining                                                                                                                                                                    - Axwell /\ Ingrosso                              ,0.4159159159159159,0.5260260260260261,0.27127127127127126,0.9654430340025574,1.0,0.4588045234248789,0.4746009286980456,0.0,0.1061061061061061,0.5385385385385385,0.4964964964964965,0.7278098919635931
In the Name of Love                                                                                                                                                               - Martin Garrix                                   ,0.44994994994994997,0.27627627627627627,0.3918918918918919,0.6716716716716716,0.0,0.2877877877877878,0.515015015015015,0.0,0.943943943943944,0.5385385385385385,0.21371371371371373,0.7493707008179785
Levels - Radio Edit                                                                                                                                                               - Avicii                                          ,0.6286286286286287,0.7277277277277278,0.16616616616616617,0.6756756756756757,0.0,0.21521521521521522,0.4540734162556854,0.7682323856613102,0.8378378378378378,0.5385385385385385,0.4975869214702392,0.6154339804267596
Reload - Vocal Version / Radio Edit                                                                                                                                               - Sebastian Ingrosso                              ,0.4289289289289289,0.4974974974974975,0.3918918918918919,0.8302695177695179,0.0,0.45645645645645644,0.47211361385740347,0.0,0.07235157235157234,0.5385385385385385,0.5175175175175175,0.6775052547410272
Call Me A Spaceman - Radio Edit                                                                                                                                                   - Hardwell                                        ,0.5675675675675675,0.7187187187187187,0.3383383383383384,0.9276730749141784,0.0,0.4209209209209209,0.3457850024128327,0.0,0.7647647647647647,0.5385385385385385,0.43043043043043044,0.6435218923495588
Spectrum (Say My Name) - Calvin Harris Remix                                                                                                                                      - Florence + The Machine                          ,0.5640640640640641,0.8468468468468469,1.0,0.910939338482618,0.0,0.4114114114114114,0.24624624624624625,0.4954084787623629,0.24233662492955324,0.5385385385385385,0.6857938295438296,0.619407449796482
One (Your Name) - Radio Edit                                                                                                                                                      - Swedish House Mafia                             ,0.8218218218218218,0.42042042042042044,0.8058058058058057,0.5831558341126412,0.0,0.12262262262262262,0.3283283283283283,0.5320440399186351,0.617117117117117,0.5385385385385385,0.7152152152152151,0.594574520672376
Animals - Radio Edit                                                                                                                                                              - Martin Garrix                                   ,0.5855855855855856,0.7892892892892893,0.16616616616616617,0.7407407407407407,1.0,0.1921921921921922,0.23123123123123124,0.7127127127127127,0.11711711711711711,0.5385385385385385,0.03003003003003003,0.6686686686686687
Secrets                                                                                                                                                                           - Tiësto                                          ,0.6831831831831832,0.6106106106106106,1.0,0.4757296234689249,0.0,0.2977977977977978,0.1914006096582705,0.6023086866625614,0.1961961961961962,0.5385385385385385,0.15315315315315314,0.6846520799523143
Toulouse                                                                                                                                                                          - Nicky Romero                                    ,0.8413413413413413,0.8558558558558558,0.4664664664664665,0.9660375666001545,0.0,0.7347347347347347,0.5195195195195195,0.6964850116839956,0.8778778778778779,0.5385385385385385,0.6356356356356356,0.6509818592872845
Tsunami - Original Mix                                                                                                                                                            - DVBBS                                           ,0.7667667667667668,0.6531531531531531,0.3918918918918919,0.7377377377377378,0.0,0.4369369369369369,0.4354270441015673,0.7835305043426872,0.22322322322322322,0.5385385385385385,0.35535535535535534,0.6636636636636637
Million Voices                                                                                                                                                                    - Otto Knows                                      ,0.5890890890890891,0.48648648648648646,0.3383383383383384,0.5258211004329919,1.0,0.5360360360360361,0.2792999539987492,0.6576576576576576,0.1888555221888555,0.5385385385385385,0.2962962962962963,0.6055410228104628
Intoxicated                                                                                                                                                                       - Martin Solveig Vs. GTA                          ,0.924924924924925,0.7087087087087087,0.0,0.920029918819931,1.0,0.5415415415415415,0.24524524524524524,0.6607349167349164,0.8448448448448449,0.5385385385385385,0.6987222768807348,0.5893491760783507
Calling (Lose My Mind) - Radio Edit                                                                                                                                               - Sebastian Ingrosso                              ,0.35535535535535534,0.6696696696696697,0.16616616616616617,0.7935276593959228,0.0,0.37287287287287285,0.3043831118318365,0.4132594573939625,0.7082082082082082,0.5385385385385385,0.18218218218218218,0.5952057551175094
In My Mind (feat. Georgi Kay) - Axwell Radio Edit                                                                                                                                 - Ivan Gough                                      ,0.46046046046046046,0.6391391391391392,0.6341341341341341,0.8398930072602216,0.0,0.5436287936287936,0.42342342342342343,0.28342861099727834,0.8808808808808809,0.5385385385385385,0.45645645645645644,0.6711568155418434
Take You Higher - Radio Edit                                                                                                                                                      - Goodwill                                        ,0.7292292292292293,0.46546546546546547,0.8883883883883883,0.7327217670110439,0.0,0.03003003003003003,0.41351621605724304,0.4486567565162692,0.4314314314314314,0.5385385385385385,0.6016016016016016,0.6488345433702691
Never Say Goodbye [Mix Cut]                                                                                                                                                       - Hardwell & Dyro feat. Bright Lights             ,0.35735735735735735,0.4934934934934935,0.16616616616616617,0.5136391258737697,0.0,0.3263263263263263,0.3233233233233233,0.0,0.6771771771771772,0.5385385385385385,0.04054054054054054,0.6856869566646844
Save The World                                                                                                                                                                    - Swedish House Mafia                             ,0.45645645645645644,0.4124124124124124,0.0,0.474825314353139,1.0,0.40540540540540543,0.33312731767614345,0.0,0.13857845328565038,0.5385385385385385,0.4844844844844845,0.625511668589275
Silhouettes - Original Radio Edit                                                                                                                                                 - Avicii                                          ,0.6036036036036035,0.592092092092092,0.4664664664664665,0.6266476440853664,0.0,0.48848848848848847,0.5610610610610611,0.615321711877966,0.4764764764764765,0.5385385385385385,0.8943943943943944,0.6799427855211028
Shot Me Down (feat. Skylar Grey) - Radio Edit                                                                                                                                     - David Guetta                                    ,0.29404235696370534,0.5530530530530531,0.4664664664664665,0.856330263913202,0.0,0.49300716053160726,0.4562337821207729,0.5983752747906489,0.43843843843843844,0.05005005005005005,0.012012012012012012,0.991520284431532
Now That I've Found You (feat. John & Michel)                                                                                                                                     - Martin Garrix                                   ,0.44344344344344344,0.6391391391391392,0.4664664664664665,0.6786674715987048,0.0,0.0965965965965966,0.3598166067301869,0.3789649508955007,0.9532871775518834,1.0,0.49702281228597006,0.6788561990222702
Sweet Nothing (feat. Florence Welch)                                                                                                                                              - Calvin Harris                                   ,0.555055055055055,0.8193193193193193,0.7217217217217218,0.8985066371681415,0.0,0.7832832832832832,0.5948702101359703,0.4066312107709262,0.05227088645156694,0.5385385385385385,0.6616616616616616,0.6406368522719248
Can't Stop Me - USA Radio Edit                                                                                                                                                    - Afrojack & Shermanology                         ,0.6006006006006006,0.7167167167167168,0.0,0.8931440416002407,0.0,0.8628628628628628,0.6426426426426426,0.0,0.18218218218218218,0.5385385385385385,0.36236236236236236,0.7076800374444895
Seek Bromance (Avicii Vocal Edit)                                                                                                                                                 - Tim Berg                                        ,0.43593593593593594,0.6091091091091092,0.16616616616616617,0.9804147831014058,0.0,0.34684684684684686,0.4927535209445938,0.0,0.22822822822822822,0.5385385385385385,0.6306306306306306,0.6053472744250327
Alors on danse                                                                                                                                                                    - Stromae                                         ,0.9084084084084083,0.3353353353353353,0.16616616616616617,0.35058524890706516,0.0,0.6500491702249592,0.49633179843196,0.49303423848878397,0.09028006108298078,0.5385385385385385,0.7967967967967968,0.5084905310998715
Bounce (feat. Kelis) - Radio Edit                                                                                                                                                 - Calvin Harris                                   ,0.8908908908908909,0.9054054054054055,0.27127127127127126,0.9892267989281158,0.0,0.2677677677677678,0.4014014014014014,0.7232257408313747,0.9762013274757485,0.5385385385385385,0.8228228228228228,0.6413867822318532
Alive                                                                                                                                                                             - Empire of the Sun                               ,0.6856856856856857,0.5145145145145145,0.4664664664664665,0.9601059847182138,1.0,0.42542542542542544,0.2862862862862863,0.577570022157651,0.9830037082818294,0.5385385385385385,0.07178635778635778,0.6466466466466466
Body Talk (Mammoth)                                                                                                                                                               - Dimitri Vegas & Like Mike                       ,0.537037037037037,0.8053053053053053,0.6341341341341341,0.8135046470183277,1.0,0.974974974974975,0.2519446149964796,0.34649524752994015,0.9553377421410412,0.5385385385385385,0.7137137137137137,0.6616192830655149
No Beef ft. Miss Palmer - Vocal Mix                                                                                                                                               - Afrojack                                        ,0.8323323323323324,0.6531531531531531,1.0,0.7575526292665168,0.0,0.27877877877877877,0.36481700118063753,0.6905385861243246,0.08757465412755515,0.5385385385385385,0.29479479479479476,0.652318985652322
Sparks (Turn Off Your Mind) - Radio Edit                                                                                                                                          - Fedde Le Grand                                  ,0.43593593593593594,0.8968968968968969,0.6341341341341341,0.9799641168403607,0.0,0.8638638638638638,0.2657028307617543,0.5815822002472187,0.9936133006686451,0.5385385385385385,0.41004184100418395,0.6770585469772467
Changed The Way You Kiss Me - Radio Edit                                                                                                                                          - Example                                         ,0.5390390390390389,0.6091091091091092,0.3918918918918919,0.8570713570713571,0.0,0.30230230230230226,0.3023023023023023,0.43652535425256855,0.14314314314314314,0.5385385385385385,0.26876876876876876,0.6289557333430251
Howl At The Moon - Radio Edit                                                                                                                                                     - Stadiumx                                        ,0.46546546546546547,0.8323323323323324,0.8883883883883883,0.9521512649411238,0.0,0.7532752848542322,0.4416509532788603,0.4759476229572812,0.5480480480480481,0.5385385385385385,0.23123123123123124,0.6437802907916007
Parachute - Radio Edit                                                                                                                                                            - Otto Knows                                      ,0.6131131131131131,0.5635635635635635,0.4664664664664665,0.9449530373599142,0.0,0.2082082082082082,0.35835835835835833,0.3636253189162921,0.8478478478478478,0.5385385385385385,0.6666666666666666,0.656029697409009
Legacy - Radio Edit                                                                                                                                                               - Nicky Romero                                    ,0.5765765765765766,0.3843843843843844,0.0,0.6828298713785907,0.0,0.3288288288288288,0.3785926487876349,0.0,0.7907907907907907,0.5385385385385385,0.3013013013013013,0.6548376150146066
Apollo - Radio Edit                                                                                                                                                               - Hardwell                                        ,0.535035035035035,0.507007007007007,0.8058058058058057,0.6401479084405914,1.0,0.5875875875875876,0.3353353353353353,0.5695695695695696,0.9730942343768948,0.5385385385385385,0.33783783783783783,0.6783753617385091
Alive - Radio Edit                                                                                                                                                                - Krewella                                        ,0.5085085085085085,0.7572572572572573,0.8058058058058057,0.6526543878656554,1.0,0.4804804804804805,0.30800282488078423,0.40472255017709563,0.2172172172172172,0.5385385385385385,0.5485485485485485,0.6696696696696697
Red Lights                                                                                                                                                                        - Tiësto                                          ,0.6961961961961962,0.637137137137137,0.8883883883883883,0.8073312472060794,1.0,0.2017017017017017,0.20913423613195517,0.2520780797609041,0.4764764764764765,0.5385385385385385,0.631141355860457,0.5855855855855856
Spectrum                                                                                                                                                                          - Zedd                                            ,0.6131131131131131,0.572072072072072,0.0,0.8497722136559734,0.0,0.15565565565565564,0.32682882284078696,0.5190646085141498,0.496996996996997,0.5385385385385385,0.49702281228597006,0.7047047047047047
Ten Feet Tall                                                                                                                                                                     - Afrojack                                        ,0.4769874476987445,0.6891891891891893,0.0,0.938938938938939,1.0,0.5735735735735735,0.40225391632041263,0.0,0.5690690690690691,0.5385385385385385,0.42492492492492495,0.6297614142851793
Outside (feat. Ellie Goulding)                                                                                                                                                    - Calvin Harris                                   ,0.6791791791791792,0.6256256256256256,0.27127127127127126,0.8801578411985,0.0,0.25875875875875876,0.6056056056056056,0.0,0.8523523523523524,0.5385385385385385,0.5010010010010011,0.6746746746746747
You                                                                                                                                                                               - Galantis                                        ,0.07257257257257257,0.7087087087087087,0.7217217217217218,0.9497665861302225,0.0,0.5845845845845846,0.303222663950291,0.6607349167349164,0.5880880880880881,0.5385385385385385,0.26676676676676675,0.6494077187619399
#SELFIE                                                                                                                                                                           - The Chainsmokers                                ,0.9284284284284283,0.7917917917917918,0.0,0.9483144445737961,1.0,0.9494951977898772,0.32982982982982983,0.32504311146560066,0.15563423548809766,0.5385385385385385,0.7227227227227228,0.6540008940545355
Miami 2 Ibiza                                                                                                                                                                     - Swedish House Mafia                             ,0.8148148148148148,0.8378378378378378,0.6341341341341341,0.7419146623711729,0.0,0.6338530793395974,0.27146717684478483,0.34734734734734735,0.9836217552533992,0.5385385385385385,0.7277958929078328,0.5855855855855856
I Love It (feat. Charli XCX)                                                                                                                                                      - Icona Pop                                       ,0.7902902902902902,0.7702702702702702,0.7217217217217218,0.975975975975976,1.0,0.03303303303303303,0.3102676481054859,0.3424914364095168,0.5965965965965966,0.5385385385385385,0.8858858858858859,0.6026924778935069
Play Hard (feat. Ne-Yo & Akon) - New Edit                                                                                                                                         - David Guetta                                    ,0.8078078078078078,0.7077077077077077,0.7217217217217218,0.9636449224195681,0.0,0.3376413570274638,0.40478100433178243,0.0,0.974974974974975,0.5385385385385385,0.7507507507507507,0.7026237241436893
Five More Hours                                                                                                                                                                   - Deorro                                          ,0.7687687687687688,0.7307307307307307,0.4664664664664665,0.9507220208494787,0.0,0.9426761563325439,0.38391928906398365,0.0,0.9927244132997899,0.5385385385385385,0.5825825825825826,0.6466466466466466
Eat Sleep Rave Repeat - Calvin Harris Remix                                                                                                                                       - Fatboy Slim                                     ,0.8448448448448449,0.8348348348348349,0.0,0.8660336973821415,1.0,0.7632632632632632,0.7087087087087087,0.5814388268972734,0.5855855855855856,0.5385385385385385,0.6566566566566566,0.6601870858200017
Drinking from the Bottle (feat. Tinie Tempah)                                                                                                                                     - Calvin Harris                                   ,0.7122122122122122,0.7367367367367368,0.8058058058058057,0.8762268452246824,0.0,0.45545545545545546,0.43072554907849026,0.38841620721881165,0.03803803803803804,0.5385385385385385,0.6160807109360165,0.678650578471687
Let The Bass Kick In Miami Bitch - Radio Mix                                                                                                                                      - Chuckie                                         ,0.8658658658658659,0.8128128128128128,0.8058058058058057,0.8118118118118118,0.0,0.652156192519462,0.4382548511426793,0.5133050193050193,0.45545545545545546,0.5385385385385385,0.6976976976976977,0.6625463535228674
Last Night - Extended Mix                                                                                                                                                         - Ian Carey                                       ,0.7942942942942943,0.8913913913913913,0.8058058058058057,0.6317211982492649,1.0,0.7147147147147147,0.44594594594594594,0.30602467588768956,0.7367367367367368,0.5385385385385385,0.9329329329329329,0.675430532573393
Sexy Bitch (feat. Akon)                                                                                                                                                           - David Guetta                                    ,0.9324398039481839,0.37037037037037035,1.0,0.7791816777776216,0.0,0.4209209209209209,0.47647647647647645,0.46374059844982174,0.5245245245245245,0.5385385385385385,0.8610637772648946,0.7120166853842478
Get Up (Rattle)                                                                                                                                                                   - Bingo Players                                   ,0.91991991991992,0.9639639639639639,0.6341341341341341,0.9749716131799774,1.0,0.5765765765765766,0.35835835835835833,0.3152861316126622,0.8193193193193193,0.5385385385385385,0.7862862862862863,0.6566566566566566
+1 - Radio Edit                                                                                                                                                                   - Martin Solveig                                  ,0.8958958958958959,0.597097097097097,1.0,0.9089924160346695,0.0,0.1886886886886887,0.5171099883266055,0.595338393949505,0.4314314314314314,0.5385385385385385,0.8378378378378378,0.5828402901178086
Till It Hurts                                                                                                                                                                     - Yellow Claw                                     ,0.5165165165165165,0.7367367367367368,0.7217217217217218,0.8925404453400344,1.0,0.07607607607607608,0.208947271318733,0.4351903974545484,0.6891891891891893,0.5385385385385385,0.3613613613613614,0.8368355394471656
As Your Friend                                                                                                                                                                    - Afrojack                                        ,0.6976976976976977,0.547083603474581,0.5445445445445445,0.8482864091992987,1.0,0.6036036036036035,0.4221799549233178,0.0,0.81260483322339,0.5385385385385385,0.8728728728728729,0.6723323050756651
Close to Me (feat. Gary Go)                                                                                                                                                       - Benny Benassi                                   ,0.24824824824824826,0.7367367367367368,0.3918918918918919,0.939855409219117,0.0,0.9579579579579579,0.5210210210210211,0.0,0.5245245245245245,0.5385385385385385,0.33783783783783783,0.6810317514133706
Louder                                                                                                                                                                            - DJ Fresh                                        ,0.33733733733733734,0.8278278278278278,0.5445445445445445,0.9980093138930755,0.0,0.4069069069069069,0.34647601420764357,0.5585585585585585,0.8923923923923924,0.5385385385385385,0.5555555555555556,0.8020986412619654
Bangarang (feat. Sirah)                                                                                                                                                           - Skrillex                                        ,0.7977977977977978,0.9274274274274275,0.6341341341341341,0.9855823747653717,1.0,0.9239239239239239,0.3334334334334335,0.3658538374247636,0.8463463463463463,0.5385385385385385,0.6551551551551551,0.40622673773339163
Cinema (feat. Gary Go) - Skrillex Remix                                                                                                                                           - Benny Benassi                                   ,0.6601601601601601,0.9589589589589589,0.5445445445445445,0.9128850386429546,0.0,0.9029029029029029,0.3062965846582249,0.5515927169319725,0.10233239019366187,0.5385385385385385,0.5175175175175175,0.8370389042508123
Make It Bun Dem                                                                                                                                                                   - Skrillex                                        ,0.5285285285285285,0.7277277277277278,0.6341341341341341,0.9869709763018627,1.0,0.6786786786786787,0.2267800894220169,0.0,0.11389927663512571,0.005005005005005005,0.4144144144144144,0.3517033388528715
Internet Friends                                                                                                                                                                  - Knife Party                                     ,0.6681681681681682,0.7652652652652652,0.4664664664664665,0.9608751168807572,0.0,0.9129129129129129,0.2222222222222222,0.6106862936500415,0.6401401401401401,0.5385385385385385,0.1891891891891892,0.6807016312496312
Decisions (feat. Miley Cyrus)                                                                                                                                                     - Borgore                                         ,0.5440440440440439,0.8323323323323324,0.6341341341341341,0.9948485208372214,0.0,0.5495495495495496,0.26521686307860526,0.2752752752752753,0.8168168168168168,0.5385385385385385,0.7137137137137137,0.7961957824052491
Pursuit Of Happiness - Extended Steve Aoki Remix (Explicit)                                                                                                                       - Kid Cudi                                        ,0.8078078078078078,0.44744744744744747,0.8058058058058057,0.7556718804875395,0.0,0.5275275275275275,0.3163163163163163,0.5225225225225225,0.023023023023023025,0.5385385385385385,0.6836836836836837,0.656029697409009
Heads Will Roll - A-Trak Remix                                                                                                                                                    - Yeah Yeah Yeahs                                 ,0.8278278278278278,0.3513776934829565,0.7217217217217218,0.8992143699086037,0.0,0.6905600117088364,0.29665325142978183,0.6913127602782775,0.11061061061061057,0.5385385385385385,0.8408408408408409,0.7306223164496072
Memories (feat. Kid Cudi)                                                                                                                                                         - David Guetta                                    ,0.5135135135135135,0.7932932932932932,0.7217217217217218,0.899309210576282,1.0,0.95995995995996,0.23323323323323322,0.29728714915986104,0.7671933852289968,0.5385385385385385,0.4555830940110417,0.706307026450911
Ladi Dadi (feat. Wynter Gordon)                                                                                                                                                   - Steve Aoki                                      ,0.9084084084084083,0.7122122122122122,0.8058058058058057,0.8717065729768314,0.0,0.6231118594132292,0.4054265906117758,0.2970994086172909,0.9657019525282998,0.5385385385385385,0.8698698698698699,0.7406719720442511
Cudi the Kid (feat. Kid Cudi & Travis Barker) (feat. Kid Cudi & Travis Barker)                                                                                                    - Steve Aoki                                      ,0.4984984984984985,0.6796796796796797,1.0,0.7812863026718766,0.0,0.23873873873873874,0.5185185185185185,0.44638841259679424,0.4074074074074074,0.5385385385385385,0.4339339339339339,0.8280549328071045
Professional Griefers                                                                                                                                                             - deadmau5                                        ,0.8168168168168168,0.25475475475475473,0.16616616616616617,0.6202464216755303,1.0,0.6280733124720608,0.15163127813080637,0.6836836836836837,0.7612612612612613,0.5385385385385385,0.7189033931891075,0.6686686686686687
Louder Than Words (feat. Niles Mason) - Radio Edit                                                                                                                                - David Guetta                                    ,0.5755755755755756,0.6546546546546547,0.27127127127127126,0.7559231113097901,0.0,0.92992992992993,0.4148037946203084,0.32791865805739995,0.5325325325325325,0.5385385385385385,0.6196196196196196,0.6526526526526526
Sweet Disposition (Axwell Mix)                                                                                                                                                    - The Temper Trap                                 ,0.7387387387387387,0.48098098098098097,1.0,0.66644187179199,0.0,0.44744744744744747,0.3613613613613614,0.7195823852228618,0.5825825825825826,0.5385385385385385,0.43543543543543545,0.6596596596596597
Antidote - Radio Edit                                                                                                                                                             - Swedish House Mafia                             ,0.6831831831831832,0.6861861861861862,0.6341341341341341,0.7855855855855854,1.0,0.7892892892892893,0.2902498015625017,0.5929961089494163,0.5405405405405406,0.5385385385385385,0.7124596548680318,0.6730054513748371
Revolution - Radio Mix                                                                                                                                                            - R3HAB                                           ,0.6326326326326326,0.6906906906906907,0.6341341341341341,0.7964553261465377,0.0,0.23873873873873874,0.31317182737044763,0.5857210685824695,0.9915046052003521,0.5385385385385385,0.05382855247885923,0.648309023309021
All Night - Original Mix                                                                                                                                                          - Tujamo                                          ,0.8093093093093093,0.8888888888888888,0.16616616616616617,0.9450042039583587,1.0,0.6581086036531582,0.25506304929308365,0.6784876261316051,0.4824824824824825,0.5385385385385385,0.5010010010010011,0.6526526526526526
We Like To Party                                                                                                                                                                  - Showtek                                         ,0.5515515515515516,0.7777777777777778,0.16616616616616617,0.6059844013254995,0.0,0.2922922922922923,0.1971971971971972,0.9634634634634635,0.9079079079079079,0.5385385385385385,0.3173173173173173,0.6456456456456456
Who - Radio Edit                                                                                                                                                                  - Tujamo                                          ,0.9771205901528851,0.512012012012012,0.16616616616616617,0.5841235123880146,1.0,0.53003003003003,0.2685232618934277,0.8788788788788788,0.014014014014014014,0.5385385385385385,0.4294294294294294,0.5847440708590776
Deep Down Low                                                                                                                                                                     - Valentino Khan                                  ,0.9104104104104105,0.7542542542542543,0.4664664664664665,0.9955068990920892,0.0,0.5955955955955956,0.2664119267348178,0.7453222786748631,0.21021021021021022,0.5385385385385385,0.5835835835835835,0.6098956098956091
I'm an Albatraoz                                                                                                                                                                  - AronChupa                                       ,0.97997997997998,0.6176176176176176,0.0,0.7315230224321134,1.0,0.9507336490095113,0.7627627627627628,0.5293293293293293,0.3963963963963964,0.5385385385385385,0.6746746746746747,0.6805731038318498
Red Lips (feat. Sam Bruno) - Skrillex Remix                                                                                                                                       - Good Times Ahead                                ,0.48465698507123506,0.9589589589589589,0.7217217217217218,0.9562545945819743,1.0,0.8675282714054926,0.204949659871463,0.44133778323217404,0.6626626626626626,0.5385385385385385,0.17617617617617617,0.8354097938254298
Take Ü There (feat. Kiesza)                                                                                                                                                       - Jack Ü                                          ,0.5060060060060061,0.7232232232232232,0.5445445445445445,0.9962769718580826,0.0,0.7229350801906005,0.44122852542350327,0.0,0.6401401401401401,0.5385385385385385,0.14564564564564564,0.9006268908054622
Get Low                                                                                                                                                                           - Dillon Francis                                  ,0.7292292292292293,0.8278278278278278,1.0,0.8503816570429081,0.0,0.6966966966966966,0.38215612474764127,0.7671782762691853,0.9800884955752213,0.5385385385385385,0.7937937937937938,0.3079720385750252
Blow - Radio Edit                                                                                                                                                                 - Martin Solveig                                  ,0.8723723723723724,0.8053053053053053,0.7217217217217218,0.9891514927614822,1.0,0.3943943943943944,0.38215612474764127,0.5546983904343835,0.5690690690690691,0.5385385385385385,0.6956956956956957,0.6656656656656657
Tung! - Radio Edit                                                                                                                                                                - Deniz Koyu                                      ,0.7707707707707707,0.8808808808808809,0.6341341341341341,0.8607944424652655,1.0,0.7247247247247247,0.25506304929308365,0.8868868868868869,0.9953191328735568,0.5385385385385385,0.9419419419419419,0.6566566566566566
Booty Bounce - Radio Edit                                                                                                                                                         - Tujamo                                          ,0.6986986986986987,0.9689689689689689,0.0,0.9863232729499979,1.0,0.16966966966966968,0.36336336336336333,0.7037037037037037,0.07835218093699513,0.5385385385385385,0.6366366366366366,0.6583628762754291
Rave After Rave - Original Mix                                                                                                                                                    - W&W                                             ,0.7562562562562563,0.6156156156156156,0.5445445445445445,0.9472191817986211,0.0,0.7443004023245418,0.24215993669369876,0.5756839326321616,0.6911911911911912,0.5385385385385385,0.5685685685685685,0.6711568155418434
Kick out the Epic Motherfucker                                                                                                                                                    - Dada Life                                       ,0.33433433433433435,0.7232232232232232,0.3918918918918919,0.6826826826826827,1.0,0.5335335335335335,0.23323323323323322,0.49820639193081206,0.8538538538538538,0.5385385385385385,0.2907907907907908,0.6416034669555797
Cannonball (Earthquake) - Radio Mix                                                                                                                                               - Showtek                                         ,0.6766766766766766,0.8403403403403403,0.4664664664664665,0.936942913062316,0.0,0.47647647647647645,0.3745823539637973,0.6557855765172839,0.31931931931931934,0.5385385385385385,0.7671933852289968,0.64863971113971
Turn Up The Speakers - Original Mix                                                                                                                                               - Afrojack                                        ,0.8613651472955557,0.7527527527527528,0.8883883883883883,0.6588469116707067,1.0,0.502002002002002,0.3433433433433433,0.9719719719719719,0.8883883883883883,0.5385385385385385,0.3563563563563564,0.6696696696696697
Helicopter - Video Edit                                                                                                                                                           - Martin Garrix                                   ,0.5735735735735736,0.8968968968968969,0.6341341341341341,0.8431219629574127,0.0,0.2277277277277277,0.3153153153153153,0.7279094825875668,0.6516516516516516,0.5385385385385385,0.20870870870870872,0.6630471408523081
You're Gonna Love Again                                                                                                                                                           - NERVO                                           ,0.34934934934934936,0.7517517517517518,0.16616616616616617,0.7546665789477291,0.0,0.6306306306306306,0.3178178178178178,0.5777607948032097,0.5405405405405406,0.5385385385385385,0.33783783783783783,0.6064814814814811
Leave The World Behind - Radio Edit                                                                                                                                               - Axwell                                          ,0.4811715481171552,0.6696696696696697,0.8883883883883883,0.4626166556832644,0.0,0.4184184184184184,0.24820184329988254,0.5013245631292603,0.8523523523523524,0.5385385385385385,0.34134134134134136,0.6776873199055682
Rapture - Avicii New Generation Mix                                                                                                                                               - Nadia Ali                                       ,0.532032032032032,0.8323323323323324,0.8883883883883883,0.8862526020132085,0.0,0.17467467467467468,0.35035035035035034,0.6716716716716716,0.7917917917917918,0.5385385385385385,0.46596596596596596,0.7113720642768921
Sunrise (Won't Get Lost) - Tommy Trash Radio Edit                                                                                                                                 - The Aston Shuffle                               ,0.5965965965965966,0.8668668668668669,0.4664664664664665,0.9731918879442449,0.0,0.8428428428428428,0.4886143501046444,0.40566706021251475,0.22672672672672672,0.5385385385385385,0.5468197455097018,0.6286286286286287
Starlight (Could You Be Mine) - Radio Edit                                                                                                                                        - Don Diablo                                      ,0.7237237237237237,0.4394394394394394,0.8883883883883883,0.7748706929357317,0.0,0.23473473473473472,0.35085425561616035,0.32879755586482523,0.5855855855855856,0.5385385385385385,0.19269269269269268,0.6698126698126704
Chemicals (feat. Thomas Troelsen)                                                                                                                                                 - Tiësto                                          ,0.48598598598598597,0.8838838838838838,0.8883883883883883,0.9780516376434744,0.0,0.6646646646646647,0.4036467498404856,0.3778925278219396,0.8908908908908909,0.5385385385385385,0.11102197978501525,0.6084672435105066
Superlove (Avicii vs. Lenny Kravitz) - Radio Edit                                                                                                                                 - Avicii                                          ,0.5975975975975976,0.8723723723723724,0.8058058058058057,0.9560444664037855,0.0,0.3208208208208208,0.6436436436436437,0.8263263263263263,0.575075075075075,0.5385385385385385,0.993993993993994,0.6454768407840673
Alive (Radio Edit) [feat. Kate Elsworth]                                                                                                                                          - Dirty South                                     ,0.6586586586586587,0.43243243243243246,0.5445445445445445,0.6341551241795541,0.0,0.19569569569569567,0.2913578093660068,0.47900040815397005,0.6996996996996997,0.5385385385385385,0.38238238238238237,0.6544479213232
Sending My Love - Afrojack Edit                                                                                                                                                   - R3HAB                                           ,0.5146443514644369,0.8668668668668669,0.6341341341341341,0.952254325850121,1.0,0.8638638638638638,0.24574574574574576,0.733328148034906,0.9792903114820923,0.5385385385385385,0.11712011412610214,0.647978335478332
Perfect Storm - Radio Edit                                                                                                                                                        - Made In June                                    ,0.6251251251251251,0.495995995995996,0.6341341341341341,0.6866866866866866,0.0,0.6481481481481481,0.35235235235235235,0.3180714397709924,0.9029029029029029,0.5385385385385385,0.3763763763763764,0.6749266273075808
Beam Me Up - Radio Edit                                                                                                                                                           - CAZZETTE                                        ,0.5484549885638815,0.7002002002002001,0.0,0.9515722804637964,1.0,0.37787787787787785,0.3050803403484828,0.2796807244820091,0.15148481815148482,0.5385385385385385,0.43843843843843844,0.6069720146455835
Helium (feat. Jareth) - Radio Edit                                                                                                                                                - Chris Lake                                      ,0.6216216216216216,0.7322322322322322,0.6341341341341341,0.9228153266242356,0.0,0.21921921921921922,0.12803722104349932,0.45630830071057776,0.8593593593593594,0.5385385385385385,0.7042042042042043,0.703030303030304
Language - UK Edit                                                                                                                                                                - Porter Robinson                                 ,0.4974974974974975,0.4087237479806138,0.5445445445445445,0.8173513350228526,0.0,0.3263263263263263,0.4874874874874875,0.5747343565525384,0.0060650917793774895,0.5385385385385385,0.37787787787787785,0.6811637994788671
Gold Skies                                                                                                                                                                        - Sander van Doorn                                ,0.535035035035035,0.6426426426426426,0.8058058058058057,0.6136136136136137,0.0,0.3973973973973974,0.2708168290990377,0.6294849606804085,0.978978978978979,0.5385385385385385,0.2752752752752753,0.6619283065512993
Break Through The Silence - Radio Edit                                                                                                                                            - Martin Garrix                                   ,0.555055055055055,0.8688688688688688,0.8058058058058057,0.7586641782234329,1.0,0.5875875875875876,0.25468093236530376,0.4844844844844845,0.8223223223223224,0.5385385385385385,0.19119119119119118,0.6676676676676676
Turn It Down (with Rebecca & Fiona) - Radio Edit                                                                                                                                  - Kaskade                                         ,0.45945945945945943,0.4144144144144144,0.4664664664664665,0.44498189411360456,0.0,0.37287287287287285,0.44345278960135487,0.5525116938043879,0.8743743743743744,0.5385385385385385,0.4964964964964965,0.6272363962836429
Niton (The Reason) - Radio Edit                                                                                                                                                   - Eric Prydz                                      ,0.3778243617578798,0.8583583583583583,0.27127127127127126,0.9187802950839367,1.0,0.5888354417766184,0.21042272010585258,0.6653473970469514,0.8393393393393394,0.5385385385385385,0.44244244244244246,0.6476476476476476
Llove (Dada Life Remix)                                                                                                                                                           - PMZ                                             ,0.5695695695695696,0.7752752752752752,1.0,0.6116116116116116,0.0,0.7171116614244575,0.26424201046684265,0.607423370689406,0.9659968724484853,0.5385385385385385,0.07518975397415763,0.6405698685489697
Stars Troll - Radio Edit                                                                                                                                                          - Kaskade                                         ,0.46146146146146144,0.7952952952952952,0.6341341341341341,0.7898079540299411,0.0,0.9687428614201181,0.29882220294580886,0.5553737326510645,0.9840797752160862,0.5385385385385385,0.2327327327327327,0.6540008940545355
Feed The Dada                                                                                                                                                                     - Dada Life                                       ,0.7962962962962963,0.7632632632632632,0.0,0.9235117470411588,1.0,0.9129129129129129,0.28171794819650353,0.0,0.2866527695207898,0.5385385385385385,0.5255255255255256,0.6751785799404869
Feet On The Ground                                                                                                                                                                - Nicky Romero                                    ,0.6986986986986987,0.7322322322322322,0.27127127127127126,0.9787513460982848,0.0,0.93993993993994,0.6082944207944208,0.0,0.9269269269269269,0.5385385385385385,0.44744744744744747,0.6115696132478684
Ode to the Bouncer                                                                                                                                                                - Studio Killers                                  ,0.6656656656656657,0.92992992992993,1.0,0.9452600369505814,1.0,0.4724724724724725,0.4304902549608432,0.4388727869390853,0.11311311311311312,0.5385385385385385,0.914914914914915,0.557951072574651
Hungry Hearts - Radio Edit                                                                                                                                                        - Nause                                           ,0.6891891891891893,0.6216216216216216,0.6341341341341341,0.7257257257257257,1.0,0.10760760760760761,0.3140389687556382,0.5397646249601559,0.08757465412755515,0.5385385385385385,0.4574574574574575,0.6449704261993277
Mash! - Original Radio Edit                                                                                                                                                       - Picco                                           ,0.7857857857857857,0.6906906906906907,0.8058058058058057,0.91991991991992,1.0,0.7340674007340674,0.3203203203203203,0.5445124963567137,0.995171542289836,0.5385385385385385,0.8923482305835245,0.7144608030683975
Made Of - Chuckie Dub Remix                                                                                                                                                       - Nause                                           ,0.7602602602602602,0.8468468468468469,0.4664664664664665,0.5959292625959294,0.0,0.45245245245245247,0.18014958189630673,0.6586586586586587,0.16916916916916916,0.5385385385385385,0.5095095095095095,0.6313404606611447
My Feeling - Deniz Koyu Remix Edit                                                                                                                                                - Yenson                                          ,0.7142142142142143,0.587087087087087,1.0,0.6962622508980125,0.0,0.21671671671671672,0.29043683589138136,0.5025025025025025,0.7837837837837838,0.5385385385385385,0.8529969558247195,0.6646646646646647
Lies (Otto Knows Remix)                                                                                                                                                           - BURNS                                           ,0.7942942942942943,0.4774774774774775,0.0,0.7348520833056915,1.0,0.7732732732732732,0.3973973973973974,0.567067067067067,0.6851851851851851,0.5385385385385385,0.482982982982983,0.6656656656656657
Burn the Disco - Radio Edit                                                                                                                                                       - Felix Da Housecat feat. will.i.am               ,0.6441441441441442,0.7257257257257257,0.3383383383383384,0.6597821139525174,1.0,0.7063953608781197,0.5875875875875876,0.4411323178530904,0.5365365365365365,0.5385385385385385,0.29979979979979976,0.6075810280438777
Faith - Radio Edit                                                                                                                                                                - Blasterjaxx                                     ,0.7122122122122122,0.4169169169169169,0.27127127127127126,0.5792488538162714,1.0,0.3338338338338338,0.2956351337481711,0.5111765031363021,0.5630630630630631,0.5385385385385385,0.6796796796796797,0.6426426426426426
Pyramids                                                                                                                                                                          - DVBBS                                           ,0.7292292292292293,0.8838838838838838,0.8883883883883883,0.9959815738003038,1.0,0.4229229229229229,0.17357570270640557,0.6033811589367144,0.07534614906877682,0.5385385385385385,0.2922922922922923,0.6763132129602233
Lost                                                                                                                                                                              - Sander van Doorn                                ,0.3353353353353353,0.7847847847847848,0.6341341341341341,0.9125107591310151,0.0,0.6666666666666666,0.27093043964209607,0.4647744841313371,0.9189189189189189,0.5385385385385385,0.3908908908908909,0.6851213636810416
Walk Away                                                                                                                                                                         - Tony Junior                                     ,0.7052052052052051,0.6752827140549275,0.7217217217217218,0.9378550191983027,0.0,0.8118118118118118,0.4397404202719406,0.6279480186106209,0.012012012012012012,0.5385385385385385,0.5905905905905906,0.6651651651651651
Lose Control - Radio Mix                                                                                                                                                          - Ummet Ozcan                                     ,0.6406406406406406,0.9474474474474475,0.5445445445445445,0.9717076873903344,0.0,0.6056056056056056,0.3183183183183183,0.6786462807405216,0.9200421862987767,0.5385385385385385,0.43043043043043044,0.678955052323971
Pilot - Mix Cut                                                                                                                                                                   - Julian Jordan                                   ,0.7077077077077077,0.934934934934935,0.27127127127127126,0.8844138903013227,1.0,0.9129129129129129,0.1955077265075512,0.5325224031803366,0.8638638638638638,0.5385385385385385,0.23012552301255204,0.6445880452342513
Satisfaction Alarm - Hardwell Mashup Mix Cut                                                                                                                                      - Benny Benassi                                   ,0.5410410410410411,0.993993993993994,0.6341341341341341,0.7974025974025973,1.0,0.8778778778778779,0.19609207758567893,0.6770162929103325,0.8048048048048048,0.5385385385385385,0.47847847847847846,0.6625463535228674
Bazaar (Official Sunburn Goa 2015 Anthem)                                                                                                                                         - KSHMR                                           ,0.5695695695695696,0.9474474474474475,1.0,0.9819944944944945,0.0,0.6206206206206206,0.5305305305305306,0.4923804757138091,0.8743743743743744,0.5385385385385385,0.24974974974974976,0.6669169169169169
Mad World - Bomb A Drop - Mix Cut                                                                                                                                                 - Hardwell                                        ,0.6726726726726726,0.8998998998998999,0.4664664664664665,0.9889729436728304,1.0,0.44994994994994997,0.23866138037693774,0.5476883946938192,0.12712712712712712,0.5385385385385385,0.18768768768768768,0.6504944375772533
Savannah - Original Mix                                                                                                                                                           - Sandëro                                         ,0.8668668668668669,0.6511511511511512,0.6341341341341341,0.44044044044044045,1.0,0.6086086086086087,0.23866138037693774,0.980980980980981,0.529029029029029,0.5385385385385385,0.31431431431431434,0.6666666666666666
Joyenergizer - Original Mix                                                                                                                                                       - Sander van Doorn                                ,0.9064064064064064,0.952952952952953,0.4664664664664665,0.7688390424728677,1.0,0.9319319319319319,0.2576247692013954,0.6051357455808722,0.7502502502502502,0.5385385385385385,0.06882538748735932,0.6613102595797326
Dynamo - Original Mix                                                                                                                                                             - Laidback Luke                                   ,0.6753480753480755,0.7702702702702702,0.0,0.9650554183235033,1.0,0.6706706706706707,0.26911824701879955,0.97997997997998,0.6926926926926927,0.5385385385385385,0.12219921123713909,0.6921966147568546
Spank - Radio Edit                                                                                                                                                                - The Bloody Beetroots                            ,0.44594594594594594,0.8078078078078078,0.8058058058058057,0.9247447291770776,1.0,0.5405405405405406,0.24524524524524524,0.7831400318709965,0.6961961961961962,0.5385385385385385,0.25925925925925924,0.6933443148117056
Recess                                                                                                                                                                            - Skrillex                                        ,0.7017017017017017,0.8218218218218218,0.4664664664664665,0.9671562025125147,0.0,0.8583583583583583,0.36652658505390096,0.0,0.9641337097696201,0.5385385385385385,0.16616616616616617,0.3413520138627647
Paris                                                                                                                                                                             - David Guetta                                    ,0.7237237237237237,0.8348348348348349,0.0,0.7875181016909845,1.0,0.17467467467467468,0.3328182941903585,0.8208208208208209,0.016852585621975485,0.5385385385385385,0.2012012012012012,0.7070960390018165
SLVR                                                                                                                                                                              - Steve Angello                                   ,0.7037037037037037,0.3613613613613614,0.0,0.4937142932957373,1.0,0.43843843843843844,0.27613176136501283,0.998998998998999,0.2272272272272272,0.5385385385385385,0.14714714714714713,0.6686686686686687
Astronomia                                                                                                                                                                        - Vicetone                                        ,0.6941941941941943,0.8583583583583583,0.4664664664664665,0.9770916179162404,1.0,0.7387387387387387,0.2835700258635892,0.9234234234234233,0.9395539885698125,0.5385385385385385,0.3993993993993994,0.6186867233041778
The Fusion                                                                                                                                                                        - Omnia                                           ,0.5245245245245245,0.8053053053053053,0.3383383383383384,0.8385775248933144,0.0,0.42842842842842843,0.1781188174364454,0.45245245245245247,0.8243243243243243,0.5385385385385385,0.34434434434434436,0.6924574644748104
The Alphabeat                                                                                                                                                                     - David Guetta                                    ,0.3303303303303303,0.6256256256256256,0.4664664664664665,0.9035866096453032,1.0,0.8833833833833833,0.39039039039039036,0.6586586586586587,0.9800884955752213,0.5385385385385385,0.19569569569569567,0.5405405405405406
The Veldt - Radio Edit                                                                                                                                                            - deadmau5                                        ,0.8255250403877221,0.5315315315315315,0.8058058058058057,0.5263491392966523,1.0,0.15765765765765766,0.45145145145145144,0.6705809641532755,0.15115115115115116,0.5385385385385385,0.5655655655655656,0.6761025979644345
"The Island, Pt. I (Dawn)                                                                                                                                                        - Pendulum                                        ",0.5640640640640641,0.7497497497497497,0.8058058058058057,0.9261035207566999,0.0,0.4994994994994995,0.13734632294402918,0.5434287306676217,0.5785785785785786,0.5385385385385385,0.45383831150929116,0.6126126126126126
Midnight City - Eric Prydz Private Remix                                                                                                                                          - M83                                             ,0.503003003003003,0.6776776776776776,1.0,0.47941011933092986,0.0,0.5375375375375375,0.23357095697521227,0.7635510954391522,0.516016016016016,0.5385385385385385,0.4314314314314314,0.5905905905905906
Hardcore Vibes - Radio Edit                                                                                                                                                       - Global Deejays                                  ,0.7842842842842843,0.7477477477477478,0.0,0.7950373825047453,1.0,0.4169169169169169,0.21760917597977159,0.47072002472187885,0.8428428428428428,0.5385385385385385,0.35235235235235235,0.6686686686686687
Freakin' Out - Original Edit                                                                                                                                                      - Global Deejays                                  ,0.8753753753753755,0.5935935935935935,0.6341341341341341,0.5384105978165384,1.0,0.3688688688688689,0.17119244391971666,0.5585585585585585,0.09109109109109109,0.5385385385385385,0.7337337337337337,0.6495987772258311
Nein Mann - Radio Edit                                                                                                                                                            - Laserkraft 3D                                   ,0.9921921921921921,0.3758758758758759,0.5445445445445445,0.36936936936936937,1.0,0.9144144144144144,0.3602738541010144,0.5855855855855856,0.8743743743743744,0.5385385385385385,0.7862862862862863,0.6476476476476476
Without The Sun - Extended Club Mix                                                                                                                                               - Dash Berlin                                     ,0.5640640640640641,0.8348348348348349,0.4664664664664665,0.9910477793913378,0.0,0.18018018018018017,0.3718718718718719,0.0,0.03492424174916757,0.5385385385385385,0.42492492492492495,0.6046368636784549
Collide (feat. David Spekter)                                                                                                                                                     - Blasterjaxx                                     ,0.5484549885638815,0.7542542542542543,0.7217217217217218,0.8431219629574127,1.0,0.7137137137137137,0.22591056966056966,0.2767308733895846,0.9281119354648762,0.5385385385385385,0.09325204942397405,0.6271972848944062
Into The Fire (feat. Anjulie)                                                                                                                                                     - VINAI                                           ,0.6753480753480755,0.6226226226226226,0.27127127127127126,0.9252246846138461,1.0,0.06556556556556556,0.3140389687556382,0.28106799445580094,0.8868868868868869,0.5385385385385385,0.18568568568568566,0.35448195576251484
Dark River - Bonus Track                                                                                                                                                          - Sebastian Ingrosso                              ,0.8958958958958959,0.45345345345345345,1.0,0.6751422000821842,0.0,0.055055055055055056,0.4014014014014014,0.4437687136649075,0.6536536536536537,0.5385385385385385,0.7677677677677678,0.615681233933162
Only for Your Love                                                                                                                                                                - Nicky Romero                                    ,0.6601601601601601,0.43843843843843844,0.0,0.8384722617354196,1.0,0.06556556556556556,0.17243510506798518,0.6214672164796853,0.24024024024024024,0.5385385385385385,0.24574574574574576,0.6509818592872845
Dragon - Radio Edit                                                                                                                                                               - Martin Garrix                                   ,0.46446446446446443,0.7952952952952952,0.6341341341341341,0.8887033382251234,0.0,0.5615615615615616,0.28171794819650353,0.8108108108108109,0.06406406406406406,0.5385385385385385,0.18018018018018017,0.6706706706706707
Whatcha Need                                                                                                                                                                      - W&W                                             ,0.3363363363363363,0.8468468468468469,0.5445445445445445,0.9031658670345953,0.0,0.6231118594132292,0.4644636131697242,0.5135400561376501,0.960751011226505,0.5385385385385385,0.36436436436436437,0.703030303030304
Soldier                                                                                                                                                                           - Blasterjaxx                                     ,0.5390390390390389,0.5905905905905906,0.3383383383383384,0.7277277277277278,0.0,0.6346346346346347,0.268018018018018,0.5339766233539944,0.575075075075075,0.5385385385385385,0.059844995713901235,0.6399000313194168
Wildcard (feat. Sidnie Tipton)                                                                                                                                                    - KSHMR                                           ,0.5865865865865866,0.6451451451451451,0.3918918918918919,0.9414796338290641,0.0,0.7393921911456218,0.5055634068523096,0.0,0.5855855855855856,0.5385385385385385,0.5535535535535535,0.640736728060672
Barricade - Radio Edit                                                                                                                                                            - Axwell                                          ,0.8255250403877221,0.9139139139139139,0.6341341341341341,0.9294286166241195,1.0,0.7367367367367368,0.2099695297261164,0.6155093819539723,0.24767661607507038,0.5385385385385385,0.0920920920920921,0.6740055545676119
Make up Your Mind                                                                                                                                                                 - Martin Garrix                                   ,0.7492492492492493,0.7387387387387387,0.6341341341341341,0.9222773451307991,1.0,0.8833833833833833,0.21640206673361082,0.7904818627710194,0.7932932932932932,0.5385385385385385,0.04523424878836833,0.6144918126763816
Invisible Children                                                                                                                                                                - KSHMR                                           ,0.637137137137137,0.9614614614614614,0.27127127127127126,0.9343904655976657,1.0,0.5695695695695696,0.2643664196330944,0.6932278551843769,0.6996996996996997,0.5385385385385385,0.07094748295550501,0.6815599436753546
Wake Up The Sun                                                                                                                                                                   - Ummet Ozcan                                     ,0.602102102102102,0.9109109109109109,1.0,0.8664727512211184,0.0,0.5035035035035035,0.2541482300884956,0.5068599666202406,0.20020020020020018,0.5385385385385385,0.07258162621219945,0.6476476476476476
Inside Your Arm                                                                                                                                                                   - Kaz James                                       ,0.535035035035035,0.7187187187187187,0.8058058058058057,0.6486486486486487,0.0,0.08208208208208209,0.15210303982375692,0.6486486486486487,0.8063063063063063,0.5385385385385385,0.4744744744744745,0.587404821626422
All Night                                                                                                                                                                         - Julian Jordan                                   ,0.8693693693693694,0.8448448448448448,0.5445445445445445,0.8722262358738326,0.0,0.39039039039039036,0.28429752066115704,0.6716716716716716,0.4824824824824825,0.5385385385385385,0.0678655340105356,0.6651651651651651
Strong                                                                                                                                                                            - R3HAB                                           ,0.3893893893893894,0.6811811811811812,0.4664664664664665,0.9549054549054549,0.0,0.4797677221055696,0.36004523041560066,0.3487278761061947,0.6996996996996997,0.5385385385385385,0.5945945945945946,0.6509818592872845
Kwango (There for You) [feat. Anavi] - Radio Edit                                                                                                                                 - Micha Moor                                      ,0.34034034034034033,0.977977977977978,0.7217217217217218,0.8862526020132085,0.0,0.5135135135135135,0.3518585251918585,0.6678758688677008,0.8593593593593594,0.5385385385385385,0.8008008008008007,0.639171952257315
Tremor - Sensation 2014 Anthem                                                                                                                                                    - Dimitri Vegas & Like Mike                       ,0.6491491491491492,0.8528528528528528,0.5445445445445445,0.8746775194377326,0.0,0.1991991991991992,0.19124017327129791,0.7727727727727728,0.9974562512534426,0.5385385385385385,0.4934934934934935,0.6504944375772533
Tiger                                                                                                                                                                             - R3HAB                                           ,0.7077077077077077,0.7187187187187187,0.27127127127127126,0.9279489485285368,1.0,0.4994994994994995,0.24124124124124124,0.5441616345524068,0.14964964964964966,0.5385385385385385,0.5255255255255256,0.6596596596596597
Toca (feat. Timmy Trumpet & KSHMR)                                                                                                                                                - Carnage                                         ,0.9623430962343116,0.23746841529751458,0.27127127127127126,0.7232020276692365,1.0,0.8918918918918919,0.28420890144257016,0.8108108108108109,0.02052052052052052,0.5385385385385385,0.23523523523523523,0.6736710087791661
No Heroes (feat. Luciana)                                                                                                                                                         - Firebeatz                                       ,0.8118118118118118,0.7187187187187187,1.0,0.8839428957177603,0.0,0.36536536536536535,0.2657028307617543,0.6656656656656657,0.06606606606606606,0.5385385385385385,0.4944944944944945,0.6576576576576576
Payback                                                                                                                                                                           - Dimitri Vangelis & Wyman                        ,0.6631631631631631,0.6326326326326326,0.6341341341341341,0.7599683016349684,0.0,0.5625625625625625,0.4292548747094202,0.6396396396396397,0.9637053087757314,0.5385385385385385,0.4158329858446545,0.6711568155418434
Make It Right                                                                                                                                                                     - Lucas & Steve                                   ,0.7187187187187187,0.934934934934935,0.4664664664664665,0.9320546192951175,0.0,0.26476476476476474,0.4681807242782852,0.3999084926460833,0.9521141675142683,0.5385385385385385,0.4544544544544544,0.617630995018655
Calavera - Mix Cut                                                                                                                                                                - Hardwell                                        ,0.7657657657657657,0.8173173173173174,0.27127127127127126,0.9504640096001881,1.0,0.2977977977977978,0.3208777339212122,0.549312050133862,0.2172172172172172,0.5385385385385385,0.14564564564564564,0.6726726726726726
White Rabbit (feat. Pep & Rash)                                                                                                                                                   - Sander van Doorn                                ,0.6466466466466466,0.8193193193193193,1.0,0.9542714735022427,0.0,0.05855855855855856,0.2002208254072155,0.5556837771224231,0.47047047047047047,0.5385385385385385,0.7687687687687688,0.6097526097526104
After Life (feat. Stacy Barthe)                                                                                                                                                   - Tchami                                          ,0.602102102102102,0.7652652652652652,0.0,0.8689708587820666,1.0,0.36186186186186187,0.17068220294026745,0.7299855607251724,0.061607210706063786,0.5385385385385385,0.0970970970970971,0.608672182846076
Breakn' a Sweat                                                                                                                                                                   - Skrillex                                        ,0.5890890890890891,0.8038038038038038,1.0,0.9815969615312921,0.0,0.6351351351351351,0.2781766477179688,0.42172083215114087,0.959511954350664,0.5385385385385385,0.2927927927927928,0.7972201923848093
My Feelings for You - Radio Edit                                                                                                                                                  - Avicii                                          ,0.6441441441441442,0.9504504504504505,0.5445445445445445,0.9827093637755402,0.0,0.49199199199199195,0.345565173879089,0.6346755514638727,0.9039039039039038,0.5385385385385385,0.37237237237237236,0.6805731038318498
Bonfire                                                                                                                                                                           - Knife Party                                     ,0.4964964964964965,0.8558558558558558,0.16616616616616617,0.962217734826995,1.0,0.7007007007007007,0.15875410571477316,0.5207307993285853,0.8908908908908909,0.5385385385385385,0.6686686686686687,0.9539759517981654
Northern Soul                                                                                                                                                                     - Above & Beyond                                  ,0.5495495495495496,0.2962962962962963,0.4664664664664665,0.2574234048270899,0.0,0.5671811688040436,0.3888888888888889,0.42131482786103636,0.6516516516516516,0.5385385385385385,0.13113113113113112,0.6509818592872845
What Happens in Vegas - Radio Edit                                                                                                                                                - Chuckie feat. Gregor Salto                      ,0.8063063063063063,0.8098098098098098,0.5445445445445445,0.9839475670094563,1.0,0.24274274274274274,0.19360029650526944,0.747578594637418,0.17017017017017017,0.5385385385385385,0.7517517517517518,0.7078542999595624
Clap Your Hands                                                                                                                                                                   - David Guetta                                    ,0.7272272272272272,0.8888888888888888,0.6341341341341341,0.990030537703959,1.0,0.8428428428428428,0.3203203203203203,0.6468309877864801,0.572072072072072,0.5385385385385385,0.4124124124124124,0.6636636636636637
What I Did for Love (feat. Emeli Sandé)                                                                                                                                           - David Guetta                                    ,0.44144144144144143,0.4797677221055696,0.27127127127127126,0.8009445100354189,1.0,0.30230230230230226,0.5125125125125125,0.0,0.4629629629629629,0.5385385385385385,0.4369369369369369,0.681882804101759
Forbidden Voices                                                                                                                                                                  - Martin Garrix                                   ,0.493993993993994,0.4694694694694695,0.8883883883883883,0.6673032039040954,0.0,0.2057057057057057,0.43694690265486724,0.5169455169455169,0.5405405405405406,0.5385385385385385,0.36736736736736736,0.6819481443611602
You Make Me                                                                                                                                                                       - Avicii                                          ,0.5765765765765766,0.48648648648648646,0.5445445445445445,0.8079256394926341,1.0,0.25075075075075076,0.25008171543031066,0.5610674904153166,0.5930930930930931,0.5385385385385385,0.5775775775775776,0.5859731824848077
Lions in the Wild                                                                                                                                                                 - Third Party                                     ,0.45145145145145144,0.6706706706706707,0.6341341341341341,0.5563431607655053,0.0,0.34984984984984985,0.2716630824182984,0.0,0.9929403144170781,0.5385385385385385,0.35235235235235235,0.6385053917893259
Dovregubben                                                                                                                                                                       - Zedd                                            ,0.9857849196538938,0.5765765765765766,0.6341341341341341,0.9202499166199529,1.0,0.8698698698698699,0.19896555758624723,0.7289823008849557,0.011011011011011011,0.5385385385385385,0.2222222222222222,0.6705276705276699
Sun Is Never Going Down (feat. Dawn Golden)                                                                                                                                       - Martin Garrix                                   ,0.45545545545545546,0.4854854854854855,0.4664664664664665,0.6616450006074596,0.0,0.2017017017017017,0.25832292967124426,0.3985030240251278,0.7827827827827828,0.5385385385385385,0.32732732732732733,0.6767011807662228
Hey Now (feat. Kyle)                                                                                                                                                              - Martin Solveig                                  ,0.7922922922922924,0.8888888888888888,0.0,0.9912500311273319,1.0,0.6646646646646647,0.2828794754742799,0.26696216049034427,0.3353353353353353,0.5385385385385385,0.7707707707707707,0.6746746746746747
Can't Feel My Face - Martin Garrix Remix                                                                                                                                          - The Weeknd                                      ,0.6081081081081081,0.48098098098098097,0.8058058058058057,0.7127891788703068,0.0,0.7782782782782782,0.3003003003003003,0.36155379151134154,0.8428428428428428,0.5385385385385385,0.15165165165165168,0.6666666666666666
Blessed - Avicii Radio Edit                                                                                                                                                       - Tom Hangs                                       ,0.6266266266266266,0.7702702702702702,0.7217217217217218,0.8748748748748749,0.0,0.26226226226226224,0.3950617283950617,0.6562211165869702,0.15315315315315314,0.5385385385385385,0.6396396396396397,0.6070938173252413
Hot Right Now - Radio Edit                                                                                                                                                        - DJ Fresh                                        ,0.478978978978979,0.9274274274274275,0.3918918918918919,0.994994994994995,0.0,0.3288288288288288,0.29144501613325197,0.46046046046046046,0.7342342342342343,0.5385385385385385,0.5565565565565566,0.958623703648352
Don't Blame The Party (Mode)                                                                                                                                                      - Bingo Players                                   ,0.5940940940940941,0.52002002002002,0.16616616616616617,0.7796274098926205,0.0,0.25625625625625625,0.25331858407079644,0.4099450776975207,0.9183001070377305,0.5385385385385385,0.2872872872872873,0.6266497254450947
212                                                                                                                                                                               - Azealia Banks                                   ,0.9459459459459459,0.5460460460460461,1.0,0.7104035382333647,0.0,0.9621162229121593,0.32256593882445944,0.4184178787952373,0.13113113113113112,0.5385385385385385,0.7107107107107107,0.6059809809809805
Rock The House                                                                                                                                                                    - Afrojack                                        ,0.7537537537537538,0.6586586586586587,0.3918918918918919,0.7070390544534755,0.0,0.7017017017017017,0.34734734734734735,0.7967967967967968,0.5480480480480481,0.5385385385385385,0.6226226226226226,0.714159416691062
We'll Be Coming Back (feat. Example)                                                                                                                                              - Calvin Harris                                   ,0.5890890890890891,0.8748748748748749,0.6341341341341341,0.8555186479668216,1.0,0.704371037704371,0.22982387739573068,0.0,0.9672574700979181,0.5385385385385385,0.6506506506506506,0.6422645708089926
Love Has Gone                                                                                                                                                                     - Netsky                                          ,0.32932932932932935,0.8098098098098098,0.16616616616616617,0.8617926186291739,0.0,0.33183183183183185,0.1963923034431727,0.7010853395829919,0.7197197197197197,0.5385385385385385,0.302907915993538,0.9474751549497198
Stellar                                                                                                                                                                           - Daddy's Groove                                  ,0.5225225225225225,0.6606606606606606,0.5445445445445445,0.774422597780262,0.0,0.08758758758758758,0.33933933933933935,0.4370395591632254,0.5025025025025025,0.5385385385385385,0.3893291221607308,0.6596596596596597
Sovereign Light Café - Afrojack Remix                                                                                                                                             - Keane                                           ,0.6201201201201201,0.647147147147147,0.7217217217217218,0.9371916692812214,0.0,0.5790790790790791,0.6006006006006006,0.3259651250056797,0.6536536536536537,0.5385385385385385,0.4844844844844845,0.6788561990222702
"Watch out for This (Bumaye) [feat. Busy Signal, the Flexican & Fs Green]                                                                                                        - Major Lazer                                     ",0.936173578158311,0.5235235235235235,0.8883883883883883,0.8795518495324453,0.0,0.8808808808808809,0.35350809201302863,0.31459776102633247,0.06106106106106106,0.5385385385385385,0.9119119119119119,0.38235968407929943
Where We Belong                                                                                                                                                                   - Fedde Le Grand                                  ,0.49099099099099097,0.5990990990990991,0.5445445445445445,0.831012037525676,0.0,0.04854854854854855,0.3629454778639902,0.46239591391945967,0.4169169169169169,0.5385385385385385,0.46346346346346345,0.6636636636636637
Dare You - Radio Edit                                                                                                                                                             - Hardwell                                        ,0.3988988988988989,0.7432432432432432,0.8058058058058057,0.8619991899484846,1.0,0.3838838838838839,0.342425069697797,0.0,0.28128128128128127,0.5385385385385385,0.24074074074074076,0.6389773382013146
Shotgun - Radio Edit                                                                                                                                                              - Yellow Claw                                     ,0.7352352352352352,0.7572572572572573,0.6341341341341341,0.9763258376215979,1.0,0.11761761761761762,0.28731306151889685,0.583795852740875,0.7232232232232232,0.5385385385385385,0.3113113113113113,0.8337642570539244
Stay The Night - featuring Hayley Williams of Paramore                                                                                                                            - Zedd                                            ,0.6066066066066066,0.503003003003003,0.7217217217217218,0.9569698600464376,1.0,0.24524524524524524,0.5065065065065065,0.0,0.24924924924924924,0.5385385385385385,0.5545545545545546,0.644801621337747
Ping Pong                                                                                                                                                                         - Armin van Buuren                                ,0.5460460460460461,0.8348348348348349,0.5445445445445445,0.5665665665665666,0.0,0.5159578572986394,0.24104104104104104,0.6936936936936937,0.5405405405405406,0.5385385385385385,0.6366366366366366,0.7118562489972747
Knock You Out                                                                                                                                                                     - Bingo Players                                   ,0.6516516516516516,0.537037037037037,0.0,0.8542555007446049,1.0,0.3053053053053053,0.39039039039039036,0.0,0.9536214021508139,0.5385385385385385,0.6016016016016016,0.6801003650987861
Boneless                                                                                                                                                                          - Steve Aoki                                      ,0.8363363363363363,0.9029029029029029,1.0,0.9518409387841444,0.0,0.5625625625625625,0.27508854781582054,0.7447447447447447,0.8883883883883883,0.5385385385385385,0.7197197197197197,0.6566566566566566
Young Again - Radio Edit                                                                                                                                                          - Hardwell                                        ,0.532032032032032,0.6076076076076076,0.6341341341341341,0.9312173583624952,1.0,0.15165165165165165,0.4368086283185841,0.0,0.9851387078669435,0.5385385385385385,0.34734734734734735,0.6910011812881495
Sally                                                                                                                                                                             - Hardwell                                        ,0.6566566566566566,0.7557557557557557,0.4664664664664665,0.8647961677583342,0.0,0.7572572572572572,0.22303369098067505,0.40688994298308656,0.7897897897897898,0.5385385385385385,0.5255255255255256,0.6531029002888542
I Want You To Know                                                                                                                                                                - Zedd                                            ,0.5665665665665666,0.6656656656656657,0.8058058058058057,0.9685435613169988,0.0,0.5159578572986394,0.2810656867832727,0.31431431431431434,0.572072072072072,0.5385385385385385,0.44744744744744747,0.7090648974887589
On My Way                                                                                                                                                                         - Axwell /\ Ingrosso                              ,0.6726726726726726,0.6336336336336337,0.0,0.8908908908908909,1.0,0.3263263263263263,0.46646646646646645,0.3903785597041438,0.45545545545545546,0.5385385385385385,0.4089498269249217,0.6566566566566566
Escape (Into The Sunset) - Radio Mix                                                                                                                                              - Quintino                                        ,0.5475475475475475,0.597097097097097,0.27127127127127126,0.515228825281819,1.0,0.6961176579010975,0.3014443014443014,0.40409716850013555,0.9269269269269269,0.5385385385385385,0.21867691986997842,0.6613102595797326
Beautiful Now                                                                                                                                                                     - Zedd                                            ,0.6441441441441442,0.6426426426426426,1.0,0.8797801339748605,0.0,0.03073674381094876,0.3001638746522785,0.3398222056253144,0.12912912912912913,0.5385385385385385,0.6411411411411412,0.6630471408523081
JAMMU - Original Mix                                                                                                                                                              - KSHMR                                           ,0.6711711711711712,0.3758758758758759,0.3918918918918919,0.7966380412936233,0.0,0.4894894894894895,0.27127127127127126,0.5639678615574784,0.3963963963963964,0.5385385385385385,0.1891891891891892,0.6676676676676676
L'Amour Toujours - Tiësto Edit                                                                                                                                                    - Dzeko & Torres                                  ,0.5830830830830831,0.8248248248248249,0.3383383383383384,0.9689430641579079,1.0,0.7417417417417418,0.2977164554254238,0.4266398708217964,0.5965965965965966,0.5385385385385385,0.21621621621621623,0.705080503276669
Heaven - Radio Edit                                                                                                                                                               - Shaun Frank                                     ,0.7352352352352352,0.8193193193193193,0.6341341341341341,0.9006918619594676,0.0,0.45345345345345345,0.4252060309541661,0.6766766766766766,0.31931931931931934,0.5385385385385385,0.2602602602602603,0.6128295323523102
Bludfire                                                                                                                                                                          - Eva Simons                                      ,0.33733733733733734,0.6076076076076076,0.8058058058058057,0.8123570020226187,0.0,0.6905600117088364,0.2239208261659718,0.0,0.487987987987988,0.5385385385385385,0.41004184100418395,0.8638056822043367
Mantra - Axwell Cut                                                                                                                                                               - Michael Feiner                                  ,0.9459459459459459,0.6796796796796797,0.6341341341341341,0.8238459246582555,1.0,0.5075075075075075,0.3178178178178178,0.93993993993994,0.8703703703703705,0.5385385385385385,0.5210016155088852,0.5900185900185898
Love On My Mind                                                                                                                                                                   - Lucas & Steve                                   ,0.5245245245245245,0.7892892892892893,0.4664664664664665,0.9842394693149698,0.0,0.45245245245245247,0.4102315074034903,0.5384139617268452,0.977708997789319,0.5385385385385385,0.5095095095095095,0.5706270039187745
Byte                                                                                                                                                                              - Martin Garrix                                   ,0.5910910910910911,0.8248248248248249,0.6341341341341341,0.8917031066153873,0.0,0.11561561561561562,0.20955462066035332,0.8133133133133132,0.06506506506506507,0.5385385385385385,0.32932932932932935,0.6733382300770016
12 Inch - Dave Darell Mix                                                                                                                                                         - Dave Darell                                     ,0.9284284284284283,0.7257257257257257,0.0,0.8812464218532755,1.0,0.8198198198198198,0.28928928928928926,0.7327327327327328,0.8523523523523524,0.5385385385385385,0.6136136136136137,0.6674174174174173
Lights Out - Go Crazy                                                                                                                                                             - Junior Caldera                                  ,0.7122122122122122,0.7497497497497497,1.0,0.8011806375442738,1.0,0.8038038038038038,0.3981523992849021,0.369542066027689,0.19019019019019018,0.5385385385385385,0.8743743743743744,0.6454768407840673
Oh My - Club Mix                                                                                                                                                                  - The Partysquad                                  ,0.5775775775775776,0.5705705705705706,0.8058058058058057,0.7978538627967371,1.0,0.3973973973973974,0.2969709807244228,0.567067067067067,0.7807807807807807,0.5385385385385385,0.16466466466466467,0.7977977977977978
FLAGS!                                                                                                                                                                            - Sebastian Ingrosso                              ,0.8648648648648649,0.7892892892892893,0.0,0.9739222026434879,1.0,0.5785785785785785,0.345565173879089,0.617087925899173,0.08208208208208208,0.5385385385385385,0.6696696696696697,0.5844039281282921
I Think I Like It                                                                                                                                                                 - Fake Blood                                      ,0.7387387387387387,0.6256256256256256,0.3918918918918919,0.8065801547161197,0.0,0.8393393393393394,0.4904072723153478,0.4964964964964965,0.7897897897897898,0.5385385385385385,0.6666666666666666,0.6811637994788671
Dr. Who! - UK Radio Edit                                                                                                                                                          - Tujamo                                          ,0.9393117992364222,0.6616616616616616,0.6341341341341341,0.8156096344608863,1.0,0.6066066066066066,0.3433433433433433,0.42148696872738034,0.4074074074074074,0.5385385385385385,0.8718718718718719,0.5810886092602282
Won't Stop Rocking                                                                                                                                                                - R3HAB                                           ,0.5855855855855856,0.7062062062062062,0.6341341341341341,0.938063063063063,0.0,0.5175175175175175,0.4984984984984985,0.527315296566077,0.6706706706706707,0.5385385385385385,0.21921921921921922,0.6630471408523081
Electric Elephants                                                                                                                                                                - Jay Hardway                                     ,0.5790790790790791,0.8153153153153153,0.5445445445445445,0.9926337165505533,0.0,0.5705705705705706,0.25544516622086355,0.707623550133911,0.7162162162162162,0.5385385385385385,0.3163163163163163,0.6426426426426426
Drop That Low (When I Dip)                                                                                                                                                        - Tujamo                                          ,0.5765765765765766,0.7542542542542543,0.4664664664664665,0.8790952806476149,0.0,0.9908970534594495,0.3093580846959224,0.8247072160499723,0.4764764764764765,0.5385385385385385,0.12812812812812813,0.6009070161088487
The Only Way Is Up                                                                                                                                                                - Martin Garrix                                   ,0.5910910910910911,0.4974974974974975,0.16616616616616617,0.4564494178133979,0.0,0.07607607607607608,0.2560183416125334,0.9364364364364364,0.24124124124124124,0.5385385385385385,0.21867691986997842,0.6846870560069566
Dancin (feat. Luvli) - Krono Remix                                                                                                                                                - Aaron Smith                                     ,0.8033033033033032,0.505005005005005,0.8883883883883883,0.5897638026616944,0.0,0.037037037037037035,0.5065065065065065,0.3387551786884842,0.8098098098098098,0.5385385385385385,0.43843843843843844,0.5069219651275408
Bomb A Drop                                                                                                                                                                       - Garmiani                                        ,0.7312312312312312,0.9829829829829829,0.6341341341341341,0.9990269344543049,0.0,0.5432312477767023,0.24549549549549549,0.6749782040104622,0.9196187089819,0.5385385385385385,0.5635635635635635,0.6743401146211433
Step By Step - Big Room Mix                                                                                                                                                       - Laidback Luke                                   ,0.6831831831831832,0.7147147147147147,0.0,0.8271145752160753,0.0,0.5095095095095095,0.21381913663792856,0.795250791146824,0.9639219934994584,0.5385385385385385,0.47347347347347346,0.6636636636636637
A Little More (feat. Sansa)                                                                                                                                                       - Kaskade                                         ,0.36686686686686687,0.507007007007007,1.0,0.7673830995864894,0.0,0.24274274274274274,0.2981977645863415,0.47064276885043266,0.4169169169169169,0.5385385385385385,0.2727727727727728,0.6516516516516516
Lessons In Love - Headhunterz Remix Radio Edit                                                                                                                                    - Kaskade                                         ,0.4129667361374678,0.7497497497497497,1.0,0.9080306159640383,0.0,0.3376413570274638,0.4720161954453236,0.515707651354339,0.8673673673673674,0.5385385385385385,0.6806806806806807,0.8612768293532274
Dirty Talk - Laidback Luke Remix                                                                                                                                                  - Wynter Gordon                                   ,0.8773773773773774,0.4139139139139139,0.7217217217217218,0.4621221270014837,0.0,0.6212591902247074,0.24956142406714726,0.5739292690749002,0.9452786119452786,0.5385385385385385,0.34634634634634637,0.7067067067067067
Till Tonight - Radio Edit                                                                                                                                                         - Laidback Luke                                   ,0.7122122122122122,0.8278278278278278,0.27127127127127126,0.9461553978943212,0.0,0.46146146146146144,0.23097781004522008,0.4635006176482859,0.3128128128128128,0.5385385385385385,0.26876876876876876,0.6596596596596597
"Roar - From ""Monsters University""/Soundtrack Version                                                                                                                          - Axwell                                          ",0.8868868868868869,0.44744744744744747,0.0,0.5107758436039463,1.0,0.5035035035035035,0.1610464885448267,0.5425425425425425,0.7487487487487487,0.5385385385385385,0.7042042042042043,0.5878389218674813
All My Friends - Radio Edit                                                                                                                                                       - Tommy Trash                                     ,0.7667667667667668,0.36336336336336333,0.8883883883883883,0.7808638715809483,1.0,0.933933933933934,0.2613318576412611,0.0,0.9574709787730877,0.5385385385385385,0.5965965965965966,0.6782377533719202
Ready 2 Go                                                                                                                                                                        - Martin Solveig                                  ,0.5060060060060061,0.7257257257257257,0.7217217217217218,0.8448448448448448,1.0,0.37787787787787785,0.32599444543238454,0.0,0.07007007007007007,0.5385385385385385,0.2872872872872873,0.6787573457205694
Ocarina                                                                                                                                                                           - Dimitri Vegas & Like Mike                       ,0.5675675675675675,0.9109109109109109,0.0,0.6584168499293636,0.0,0.56006006006006,0.2732450913284698,0.7663782447466008,0.03993121895299961,0.5385385385385385,0.16716716716716717,0.7113720642768921
Hello                                                                                                                                                                             - Martin Solveig                                  ,0.7142142142142143,0.8218218218218218,0.3383383383383384,0.8729618868926973,1.0,0.08758758758758758,0.3737147966025927,0.5649731485039542,0.04204204204204204,0.5385385385385385,0.5435435435435435,0.6516516516516516
Gecko - Radio Edit                                                                                                                                                                - Oliver Heldens                                  ,0.9064064064064064,0.6326326326326326,0.0,0.5758589924037554,1.0,0.5452670878971455,0.5105008077544425,0.9054054054054055,0.7377377377377378,0.5385385385385385,0.5585585585585585,0.5934620066075451
We Are Your Friends - Justice Vs Simian                                                                                                                                           - Justice                                         ,0.6201201201201201,0.9232633279483038,0.8058058058058057,1.0,0.0,0.8088088088088088,0.3153153153153153,0.702716049382716,0.6581581581581581,0.5385385385385385,0.5905905905905906,0.5577254000705886
Atom                                                                                                                                                                              - Nari                                            ,0.4924924924924925,0.9504504504504505,0.16616616616616617,0.6592234176948031,0.0,0.4724724724724725,0.3713713713713714,0.8648648648648649,0.008652657601977745,0.5385385385385385,0.13563563563563563,0.6535531479250558
Bad (feat. Vassy) - Radio Edit                                                                                                                                                    - David Guetta                                    ,0.6181181181181181,0.9274274274274275,0.4664664664664665,0.8997834139146734,0.0,0.7072018890200709,0.22822822822822822,0.5805805805805806,0.8613613613613613,0.5385385385385385,0.4944944944944945,0.647978335478332
Rattle                                                                                                                                                                            - Bingo Players                                   ,0.8378378378378378,0.8888888888888888,0.6341341341341341,0.8077782744747427,1.0,0.46025104602510414,0.23523523523523523,0.8743743743743744,0.8883883883883883,0.5385385385385385,0.6146146146146146,0.6571571571571571
Greyhound                                                                                                                                                                         - Swedish House Mafia                             ,0.8078078078078078,0.6026026026026026,0.0,0.7827633967984845,1.0,0.4624624624624625,0.2923004995872945,0.8633633633633633,0.7932932932932932,0.5385385385385385,0.6226226226226226,0.5842146178487441
Zero 76 - Original Mix                                                                                                                                                            - Tiësto                                          ,0.6711711711711712,0.5415415415415415,0.6341341341341341,0.4214463840399003,1.0,0.28378378378378377,0.26424201046684265,0.97997997997998,0.9677444040372134,0.5385385385385385,0.08526543878656555,0.6566566566566566
Losing It                                                                                                                                                                         - FISHER                                          ,0.8648648648648649,0.9074074074074074,0.27127127127127126,0.6764542320097875,1.0,0.5195195195195195,0.23916714610625195,0.7652892561983471,0.2902902902902903,0.5385385385385385,0.7197197197197197,0.5881597946414252
Firestone                                                                                                                                                                         - Kygo                                            ,0.7787787787787788,0.37773804202056327,1.0,0.4950221238938054,0.0,0.32432432432432434,0.694382584832023,0.36536536536536535,0.2727051727051727,0.5385385385385385,0.4944944944944945,0.4478351331961317
The Hum                                                                                                                                                                           - Dimitri Vegas & Like Mike                       ,0.8168168168168168,0.8618618618618619,1.0,0.9575537360850632,0.0,0.37787787787787785,0.6036036036036035,0.8138138138138138,0.9049049049049049,0.5385385385385385,0.2652652652652653,0.7105076741440348
A Sky Full of Stars - Hardwell Remix                                                                                                                                              - Coldplay                                        ,0.6916916916916918,0.40290290290290287,0.3383383383383384,0.8433008218377561,0.0,0.07007007007007007,0.24335331895469353,0.39218069951890694,0.1971971971971972,0.5385385385385385,0.10907522609650268,0.6613102595797326
Momentum                                                                                                                                                                          - Don Diablo                                      ,0.8658658658658659,0.8173173173173174,0.8058058058058057,0.9677553425703139,0.0,0.5735735735735735,0.44059548047731206,0.44671587281951963,0.008961681087762664,0.5385385385385385,0.044044044044044044,0.618008898000653
Babylon                                                                                                                                                                           - Congorock                                       ,0.7707707707707707,0.8403403403403403,0.27127127127127126,0.9984626007152392,1.0,0.997608719830942,0.3888888888888889,0.5078703464153369,0.09533817348108521,0.5385385385385385,0.7627627627627628,0.6268452823912772
Lovers on the Sun (feat. Sam Martin)                                                                                                                                              - David Guetta                                    ,0.6766766766766766,0.7452452452452452,0.5445445445445445,0.981336368421374,0.0,0.24524524524524524,0.4969941103894591,0.29259235871385403,0.9151662907285095,0.5385385385385385,0.6486486486486487,0.5811810762803244
Resurrection - Axwell's Recut Radio Version                                                                                                                                       - Michael Calfan                                  ,0.7142142142142143,0.8748748748748749,0.3383383383383384,0.9819944944944945,1.0,0.18268268268268267,0.3963963963963964,0.7589695957817401,0.7232232232232232,0.5385385385385385,0.7007007007007007,0.680257944676474
Riverside                                                                                                                                                                         - Sidney Samson                                   ,0.9229229229229229,0.9384384384384384,0.16616616616616617,0.9826889389389388,0.0,0.35485485485485485,0.17827235532971195,0.8883883883883883,0.496996996996997,0.5385385385385385,0.29979979979979976,0.6096096096096096
Be - Instrumental                                                                                                                                                                 - Steve Angello                                   ,0.8598598598598599,0.18507031621785716,1.0,0.2398747080774446,0.0,0.5275275275275275,0.6401401401401401,0.9942571518887308,0.21021021021021022,0.5385385385385385,0.6566566566566566,0.7094210862688142
Raise Your Hands - Original Mix                                                                                                                                                   - Ummet Ozcan                                     ,0.8168168168168168,0.9214214214214214,0.3918918918918919,0.946091875582109,1.0,0.35985985985985985,0.23776754927328364,0.8168168168168168,0.4314314314314314,0.5385385385385385,0.08502217038802404,0.6596596596596597
Like I Do                                                                                                                                                                         - David Guetta                                    ,0.6601601601601601,0.7602602602602602,0.0,0.9188657797821757,0.0,0.22322322322322322,0.29214267027121305,0.5719469469469469,0.9069069069069069,0.5385385385385385,0.18568568568568566,0.6516516516516516
You & Me - Baauer Remix                                                                                                                                                           - Disclosure                                      ,0.6876876876876877,0.9639639639639639,0.5445445445445445,0.9443959832848722,0.0,0.8428428428428428,0.45845845845845845,0.6859739531979373,0.8548548548548548,0.5385385385385385,0.7307307307307307,0.8769829520934538
Pressure - Alesso Radio Edit                                                                                                                                                      - Nadia Ali                                       ,0.4811715481171552,0.6776776776776776,0.7217217217217218,0.5512254073937506,1.0,0.15765765765765766,0.16667262349713605,0.7296736725663716,0.6286286286286287,0.5385385385385385,0.3303303303303303,0.6723323050756651
More Than You Know                                                                                                                                                                - Axwell /\ Ingrosso                              ,0.6791791791791792,0.505005005005005,0.4664664664664665,0.7857857857857857,0.0,0.13863863863863862,0.38038038038038036,0.0,0.8393393393393394,0.5385385385385385,0.6506506506506506,0.5603127606642546
Waiting For Love                                                                                                                                                                  - Avicii                                          ,0.5655655655655656,0.4974974974974975,0.5445445445445445,0.9070321887911464,0.0,0.46996996996997,0.6636636636636637,0.0,0.6961961961961962,0.5385385385385385,0.6926926926926927,0.6616192830655149
Go (Radio Edit)                                                                                                                                                                   - Moby                                            ,0.7187187187187187,0.6686686686686687,0.3918918918918919,0.34497754682496357,0.0,0.43843843843843844,0.13206451113346457,0.9574574574574575,0.26626626626626626,0.5385385385385385,0.6006006006006006,0.6022235441213576
Closer                                                                                                                                                                            - The Chainsmokers                                ,0.8448448448448449,0.28128128128128127,0.7217217217217218,0.7060515499145212,1.0,0.13463463463463465,0.7043618739903068,0.0,0.4074074074074074,0.5385385385385385,0.7350565428109856,0.22392082616597342
Without You (feat. Usher)                                                                                                                                                         - David Guetta                                    ,0.6081081081081081,0.3575858593239821,0.27127127127127126,0.9181819021962634,1.0,0.03453453453453453,0.6166166166166166,0.29429429429429427,0.6091091091091092,0.5385385385385385,0.48648648648648646,0.6391476255003149
Grey                                                                                                                                                                              - Kölsch                                          ,0.948948948948949,0.3308308308308308,1.0,0.5370149512485279,0.0,0.5832605486842775,0.4426173841297084,0.6168791285717788,0.37887887887887883,0.5385385385385385,0.2652652652652653,0.5915915915915916
This Girl (Kungs Vs. Cookin' On 3 Burners)                                                                                                                                        - Kungs                                           ,0.9084084084084083,0.47697697697697694,0.0,0.8124175787127084,0.0,0.25625625625625625,0.4962075285177063,0.36936936936936937,0.7367367367367368,0.5385385385385385,0.5468197455097018,0.5411148900896764
Dancing Alone                                                                                                                                                                     - Axwell /\ Ingrosso                              ,0.7687687687687688,0.8468468468468469,0.7217217217217218,0.6610375410035232,0.0,0.9346245416687402,0.48798840583779635,0.0,0.8718718718718719,0.05005005005005005,0.727246207246207,0.5461992235585283
Pizza                                                                                                                                                                             - Martin Garrix                                   ,0.32732732732732733,0.47097097097097096,0.4664664664664665,0.5456504643940628,1.0,0.17467467467467468,0.19914468879986122,0.7406926615061616,0.6671671671671671,0.5385385385385385,0.02761630221854147,0.648309023309021
Alone                                                                                                                                                                             - Marshmello                                      ,0.6616616616616616,0.8778778778778779,0.27127127127127126,0.9174591180701159,1.0,0.16966966966966968,0.3691508409818269,0.5761793500213118,0.37887887887887883,0.5385385385385385,0.47997997997998,0.8155942154825769
Cutting Shapes                                                                                                                                                                    - Don Diablo                                      ,0.7962962962962963,0.7892892892892893,0.0,0.9051003205138544,1.0,0.9394394394394394,0.37268168261054124,0.0,0.27927927927927926,0.5385385385385385,0.6456456456456456,0.6015950336952492
Move It 2 The Drum - Original Mix                                                                                                                                                 - Chuckie                                         ,0.8923923923923924,0.7497497497497497,0.8058058058058057,0.6084041126508717,1.0,0.5335335335335335,0.6036036036036035,0.6796796796796797,0.23523523523523523,0.5385385385385385,0.10041668617720395,0.6583628762754291
Virus (How About Now) - Radio Edit                                                                                                                                                - Martin Garrix                                   ,0.44994994994994997,0.637137137137137,0.4664664664664665,0.6289633060206626,0.0,0.25625625625625625,0.2277717114512367,0.7187792798822112,0.9952453375816964,0.05005005005005005,0.08214343012995348,0.6782377533719202
Cola                                                                                                                                                                              - CamelPhat                                       ,0.7822822822822824,0.503003003003003,0.5445445445445445,0.447179203539823,1.0,0.10960960960960961,0.36953955135773314,0.7271391829032579,0.5405405405405406,0.05005005005005005,0.5288621955288622,0.5428128310755518
I Took A Pill In Ibiza - Seeb Remix                                                                                                                                               - Mike Posner                                     ,0.7092092092092093,0.4728033472803356,0.6341341341341341,0.576005276780584,0.0,0.7892892892892893,0.40526231349270014,0.3223845075098107,0.1866866866866867,0.5385385385385385,0.7757757757757757,0.3155247201224207
Teenage Crime - Radio Edit                                                                                                                                                        - Adrian Lux                                      ,0.6811811811811812,0.6616616616616616,0.27127127127127126,0.8073312472060794,1.0,0.19569569569569567,0.35304200752476633,0.7608382969566606,0.3868868868868869,0.5385385385385385,0.4034034034034034,0.6691691691691692
Turbulence (feat. Lil Jon) - Radio Edit                                                                                                                                           - Steve Aoki                                      ,0.7602602602602602,0.8618618618618619,0.27127127127127126,0.9931215556215557,1.0,0.6726726726726726,0.28897630024390586,0.6820384422953096,0.44994994994994997,0.5385385385385385,0.35435435435435436,0.7131378458069345
Your Mind - Radio Edit                                                                                                                                                            - Adam Beyer                                      ,0.7052052052052051,0.6831831831831832,1.0,0.44244244244244246,0.0,0.5075075075075075,0.2518017374425433,0.6601732703427617,0.7217217217217217,0.5385385385385385,0.13813813813813813,0.6149526712658426
No Good                                                                                                                                                                           - Zonderling                                      ,0.9529529529529529,0.6796796796796797,0.16616616616616617,0.8506032064114925,1.0,0.9409409409409409,0.7367367367367368,0.5730342530896548,0.4074074074074074,0.5385385385385385,0.6211211211211212,0.6199827646881952
Faded                                                                                                                                                                             - Alan Walker                                     ,0.5805805805805806,0.3963963963963964,0.5445445445445445,0.7675371827914199,1.0,0.07007007007007007,0.38538538538538536,0.28431834021141433,0.4074074074074074,0.5385385385385385,0.2097097097097097,0.1552056318072257
Ghosts 'n' Stuff                                                                                                                                                                  - deadmau5                                        ,0.6231231231231231,0.35935935935935936,0.7217217217217218,0.5416205424498445,1.0,0.8168168168168168,0.12186613881529136,0.6186259163172894,0.7702702702702702,0.5385385385385385,0.6036036036036035,0.660692212608159
Don't Look Down (feat. Usher)                                                                                                                                                     - Martin Garrix                                   ,0.5590590590590591,0.6391391391391392,0.0,0.6606730652411613,1.0,0.17717717717717718,0.27036238692680414,0.45116655116655113,0.4074074074074074,0.5385385385385385,0.4574574574574575,0.6571571571571571
Body Language                                                                                                                                                                     - M.A.N.D.Y.                                      ,0.9164164164164164,0.4169169169169169,0.3918918918918919,0.2871132797597896,0.0,0.495961227786753,0.32217573221757356,0.9074074074074074,0.3353353353353353,0.5385385385385385,0.8893893893893894,0.708196063459218
BOOM                                                                                                                                                                              - Tiësto                                          ,0.9819819819819819,0.6566566566566566,0.27127127127127126,0.9421735938530437,1.0,0.44094094094094094,0.3420513164922111,0.5425425425425425,0.8628628628628628,0.5385385385385385,0.25825825825825827,0.5595595595595596
Coming Home (Dirty South Remix) [feat. Skylar Grey]                                                                                                                               - Diddy - Dirty Money                             ,0.8128128128128128,0.3983983983983984,0.3918918918918919,0.31465809639093417,1.0,0.3993993993993994,0.2314535028471459,0.705372038705372,0.5595595595595595,0.5385385385385385,0.5455455455455456,0.6544479213232
Dreamer - Matisse & Sadko Remix                                                                                                                                                   - Axwell /\ Ingrosso                              ,0.46546546546546547,0.7212212212212212,0.8883883883883883,0.841994650363011,1.0,0.23023023023023023,0.3792354600154043,0.4441881327694477,0.5630630630630631,0.5385385385385385,0.31192069583294446,0.6084672435105066
Generate                                                                                                                                                                          - Eric Prydz                                      ,0.6681681681681682,0.7122122122122122,1.0,0.7614937602995876,1.0,0.014014014014014014,0.3013013013013013,0.6183400136865774,0.9509061927141024,0.5385385385385385,0.25575575575575576,0.6279277876194176
Split (Only U)                                                                                                                                                                    - Tiësto                                          ,0.6586586586586587,0.8153153153153153,0.16616616616616617,0.9480877386114294,1.0,0.8498498498498499,0.4341202466202466,0.7612734579662342,0.2012012012012012,0.5385385385385385,0.43043043043043044,0.6691691691691692
Wizard                                                                                                                                                                            - Martin Garrix                                   ,0.5590590590590591,0.7872872872872874,0.6341341341341341,0.7790702447488719,1.0,0.5905905905905906,0.2936235128792503,0.7752752752752752,0.9658861994191336,0.5385385385385385,0.2822822822822823,0.641886498975348
Tell Me Why - Radio Edit                                                                                                                                                          - Supermode                                       ,0.5105105105105106,0.7752752752752752,0.5445445445445445,0.4549700700700701,0.0,0.647147147147147,0.2643664196330944,0.4084084084084084,0.7502502502502502,0.5385385385385385,0.6268179110284374,0.6926204955485339
This Is What You Came For (feat. Rihanna)                                                                                                                                         - Calvin Harris                                   ,0.6516516516516516,0.8153153153153153,0.8058058058058057,0.9706642323325541,0.0,0.12062062062062062,0.5954882571075402,0.6450603486812696,0.5825825825825826,0.5385385385385385,0.5455455455455456,0.5692470675851936
Latch                                                                                                                                                                             - Disclosure                                      ,0.45245245245245247,0.48648648648648646,0.16616616616616617,0.7241312529146358,1.0,0.8958958958958959,0.338870955264398,0.40246434099477046,0.22622622622622623,0.5385385385385385,0.6076076076076076,0.5411148900896764
Something Just Like This - Don Diablo Remix                                                                                                                                       - The Chainsmokers                                ,0.8033033033033032,0.5135135135135135,1.0,0.7099427795173456,0.0,0.7487648515225667,0.5305305305305306,0.45375551636341144,0.2538198254912136,0.5385385385385385,0.5945945945945946,0.5713395083719273
Scared to Be Lonely                                                                                                                                                               - Martin Garrix                                   ,0.5735735735735736,0.29429429429429427,0.16616616616616617,0.4571543352992278,0.0,0.5185185185185185,0.4924924924924925,0.0,0.7772772772772774,0.5385385385385385,0.24824824824824826,0.7803058384729002
Walking with Elephants                                                                                                                                                            - Ten Walls                                       ,0.8923923923923924,0.3758758758758759,0.8058058058058057,0.5563431607655053,0.0,0.31731731731731727,0.28928928928928926,0.8848848848848849,0.07307307307307308,0.5385385385385385,0.6616616616616616,0.5154597778075228
Sunshine                                                                                                                                                                          - David Guetta                                    ,0.5815815815815816,0.592092092092092,0.16616616616616617,0.7755650570139635,0.0,0.3408408408408409,0.20983122670419538,0.9004004004004005,0.03303303303303303,0.5385385385385385,0.2782782782782783,0.6596596596596597
Harlem Shake                                                                                                                                                                      - Baauer                                          ,0.3941876745689296,0.5835835835835835,0.0,0.760168141762866,1.0,0.4169169169169169,0.3178178178178178,0.4984792432268558,0.9336836836836837,0.5385385385385385,0.34734734734734735,0.7791057511665048
Find Your Soul                                                                                                                                                                    - Yves V                                          ,0.8093093093093093,0.7032032032032032,0.7217217217217218,0.872102672300374,1.0,0.687577255871446,0.2701559471411423,0.4404083143334687,0.487987987987988,0.5385385385385385,0.1831831831831832,0.6656656656656657
In My Mind                                                                                                                                                                        - Dynoro                                          ,0.7602602602602602,0.549049049049049,0.5445445445445445,0.743120302347235,1.0,0.8708708708708709,0.5775775775775776,0.32932932932932935,0.45545545545545546,0.5385385385385385,0.2057057057057057,0.602498855567431
Sugar (feat. Francesco Yates) - Stadiumx Remix                                                                                                                                    - Robin Schulz                                    ,0.6996996996996997,0.8153153153153153,0.4664664664664665,0.9815969615312921,0.0,0.46396396396396394,0.3981523992849021,0.2673988805576091,0.5930930930930931,0.5385385385385385,0.8158354625479256,0.6535531479250558
Maximal Crazy - Original Mix                                                                                                                                                      - Tiësto                                          ,0.7537537537537538,0.5735735735735735,0.5445445445445445,0.9088810594095493,0.0,0.5085085085085085,0.1881881881881882,0.8763763763763763,0.16816816816816815,0.5385385385385385,0.22022022022022023,0.7110630407911027
Faded - Original Mix                                                                                                                                                              - ZHU                                             ,0.96996996996997,0.2592950092950094,0.8058058058058057,0.520859939580555,0.0,0.424119802253507,0.3113810723726533,0.6722028801710076,0.5540540540540541,0.5385385385385385,0.6466466466466466,0.5832457229173224
Cannonball                                                                                                                                                                        - Showtek                                         ,0.7292292292292293,0.7812812812812813,0.16616616616616617,0.7440171919253133,1.0,0.6356356356356356,0.24935330752188192,0.8123064836988888,0.07424414210128495,0.5385385385385385,0.5495495495495496,0.6646646646646647
Nothing But Love - Extended Vocal Mix                                                                                                                                             - Axwell                                          ,0.7707707707707707,0.547083603474581,0.5445445445445445,0.9551012609858617,0.0,0.36536536536536535,0.22172172172172172,0.3135266646608802,0.030930605029242435,0.5385385385385385,0.5865865865865866,0.6907888745757191
Icarus                                                                                                                                                                            - Madeon                                          ,0.42342342342342343,0.6586586586586587,0.16616616616616617,0.9861973306315798,0.0,0.4724724724724725,0.1808770449281398,0.6896896896896897,0.4074074074074074,0.5385385385385385,0.1781781781781782,0.6190070461896462
Arcade - Radio Edit                                                                                                                                                               - Dimitri Vegas & Like Mike                       ,0.5440440440440439,0.8888888888888888,0.3383383383383384,0.8766705255530057,0.0,0.6251251251251251,0.30792645402390323,0.7621471255782768,0.8132377769474545,0.5385385385385385,0.22122122122122123,0.6437802907916007
Fuego                                                                                                                                                                             - Alok                                            ,0.8033033033033032,0.38738738738738737,0.8058058058058057,0.4662295279073163,1.0,0.2082082082082082,0.5410410410410411,0.8083083083083084,0.4169169169169169,0.5385385385385385,0.3993993993993994,0.5431506917418126
Roses                                                                                                                                                                             - The Chainsmokers                                ,0.7932932932932932,0.5955955955955956,0.3918918918918919,0.5280318139622225,1.0,0.5035035035035035,0.42342342342342343,0.5244923405771286,0.8358358358358359,0.5385385385385385,0.4209209209209209,0.2963217128740054
Do It Right                                                                                                                                                                       - Martin Solveig                                  ,0.9240781848741205,0.537037037037037,0.4664664664664665,0.8588588588588588,0.0,0.6138711201908228,0.45585833627883565,0.6140155726841902,0.14914914914914915,0.5385385385385385,0.6746746746746747,0.5943424159467233
One Kiss (with Dua Lipa)                                                                                                                                                          - Calvin Harris                                   ,0.9064064064064064,0.6906906906906907,0.8058058058058057,0.9499995893514651,0.0,0.7862862862862863,0.40903800736669815,0.3531690122135203,0.17069427918484525,0.5385385385385385,0.6721721721721721,0.5701547628123971
Lick It                                                                                                                                                                           - Valentino Khan                                  ,0.9164164164164164,0.6511511511511512,0.3918918918918919,0.9800894135745861,1.0,0.5235235235235235,0.29633552213514086,0.6457564575645757,0.2652652652652653,0.5385385385385385,0.7358731788783605,0.5868948127012649
Anthem (We Love House Music)                                                                                                                                                      - Don Diablo                                      ,0.7212212212212212,0.9194194194194194,0.7217217217217218,0.980833115350174,0.0,0.502002002002002,0.47893002893002895,0.6713022590377595,0.8463463463463463,0.5385385385385385,0.482982982982983,0.6089065395369591
Freaks - Radio Edit                                                                                                                                                               - Timmy Trumpet                                   ,0.9819819819819819,0.9169169169169169,0.3918918918918919,0.9986261781336723,1.0,0.8603603603603603,0.33803663803663814,0.703953953953954,0.7527527527527528,0.5385385385385385,0.8108108108108109,0.681882804101759
Great Spirit                                                                                                                                                                      - Armin van Buuren                                ,0.5830830830830831,0.7812812812812813,0.8058058058058057,0.43866062324006255,1.0,0.5845845845845846,0.287846313594771,0.5655655655655656,0.7327327327327328,0.05005005005005005,0.26876876876876876,0.335229150782101
Rock It                                                                                                                                                                           - Sub Focus                                       ,0.4244244244244244,0.9169169169169169,0.6341341341341341,0.9914410466557707,0.0,0.6269471642605973,0.23123123123123124,0.7021013597033374,0.16216216216216217,0.5385385385385385,0.14714714714714713,0.953953953953954
Don't Let Me Down                                                                                                                                                                 - The Chainsmokers                                ,0.49099099099099097,0.7062062062062062,1.0,0.7680196530925295,1.0,0.9009009009009009,0.5625625625625625,0.5332328029823213,0.5445445445445445,0.5385385385385385,0.5045045045045045,0.8996845762111004
Silence - Tiësto's Big Room Remix                                                                                                                                                 - Marshmello                                      ,0.474974974974975,0.8493493493493494,0.16616616616616617,0.9442826046000649,0.0,0.955955955955956,0.288350322153139,0.2896923798527613,0.998089603507686,0.5385385385385385,0.1239427191191737,0.7149967189222238
On My Mind                                                                                                                                                                        - Disciples                                       ,0.8323323323323324,0.7497497497497497,0.0,0.9795955755268795,0.0,0.23873873873873874,0.42342342342342343,0.36556075418912465,0.010118472631860706,0.5385385385385385,0.7987987987987988,0.5455787088010688
The House Of House                                                                                                                                                                - Dimitri Vegas & Like Mike                       ,0.5440440440440439,0.7477477477477478,0.3383383383383384,0.7537537537537538,0.0,0.5925925925925926,0.5495495495495496,0.8011795242660206,0.012494792829520865,0.5385385385385385,0.09454040239485102,0.7967379163801074
Crowd Control - Radio Edit                                                                                                                                                        - Dimitri Vegas & Like Mike                       ,0.5015015015015015,0.8778778778778779,1.0,0.9867370834248004,0.0,0.6719919374786634,0.46006006006006006,0.7533435231180742,0.529029029029029,0.5385385385385385,0.15515515515515516,0.7952505396566666
Higher Place - Tujamo Remix                                                                                                                                                       - Dimitri Vegas & Like Mike                       ,0.7625201938610662,0.8938938938938938,0.6341341341341341,0.9452088703521369,1.0,0.6239468882640689,0.34434434434434436,0.6124219705998086,0.9511030710778133,0.5385385385385385,0.3358358358358358,0.6535531479250558
Can't Hold Us Down                                                                                                                                                                - Axwell /\ Ingrosso                              ,0.478978978978979,0.44344344344344344,0.0,0.5254685857643765,1.0,0.6706706706706707,0.34288420652057017,0.5260308047535361,0.6706706706706707,0.5385385385385385,0.026026026026026026,0.587404821626422
You Know You Like It - Tchami Remix                                                                                                                                               - AlunaGeorge                                     ,0.9344344344344344,0.6566566566566566,0.4664664664664665,0.8599038118988244,0.0,0.7782782782782782,0.583015724412658,0.6326100745442799,0.2032032032032032,0.5385385385385385,0.6666666666666666,0.5575418005473961
Purple Lamborghini (with Rick Ross)                                                                                                                                               - Skrillex                                        ,0.3988988988988989,0.7587587587587588,0.8883883883883883,0.9779933286055734,0.0,0.8393393393393394,0.24064064064064064,0.0,0.9932471550553511,0.5385385385385385,0.36536536536536535,0.847893532184394
My Love                                                                                                                                                                           - Martin Solveig                                  ,0.7187187187187187,0.44044044044044045,0.8058058058058057,0.7469419285162509,0.0,0.1886886886886887,0.3008463008463008,0.33000821595526275,0.23823823823823823,0.5385385385385385,0.14014014014014015,0.5109380348090027
PRTCL (ft. Spyder)                                                                                                                                                                - Nicky Romero                                    ,0.6753480753480755,0.8403403403403403,0.6341341341341341,0.8977820619611663,1.0,0.6396396396396397,0.23886368666866342,0.5535921702909854,0.04904904904904905,0.5385385385385385,0.508008008008008,0.6094924312641673
Wakanda                                                                                                                                                                           - Dimitri Vegas & Like Mike                       ,0.6391391391391392,0.92992992992993,0.4664664664664665,0.9749362612515297,0.0,0.6786786786786787,0.2042341329369848,0.757107540173053,0.03269936603269936,0.5385385385385385,0.36736736736736736,0.7113720642768921
I Can't Stop                                                                                                                                                                      - Flux Pavilion                                   ,0.46446446446446443,0.5580580580580581,0.0,0.5143928000353073,0.0,0.06556556556556556,0.21122789028454242,0.6801072128134975,0.9317771335964693,0.5385385385385385,0.2602602602602603,0.7958908320443907
Step Back - Radio Edit                                                                                                                                                            - Chocolate Puma                                  ,0.7872872872872874,0.6776776776776776,0.8883883883883883,0.914091251082752,0.0,0.3638638638638638,0.38391928906398365,0.3381643345102541,0.8563563563563563,0.5385385385385385,0.45145145145145144,0.5911911911911918
Coma Cat - Radio Edit                                                                                                                                                             - Tensnake                                        ,0.6181181181181181,0.8668668668668669,0.0,0.7896300085574534,1.0,0.3943943943943944,0.277377207326243,0.6729639504657248,0.8208208208208209,0.5385385385385385,0.7987987987987988,0.49746831634429883
Sweet Memories                                                                                                                                                                    - CID                                             ,0.637137137137137,0.8078078078078078,0.8058058058058057,0.7260593927260593,0.0,0.12762762762762764,0.3785926487876349,0.42842842842842843,0.03203203203203203,0.5385385385385385,0.48648648648648646,0.5868948127012649
You Can't Change Me                                                                                                                                                               - Don Diablo                                      ,0.5165165165165165,0.8193193193193193,0.3383383383383384,0.972667754459662,0.0,0.48648648648648646,0.6540008940545372,0.6915653812205536,0.011011011011011011,0.5385385385385385,0.6216216216216216,0.5670109739864141
Turn Me Up                                                                                                                                                                        - MOTi                                            ,0.3253253253253253,0.7992992992992993,1.0,0.9916095897690991,1.0,0.8528528528528528,0.5915915915915916,0.5136382638469552,0.35235235235235235,0.5385385385385385,0.8228228228228228,0.5362769015217671
Innocence                                                                                                                                                                         - NERO                                            ,0.3208208208208208,0.4944944944944945,0.6341341341341341,0.6941741819585122,0.0,0.582082082082082,0.22922922922922923,0.6966966966966966,0.20520520520520522,0.5385385385385385,0.08174896478026626,0.7763069389021695
Beautiful People - Radio Edit                                                                                                                                                     - Benny Benassi                                   ,0.35435435435435436,0.6061061061061062,0.4664664664664665,0.7425198845741816,0.0,0.8778778778778779,0.4659669035839886,0.5505919699148762,0.1841841841841842,0.5385385385385385,0.6411411411411412,0.6401679662112378
Infinity                                                                                                                                                                          - Infinity Ink                                    ,0.9744697597944993,0.2867867867867868,1.0,0.3472646193287477,0.0,0.40290290290290287,0.2576247692013954,0.6724684844206756,0.12609807706129947,0.5385385385385385,0.6966966966966966,0.569545831449704
Up All Night                                                                                                                                                                      - R3HAB                                           ,0.7367367367367368,0.7932932932932932,0.27127127127127126,0.945311203549026,0.0,0.8118118118118118,0.34534534534534533,0.47529313753439384,0.7947947947947948,0.5385385385385385,0.4954954954954955,0.6040664545819187
Promises                                                                                                                                                                          - NERO                                            ,0.4274274274274274,0.8528528528528528,0.8058058058058057,0.8555186479668216,0.0,0.5765765765765766,0.1197438812020302,0.5297084844328939,0.9662272871950291,0.5385385385385385,0.42342342342342343,0.8267256296792793
D.A.N.C.E                                                                                                                                                                         - Justice                                         ,0.6166166166166166,0.9029029029029029,0.5445445445445445,0.771486562841633,0.0,0.96996996996997,0.4029666254635353,0.0,0.993049999725116,0.5385385385385385,0.5775775775775776,0.43856219275213715
So Much Love - Radio Edit                                                                                                                                                         - Fedde Le Grand                                  ,0.95995995995996,0.6256256256256256,0.16616616616616617,0.9279489485285368,1.0,0.42842842842842843,0.20322143759709344,0.4236345350089426,0.17517517517517517,0.5385385385385385,0.4934934934934935,0.6113298625885544
Devotion (feat. Tony Scott) - Extended Instrumental                                                                                                                               - Bingo Players                                   ,0.9709408437563777,0.4264264264264264,0.16616616616616617,0.47762770427395235,1.0,0.6171243941841681,0.24024024024024024,0.8168168168168168,0.9507447722136988,0.5385385385385385,0.3908908908908909,0.6138041493563438
White Noise                                                                                                                                                                       - Disclosure                                      ,0.7842842842842843,0.7277277277277278,0.8883883883883883,0.5034604180782097,0.0,0.46768982229402234,0.2847697756788666,0.4922217455550789,0.8908908908908909,0.5385385385385385,0.9079497907949786,0.5145228215767627
Where Are Ü Now (with Justin Bieber)                                                                                                                                              - Jack Ü                                          ,0.3743743743743744,0.565065065065065,0.3918918918918919,0.8897364944033106,0.0,0.5095095095095095,0.4171362663806453,0.2960203996321378,0.15665665665665668,0.5385385385385385,0.25125125125125125,0.7918651619271415
Mind (feat. Kai)                                                                                                                                                                  - Jack Ü                                          ,0.45145145145145144,0.56006006006006,0.16616616616616617,0.8290837769683386,1.0,0.7297297297297297,0.5234145831826473,0.28043945894354444,0.27576837192221804,0.5385385385385385,0.4369369369369369,0.9553497539803585
To Ü (feat. AlunaGeorge)                                                                                                                                                          - Jack Ü                                          ,0.4289289289289289,0.8173173173173174,0.8883883883883883,0.9384384384384384,0.0,0.996996996996997,0.5395395395395395,0.36236236236236236,0.7247247247247247,0.5385385385385385,0.42842842842842843,0.9032315095939929
The Giver (Reprise)                                                                                                                                                               - Duke Dumont                                     ,0.40490490490490494,0.8173173173173174,0.3918918918918919,0.8367470925341296,0.0,0.9099099099099099,0.2400810299234117,0.3445973009779787,0.8508508508508509,0.5385385385385385,0.7184394788147945,0.5541557237561286
Let's Go (feat. Ne-Yo)                                                                                                                                                            - Calvin Harris                                   ,0.7887887887887888,0.7287287287287287,0.3918918918918919,0.9666403393548261,0.0,0.5345345345345345,0.298617557494054,0.5501032963297113,0.8148148148148149,0.5385385385385385,0.9219219219219219,0.6691691691691692
Again And Again - Radio Edit                                                                                                                                                      - Basto                                           ,0.5215215215215215,0.8248248248248249,0.3918918918918919,0.9524604476681154,0.0,0.1921921921921922,0.45945945945945943,0.980980980980981,0.9421681495545131,0.5385385385385385,0.8529969558247195,0.6641641641641642
DJ Turn It Up                                                                                                                                                                     - Yellow Claw                                     ,0.944944944944945,0.44744744744744747,0.16616616616616617,0.7109970795537807,1.0,0.40290290290290287,0.22039891541482856,0.6647108598095232,0.4169169169169169,0.5385385385385385,0.4494494494494494,0.3175555817065261
Badman Riddim (Jump) (feat. Foreign Beggars) - Radio Edit                                                                                                                         - Vato Gonzalez                                   ,0.7942942942942943,0.8423423423423424,0.7217217217217218,0.7360694027360695,0.0,0.9089089089089089,0.27508854781582054,0.41287734046618263,0.8343343343343343,0.5385385385385385,0.6886886886886887,0.6929949359297185
I Follow Rivers - The Magician Remix                                                                                                                                              - Lykke Li                                        ,0.8988988988988988,0.45495495495495497,0.8058058058058057,0.6787958970901967,0.0,0.2817817817817818,0.3488875154511743,0.5078703464153369,0.17608015255074078,0.5385385385385385,0.36336336336336333,0.5446457640317047
"Hey Mama (feat. Nicki Minaj, Bebe Rexha & Afrojack)                                                                                                                             - David Guetta                                    ",0.5890890890890891,0.4904904904904905,0.8058058058058057,0.8838364539549101,1.0,0.8728728728728729,0.6226226226226226,0.0,0.8563563563563563,0.5385385385385385,0.6116116116116116,0.12602612604703006
Bang My Head (feat. Sia)                                                                                                                                                          - David Guetta                                    ,0.47347347347347346,0.537037037037037,0.8058058058058057,0.9212575544901829,0.0,0.5415415415415415,0.6236236236236237,0.0,0.9759346678732476,0.5385385385385385,0.4984984984984985,0.5685748488900446
Ti Sento                                                                                                                                                                          - Scooter                                         ,0.4069069069069069,0.9194194194194194,0.5445445445445445,0.8448448448448448,0.0,0.6096096096096096,0.32866199532866197,0.3509936975602211,0.9600194823311137,0.5385385385385385,0.5135135135135135,0.8212404769003211
Gecko (Overdrive) - Radio Edit                                                                                                                                                    - Oliver Heldens                                  ,0.6096096096096096,0.7342342342342343,0.0,0.7226056465822547,1.0,0.5725725725725725,0.28040564800599455,0.33233233233233234,0.8718718718718719,0.5385385385385385,0.8238238238238238,0.5831105786508181
The Right Song                                                                                                                                                                    - Tiësto                                          ,0.5135135135135135,0.7517517517517518,0.7217217217217218,0.93020206795717,1.0,0.7137137137137137,0.7187723014345468,0.40519480519480516,0.8523523523523524,0.5385385385385385,0.46846846846846846,0.592281056566771
Lost In Your Love                                                                                                                                                                 - Redlight                                        ,0.7802802802802802,0.7167167167167168,0.5445445445445445,0.9162104412104412,0.0,0.8013013013013013,0.43558479063051503,0.5435914841204083,0.03269936603269936,0.5385385385385385,0.9294294294294294,0.7464294930720397
Molly                                                                                                                                                                             - Cedric Gervais                                  ,0.6616616616616616,0.8153153153153153,0.8058058058058057,0.8016528925619835,0.0,0.8368368368368369,0.28317807207027873,0.552486166669043,0.6196196196196196,0.5385385385385385,0.482982982982983,0.6130464520920047
Make Me Feel                                                                                                                                                                      - Cedric Gervais                                  ,0.8093093093093093,0.8098098098098098,1.0,0.8532086401121934,0.0,0.43243243243243246,0.3203203203203203,0.7650531286894923,0.8488488488488488,0.5385385385385385,0.6476476476476476,0.6106106106106106
Say My Name (feat. Zyra) - Remix Edit                                                                                                                                             - ODESZA                                          ,0.6231231231231231,0.7572572572572573,0.5445445445445445,0.7501871950690846,0.0,0.5795795795795796,0.30739185802573615,0.0,0.972450112657532,0.5385385385385385,0.6846846846846847,0.5943424159467233
Sweet Escape                                                                                                                                                                      - Alesso                                          ,0.5530530530530531,0.6546546546546547,0.27127127127127126,0.9065732399065731,1.0,0.26476476476476474,0.47111749822311666,0.26583119991864823,0.6946946946946947,0.5385385385385385,0.6016016016016016,0.6144918126763816
Bring It Back - Edit                                                                                                                                                              - Global Deejays                                  ,0.8228228228228228,0.5855855855855856,0.4664664664664665,0.6991860041307252,0.0,0.7672672672672672,0.3303303303303303,0.33764232302600145,0.0898799155026913,0.5385385385385385,0.7862862862862863,0.6906859332823594
My Friend - Short Edit                                                                                                                                                            - Global Deejays                                  ,0.6791791791791792,0.7542542542542543,0.6341341341341341,0.7165119245807346,1.0,0.2277277277277277,0.3737147966025927,0.6841471294026039,0.36936936936936937,0.5385385385385385,0.6399733066399733,0.6666666666666666
God Complex - Edit                                                                                                                                                                - Brennan Heart                                   ,0.4574574574574575,0.7952952952952952,0.8883883883883883,0.7805557692706939,1.0,0.9208400646203552,0.5115115115115115,0.3813341148073572,0.9898684076773121,0.5385385385385385,0.17617617617617617,0.8639192088606185
Turn the Music Louder (Rumble) (feat. Tinie Tempah & Katy B) - Radio Edit                                                                                                         - KDA                                             ,0.8723723723723724,0.5735735735735735,0.4664664664664665,0.6826826826826827,0.0,0.6836836836836837,0.47300965158108027,0.0,0.14314314314314314,0.5385385385385385,0.7402311402311401,0.5574926091312982
We Can Only Live Today (Puppy)                                                                                                                                                    - Netsky                                          ,0.7237237237237237,0.592092092092092,0.0,0.9710734043944044,1.0,0.7076741440377803,0.48665918314480616,0.0,0.5880880880880881,0.5385385385385385,0.8688688688688688,0.6466466466466466
Breathe - Dimitri Vangelis & Wyman Remix                                                                                                                                          - Seeb                                            ,0.4694694694694695,0.4337242071617071,0.6341341341341341,0.9059059059059059,0.0,0.629060153547625,0.36108496556257746,0.26195314318008045,0.2736811544640726,0.5385385385385385,0.18568568568568566,0.6834516339794151
On My Mind - Radio Edit                                                                                                                                                           - Don Diablo                                      ,0.5640640640640641,0.8493493493493494,0.3383383383383384,0.9828114879585467,1.0,0.7156884245491841,0.2825062297292814,0.8083083083083084,0.9326266542193035,0.5385385385385385,0.3333333333333333,0.6078491965389374
Dynamite (feat. Taylr Renee)                                                                                                                                                      - Quintino                                        ,0.8908908908908909,0.7992992992992993,1.0,0.9689786487945441,0.0,0.582082082082082,0.2636827263505116,0.7336258556859926,0.6226226226226226,0.5385385385385385,0.29979979979979976,0.6526526526526526
Parade                                                                                                                                                                            - VINAI                                           ,0.5060060060060061,0.8078078078078078,0.8058058058058057,0.9754464832300265,0.0,0.924924924924925,0.24424424424424424,0.0,0.5880880880880881,0.5385385385385385,0.6796796796796797,0.872888361108066
Big in Japan (feat. Idoling!!!)                                                                                                                                                   - Martin Solveig                                  ,0.7922922922922924,0.8403403403403403,0.3383383383383384,0.8987831858407079,1.0,0.6764264264264264,0.5090731612470744,0.531933648396704,0.954758267509406,0.5385385385385385,0.7337337337337337,0.6540008940545355
Epic                                                                                                                                                                              - Sandro Silva                                    ,0.9049049049049049,0.8583583583583583,0.3918918918918919,0.984874910193885,0.0,0.6422019707175293,0.5965965965965966,0.8458458458458459,0.11217619868463088,0.5385385385385385,0.19269269269269268,0.6711568155418434
You Used to Hold Me                                                                                                                                                               - Calvin Harris                                   ,0.6406406406406406,0.9194194194194194,1.0,0.6557881296417991,0.0,0.38538538538538536,0.35835835835835833,0.0,0.8508508508508509,0.5385385385385385,0.2222222222222222,0.6911073346443641
First of the Year (Equinox)                                                                                                                                                       - Skrillex                                        ,0.3713713713713714,0.8648648648648649,0.4664664664664665,0.9239239239239239,0.0,0.947189960312682,0.29426354213773065,0.5723223223223223,0.16966966966966962,0.05005005005005005,0.6321419554981871,0.46584797126692007
Silenced By The Night [Alesso vs. Keane] - Alesso Remix                                                                                                                           - Keane                                           ,0.5410410410410411,0.48348348348348347,0.16616616616616617,0.42038282119665643,1.0,0.06706706706706707,0.29307999032001575,0.6151340418019596,0.21871871871871873,0.5385385385385385,0.16316316316316315,0.6566566566566566
Cry (Just A Little)                                                                                                                                                               - Bingo Players                                   ,0.986986986986987,0.27977977977977975,0.3918918918918919,0.605423806701762,0.0,0.9109109109109109,0.2958284700889586,0.4721283316201104,0.5560560560560561,0.5385385385385385,0.6446446446446447,0.6066066066066066
Strobe - Radio Edit                                                                                                                                                               - deadmau5                                        ,0.6856856856856857,0.46346346346346345,0.7217217217217218,0.5135135135135135,0.0,0.07857857857857858,0.14878318584070796,0.8208208208208209,0.6251251251251251,0.5385385385385385,0.09056969026548672,0.6736710087791661
The City                                                                                                                                                                          - Madeon                                          ,0.4724724724724725,0.6296296296296297,0.6341341341341341,0.9885373656608084,0.0,0.3818818818818819,0.23678698566115786,0.0,0.9850681013570233,0.5385385385385385,0.32432432432432434,0.5892289693227304
Flashback                                                                                                                                                                         - Calvin Harris                                   ,0.19119119119119118,0.8688688688688688,0.8058058058058057,0.7008516025234641,0.0,0.43843843843843844,0.2437351440787867,0.4788626639449662,0.2481059849028935,0.5385385385385385,0.1981981981981982,0.6548376150146066
Scary Monsters and Nice Sprites                                                                                                                                                   - Skrillex                                        ,0.48465698507123506,0.8583583583583583,0.6341341341341341,0.9421735938530437,0.0,0.7267267267267267,0.26256801413232467,0.7252865224775338,0.43843843843843844,0.5385385385385385,0.3793793793793794,0.7981676544783329
Dangerous (feat. Sam Martin)                                                                                                                                                      - David Guetta                                    ,0.4084084084084084,0.5145145145145145,0.3918918918918919,0.8028264348976235,0.0,0.6655795777479218,0.705955955955956,0.32688415884141964,0.36936936936936937,0.5385385385385385,0.5135135135135135,0.17803247722937557
I Need Air (feat. Angela Hunte)                                                                                                                                                   - Magnetic Man                                    ,0.26226226226226224,0.6486486486486487,0.5445445445445445,0.7580966950114778,0.0,0.6666666666666666,0.2141633114787477,0.6599164650012107,0.529029029029029,0.5385385385385385,0.46196196196196193,0.9823536620914483
Levels - Skrillex Remix                                                                                                                                                           - Avicii                                          ,0.6201201201201201,0.7797797797797797,0.4664664664664665,0.969931716043899,0.0,0.6456456456456456,0.2976094978341088,0.5454827348672081,0.617117117117117,0.5385385385385385,0.42492492492492495,0.7993064598886005
Paradise - Tiësto Remix                                                                                                                                                           - Coldplay                                        ,0.6631631631631631,0.4974974974974975,0.27127127127127126,0.6568701335885373,0.0,0.27627627627627627,0.3253253253253253,0.651730923470054,0.16116116116116116,0.5385385385385385,0.7197197197197197,0.7126584309321355
City Of Dreams - Radio Edit                                                                                                                                                       - Dirty South                                     ,0.4209209209209209,0.6186186186186187,0.3918918918918919,0.7706022937048328,1.0,0.22322322322322322,0.2552541077569736,0.5511364165591052,0.9391680371996851,0.5385385385385385,0.2057057057057057,0.6437802907916007
Five Hours                                                                                                                                                                        - Deorro                                          ,0.9784784784784785,0.6226226226226226,0.4664664664664665,0.9796938532104744,0.0,0.8058058058058057,0.35487302655352443,0.7540530003687899,0.7457457457457457,0.5385385385385385,0.6546546546546547,0.6397325720120282
Freak                                                                                                                                                                             - R3HAB                                           ,0.7562562562562563,0.7102102102102101,1.0,0.8818189253291896,0.0,0.9419419419419419,0.5548706240487061,0.0,0.5665665665665666,0.5385385385385385,0.6676676676676676,0.6035195697466521
Happy Violence                                                                                                                                                                    - Dada Life                                       ,0.5615615615615616,0.5,0.0,0.6923360215885989,0.0,0.5045045045045045,0.23123123123123124,0.42986312759040035,0.516016016016016,0.5385385385385385,0.4114114114114114,0.6576576576576576
Rage Valley                                                                                                                                                                       - Knife Party                                     ,0.3763763763763764,0.9029029029029029,0.3383383383383384,0.9679315602343725,0.0,0.8253253253253253,0.18841402377987743,0.7757757757757757,0.35235235235235235,0.5385385385385385,0.2862862862862863,0.6838365024214753
Only For Tonight (feat. Sasha Keable)                                                                                                                                             - DJ Zinc                                         ,0.7637637637637638,0.7847847847847848,0.8058058058058057,0.6426426426426426,1.0,0.46396396396396394,0.29537735196045434,0.7108296146137651,0.9079079079079079,0.5385385385385385,0.5455455455455456,0.6504944375772533
Barricade - Bonus Track                                                                                                                                                           - Axwell                                          ,0.8178178178178178,0.8888888888888888,0.5445445445445445,0.8608787346221441,1.0,0.7417417417417418,0.21135606254806458,0.6020147707225203,0.21171171171171171,0.5385385385385385,0.08310640769496888,0.6625463535228674
"Here We Go (Hey Boy, Hey Girl)                                                                                                                                                  - Dimitri Vegas & Like Mike                       ",0.5710710710710711,0.9474474474474475,0.7217217217217218,0.910939338482618,1.0,0.26626626626626626,0.2321203176948898,0.9004004004004005,0.06806806806806806,0.5385385385385385,0.32932932932932935,0.6143542800123752
The End - Radio Edit                                                                                                                                                              - Stefano Noferini                                ,0.8773773773773774,0.5315315315315315,0.4664664664664665,0.3333576190302721,0.0,0.15165165165165165,0.2022022022022022,0.6312775894967676,0.6706706706706707,0.5385385385385385,0.4754754754754755,0.5881597946414252
Born Again (Babylonia)                                                                                                                                                            - Sunnery James & Ryan Marciano                   ,0.6656656656656657,0.5795795795795796,1.0,0.5471260815822003,0.0,0.1991991991991992,0.537037037037037,0.4229786732915644,0.9628690602764374,0.5385385385385385,0.5175175175175175,0.6160592771813092
Till The Sun Comes Up                                                                                                                                                             - Firebeatz                                       ,0.6791791791791792,0.587087087087087,0.27127127127127126,0.5808528732839267,0.0,0.2102102102102102,0.3741618238712562,0.0,0.6836836836836837,0.5385385385385385,0.5055055055055055,0.5684933566785616
Marrakech                                                                                                                                                                         - R3HAB                                           ,0.6491491491491492,0.7847847847847848,0.3918918918918919,0.6796796796796797,0.0,0.8988988988988988,0.3183183183183183,0.6761112257295464,0.8788788788788788,0.5385385385385385,0.17717717717717718,0.7016733929519214
Rude - Zedd Remix                                                                                                                                                                 - MAGIC!                                          ,0.5925925925925926,0.6486486486486487,0.16616616616616617,0.9841224144162223,1.0,0.3758758758758759,0.39867997493896773,0.27695817194623873,0.13513513513513514,0.5385385385385385,0.4209209209209209,0.7116810877626729
Sky and Sand                                                                                                                                                                      - Paul Kalkbrenner                                ,0.9064064064064064,0.1770297826635855,0.8883883883883883,0.19501954674502928,0.0,0.5320320320320321,0.7625086331566637,0.8478478478478478,0.6891891891891893,0.5385385385385385,0.6123193256951219,0.6286286286286287
Every Day                                                                                                                                                                         - Eric Prydz                                      ,0.642142142142142,0.6106106106106106,0.6341341341341341,0.594225272915412,0.0,0.39039039039039036,0.21318746303962152,0.6664846664846668,0.6481481481481481,0.5385385385385385,0.01901901901901902,0.6066066066066066
Million Voices - Radio Edit                                                                                                                                                       - Otto Knows                                      ,0.5695695695695696,0.7557557557557557,0.7217217217217218,0.6183450324452577,1.0,0.29979979979979976,0.24624624624624625,0.5825092707045736,0.09450726978998382,0.5385385385385385,0.09585209736610191,0.6042930321280834
Forever (feat. will.i.am) - Radio Edit                                                                                                                                            - Wolfgang Gartner                                ,0.6286286286286287,0.6931931931931932,0.16616616616616617,0.9919803846184214,1.0,0.5485485485485485,0.2800375984541217,0.0,0.8368328448089166,0.5385385385385385,0.6526526526526526,0.6422645708089926
Perfect Storm - Original                                                                                                                                                          - Pink Is Punk                                    ,0.8448448448448449,0.6026026026026026,0.0,0.9768029216838097,1.0,0.5265265265265265,0.2748524203069658,0.6026026026026026,0.21171171171171171,0.5385385385385385,0.3813813813813814,0.6422645708089926
Bambola - Radio Version                                                                                                                                                           - Tuccillo                                        ,0.9990495300454114,0.3683683683683684,0.6341341341341341,0.29686415546722184,1.0,0.4369369369369369,0.46609179430460806,0.6076020378325184,0.36936936936936937,0.5385385385385385,0.7487487487487487,0.5438179072898783
Booyah - Radio Edit                                                                                                                                                               - Showtek                                         ,0.5335335335335335,0.7932932932932932,1.0,0.9603623621057283,1.0,0.5585585585585585,0.4273973002128342,0.3356311058174412,0.7357357357357357,0.5385385385385385,0.24824824824824826,0.6674174174174173
Through the Night - Radio Edit                                                                                                                                                    - Cedric Gervais                                  ,0.8478478478478478,0.8888888888888888,1.0,0.9886898179650161,0.0,0.2932932932932933,0.5323101777059773,0.36338233507471757,0.12912912912912913,0.5385385385385385,0.9674674674674675,0.5889885558114915
Never Be Like You                                                                                                                                                                 - Flume                                           ,0.5015015015015015,0.3383383383383383,0.0,0.856330263913202,1.0,0.47147147147147145,0.7148504059615172,0.0,0.5560560560560561,0.5385385385385385,0.32932932932932935,0.5065042996509919
Rolling Stone                                                                                                                                                                     - Laidback Luke                                   ,0.7747747747747747,0.6631631631631631,0.5445445445445445,0.8145736097543326,1.0,0.44844844844844844,0.535035035035035,0.37686347273437926,0.5540540540540541,0.5385385385385385,0.8503503503503503,0.6155944168137326
Euphoria                                                                                                                                                                          - Usher                                           ,0.5865865865865866,0.5510510510510511,0.16616616616616617,0.6302461549919934,1.0,0.35485485485485485,0.5295295295295295,0.3666147727912895,0.1941941941941942,0.5385385385385385,0.5055055055055055,0.6414951245937157
Wanna Die For You                                                                                                                                                                 - Netsky                                          ,0.478978978978979,0.8108108108108109,1.0,0.9719719719719719,1.0,0.12262262262262262,0.2682682682682683,0.630602581565804,0.20520520520520522,0.5385385385385385,0.3883883883883884,0.8153430293257253
Like Home - Stadiumx Remix                                                                                                                                                        - Nicky Romero                                    ,0.7747747747747747,0.8248248248248249,0.8883883883883883,0.7955121036060984,0.0,0.7164629096101177,0.3883883883883884,0.7277509034565804,0.1726532875480107,0.5385385385385385,0.25325325325325326,0.5692657403267254
Dynasty (feat. Haley)                                                                                                                                                             - Kaskade                                         ,0.6251251251251251,0.5705705705705706,0.27127127127127126,0.9461871590504273,0.0,0.2017017017017017,0.3283283283283283,0.0,0.5595595595595595,0.5385385385385385,0.8348348348348348,0.6719919374786576
No Worries                                                                                                                                                                        - Disciples                                       ,0.7732732732732732,0.637137137137137,0.7217217217217218,0.8931440416002407,0.0,0.37987987987987987,0.4700825332127393,0.5249136950278176,0.27927927927927926,0.5385385385385385,0.7099850213057759,0.5305102009699653
Teenage Crime - Radio Edit                                                                                                                                                        - Adrian Lux                                      ,0.6811811811811812,0.6616616616616616,0.27127127127127126,0.8073312472060794,1.0,0.19569569569569567,0.35304200752476633,0.7608382969566606,0.3433433433433434,0.5385385385385385,0.4034034034034034,0.6686686686686687
Tomorrow (Give It To The Night/The Tomorrowland Anthem) - Vocal Club Mix                                                                                                          - Dimitri Vegas & Like Mike                       ,0.9519519519519519,0.34734734734734735,0.27127127127127126,0.8176711814965452,0.0,0.6987059931743601,0.2601692601692602,0.6047815334077805,0.13313313313313313,0.5385385385385385,0.035035035035035036,0.6276941739496804
What You Do                                                                                                                                                                       - R3HAB                                           ,0.6681681681681682,0.7542542542542543,0.0,0.9358800721552182,0.0,0.6548667010205471,0.47598289306087926,0.4151121605667061,0.8808808808808809,0.5385385385385385,0.27127127127127126,0.6385775661626117
"Can You Hear Me? (ayayaya) (feat. Skepta, JME & Ms D)                                                                                                                           - Wiley                                           ",0.8573573573573574,0.8248248248248249,0.5445445445445445,0.9430166746745587,0.0,0.6066066066066066,0.5855855855855856,0.3815547847378086,0.3433433433433434,0.5385385385385385,0.8078078078078078,0.705456301848637
What A Feeling - Radio Edit                                                                                                                                                       - Alex Gaudino                                    ,0.6976976976976977,0.7972972972972974,0.27127127127127126,0.9007821472610206,1.0,0.7179067008543254,0.20887248539344414,0.3879435798378274,0.11711711711711711,0.5385385385385385,0.8758758758758759,0.6816867833235566
Euphoria - Single Version                                                                                                                                                         - Loreen                                          ,0.5390390390390389,0.5685685685685686,1.0,0.8167008687107415,0.0,0.32432432432432434,0.5410410410410411,0.3391720190386301,0.7987987987987988,0.5385385385385385,0.47347347347347346,0.7325859799462281
Can't Erase                                                                                                                                                                       - Nause                                           ,0.5440440440440439,0.4214214214214214,0.7217217217217218,0.6454331988974209,0.0,0.3868868868868869,0.37024793388429744,0.32372139929918603,0.35235235235235235,0.5385385385385385,0.3163163163163163,0.629649050526237
Overdose - Original Mix                                                                                                                                                           - Wolfgang Gartner                                ,0.5105105105105106,0.6426426426426426,0.7217217217217218,0.8964225896298792,1.0,0.3993993993993994,0.1965532821939776,0.0,0.974974974974975,0.5385385385385385,0.5985985985985985,0.6437802907916007
Inner City Life - 2017 Rebuild                                                                                                                                                    - Goldie                                          ,0.5105105105105106,0.7212212212212212,1.0,0.7177820796460176,0.0,0.6366366366366366,0.2728841456507943,0.6236205532731505,0.10557362474295379,0.5385385385385385,0.08087367178276268,0.8840567275349882
The Burial                                                                                                                                                                        - Leviticus                                       ,0.8538538538538538,0.2677677677677678,0.0,0.1792915282651353,1.0,0.9779779779779779,0.44731187266886097,0.7298251243381999,0.5505505505505506,0.5385385385385385,0.4975869214702392,0.8837387844023177
Code Red - 94 Remix                                                                                                                                                               - Conquering Lion                                 ,0.6961961961961962,0.8218218218218218,0.6341341341341341,0.405988798158371,1.0,0.9329329329329329,0.6160807109360165,0.5212579474572094,0.9436102769436103,0.5385385385385385,0.7257257257257257,0.9177964511779888
Incredible                                                                                                                                                                        - M-Beat                                          ,0.9264264264264264,0.7652652652652652,0.3918918918918919,0.2599260394204214,1.0,0.7942942942942943,0.6036036036036035,0.2832832832832833,0.05105105105105105,0.5385385385385385,0.968355414694043,0.9160807751377517
Original Nuttah                                                                                                                                                                   - SHY FX                                          ,0.8898898898898899,0.5530530530530531,0.5445445445445445,0.25143112644502613,1.0,0.7517517517517518,0.36481700118063753,0.3756495110872843,0.3433433433433434,1.0,0.7757757757757757,0.44283566367509464
The Helicopter Tune                                                                                                                                                               - Deep blue                                       ,0.535035035035035,0.9409409409409409,0.3918918918918919,0.5775627506118836,0.0,0.31731731731731727,0.25314687946999925,0.8478478478478478,0.7597597597597597,0.5385385385385385,0.4975869214702392,0.7523461122982307
Mutant Jazz                                                                                                                                                                       - T-Power Vs. MK Ultra                            ,0.6491491491491492,0.46046046046046046,0.8883883883883883,0.3527208636263494,0.0,0.6786786786786787,0.2762720630135572,0.753725640045854,0.4169169169169169,0.5385385385385385,0.93993993993994,0.9222505323954895
Pulp Fiction                                                                                                                                                                      - Alex Reece                                      ,0.8523523523523524,0.3781850692892266,0.0,0.44066288510732965,1.0,0.9713902548055431,0.3477911999882706,0.8443443443443444,0.08757465412755515,0.5385385385385385,0.06190581206206207,0.8999427535141823
Super Sharp Shooter                                                                                                                                                               - The Ganja Kru                                   ,0.7187187187187187,0.522053153632101,0.27127127127127126,0.291377456251833,1.0,0.9454821240535527,0.35060230298325534,0.6058315844631168,0.9502605107124881,0.5385385385385385,0.53003003003003,0.912585557358464
Warhead - Steppa Mix                                                                                                                                                              - Krust                                           ,0.92992992992993,0.495995995995996,0.8883883883883883,0.7937937937937938,0.0,0.9721878862793571,0.159907443455586,0.9574574574574575,0.022222222222222213,0.5385385385385385,0.7337337337337337,0.9282957405439006
Terrorist - P.A. Mix                                                                                                                                                              - Renegade                                        ,0.637137137137137,0.5215215215215215,0.4664664664664665,0.5782523825927203,1.0,0.5875875875875876,0.24834861880794035,0.8935030210197996,0.6481481481481481,0.5385385385385385,0.45945945945945943,0.9155854868446803
Valley of the Shadows - Chase & Status Remix                                                                                                                                      - Origin Unknown                                  ,0.474974974974975,0.8323323323323324,0.3918918918918919,0.7612549258118876,1.0,0.38538538538538536,0.407527703477264,0.7927927927927928,0.9685522619393585,0.5385385385385385,0.4079079079079079,0.9545478957476576
Brown Paper Bag                                                                                                                                                                   - Roni Size                                       ,0.4874874874874875,0.8558558558558558,1.0,0.9070321887911464,1.0,0.6896896896896897,0.13424010562780234,0.8398398398398398,0.9239239239239239,0.5385385385385385,0.5685685685685685,0.9278798955507059
LK Feat. Stamina MC (Carol Carolina Bela)                                                                                                                                         - DJ Marky                                        ,0.6891891891891893,0.8278278278278278,0.7217217217217218,0.5985881597946414,0.0,0.6025810335310828,0.32599444543238454,0.7102148284385884,0.7177177177177178,0.5385385385385385,0.991991991991992,0.9526874403066717
Body Rock                                                                                                                                                                         - Andy C                                          ,0.4974974974974975,0.8053053053053053,0.5445445445445445,0.47796801395576277,0.0,0.6626626626626626,0.40385417568574594,0.758554301592535,0.3353353353353353,0.5385385385385385,0.5065065065065065,0.9475115949112392
Racing Green                                                                                                                                                                      - High Contrast                                   ,0.3893893893893894,0.9504504504504505,0.6341341341341341,0.8142479829226817,1.0,0.3358358358358358,0.18564729239405764,0.6920427741960802,0.7907907907907907,0.5385385385385385,0.6906906906906907,0.9470014354499676
Barcelona (In the Style of D Kay & Epsilon & Stamina Mc) [Karaoke Version]                                                                                                        - Ameritz - Karaoke                               ,0.7707707707707707,0.9904904904904905,0.16616616616616617,0.5955955955955956,0.0,0.7572572572572572,0.6656656656656657,0.7787787787787788,0.0031078042958495944,0.5385385385385385,0.9319319319319319,0.9480592929995533
Hide U                                                                                                                                                                            - Kosheen                                         ,0.7257257257257257,0.4114114114114114,0.7217217217217218,0.7345985024879953,1.0,0.5145145145145145,0.3280780780780781,0.637566505446907,0.4074074074074074,0.5385385385385385,0.43243243243243246,0.9311014816008234
Walk This Land                                                                                                                                                                    - E-Z Rollers                                     ,0.7187187187187187,0.6721721721721721,0.16616616616616617,0.77074104769401,1.0,0.40290290290290287,0.3165165165165165,0.8458458458458459,0.8343343343343343,0.5385385385385385,0.9705112008560285,0.9113280848901232
Casino Royale                                                                                                                                                                     - DJ Zinc                                         ,0.5215215215215215,0.9054054054054055,0.7217217217217218,0.7161023403087708,1.0,0.3913913913913914,0.29205546350396794,0.93993993993994,0.2222222222222222,0.5385385385385385,0.8968968968968969,0.9409417626107253
Chopper - Shy FX Remix                                                                                                                                                            - Ray Keith                                       ,0.7977977977977978,0.9384384384384384,0.8058058058058057,0.5246153434435573,1.0,0.7067296340023614,0.4064064064064064,0.8613613613613613,0.632132132132132,0.5385385385385385,0.9854854854854855,0.9281375601183119
Together                                                                                                                                                                          - Logistics                                       ,0.4184184184184184,0.9109109109109109,0.16616616616616617,0.7474969188039209,0.0,0.6751751751751751,0.2743801652892562,0.8521809369951533,0.7727727727727728,0.5385385385385385,0.3933933933933934,0.9520451176680099
Nasty Ways (feat. Lorreia Loushy)                                                                                                                                                 - Dillinja                                        ,0.6566566566566566,0.7777777777777778,1.0,0.7126695297722738,0.0,0.9379379379379379,0.34600483094657636,0.6542941643878918,0.96887484258452,0.5385385385385385,0.2247247247247247,0.9371507951763997
Pacman - Ram Trilogy Remix                                                                                                                                                        - Ed Rush                                         ,0.6441441441441442,0.5460460460460461,0.0,0.22787105212651051,1.0,0.46768982229402234,0.5385385385385385,0.7890031291908808,0.9967995531977275,0.5385385385385385,0.2222222222222222,0.13359053248197889
Feel the Love (feat. John Newman) - Fred V & Grafix Remix                                                                                                                         - Rudimental                                      ,0.44594594594594594,0.7557557557557557,0.5445445445445445,0.9231584525702172,1.0,0.7352785085248382,0.2635429053214288,0.628268891384566,0.7062062062062062,0.5385385385385385,0.9256971256971256,0.95300636302167
Blind Faith - Loadstar Remix                                                                                                                                                      - Chase & Status                                  ,0.43043043043043044,0.8468468468468469,0.0,0.8037344526947722,1.0,0.4124124124124124,0.21218918226095873,0.6026026026026026,0.5025025025025025,0.05005005005005005,0.10735421872424133,0.46365318612821227
Propane Nightmares                                                                                                                                                                - Pendulum                                        ,0.3038038038038038,0.9139139139139139,0.6341341341341341,0.8793235650900301,0.0,0.6816816816816816,0.183202707516922,0.653933674121129,0.6871871871871872,0.5385385385385385,0.2727727727727728,0.9521735821957419
Tidal Wave                                                                                                                                                                        - Sub Focus                                       ,0.474974974974975,0.7032032032032032,0.4664664664664665,0.746279429494177,1.0,0.2932932932932933,0.4257590924257591,0.25656148407931323,0.972450112657532,0.5385385385385385,0.5993660583069639,0.9514089282376426
Through The Night - Radio Edit                                                                                                                                                    - Drumsound                                       ,0.30930930930930933,0.7477477477477478,0.8883883883883883,0.8825568797399783,0.0,0.11311311311311312,0.20062749478501138,0.49940968122786306,0.973973973973974,0.5385385385385385,0.35235235235235235,0.956925119959584
Ghosts n Stuff - Sub Focus Remix                                                                                                                                                  - deadmau5                                        ,0.3966037466037465,0.6281281281281281,0.4664664664664665,0.8523982999392836,0.0,0.22322322322322322,0.1809784236791536,0.7222264448070901,0.12394234759062724,0.5385385385385385,0.3588588588588588,0.954525897903447
Garden - Calibre Remix                                                                                                                                                            - Totally Enormous Extinct Dinosaurs              ,0.8178178178178178,0.18507031621785716,0.0,0.3755694331020121,0.0,0.8368368368368369,0.43377684002684,0.8948948948948949,0.49199199199199195,0.5385385385385385,0.8188188188188188,0.953953953953954
Tonight - Cutline Remix                                                                                                                                                           - Danny Byrd                                      ,0.39039039039039036,0.6546546546546547,0.0,0.6906783204361059,0.0,0.4444444444444444,0.1929830236105603,0.48141244692968843,0.8293057208151549,0.05005005005005005,0.17717717717717718,0.9514089282376426
Refuse to Love                                                                                                                                                                    - Loadstar                                        ,0.3363363363363363,0.8378378378378378,0.8058058058058057,0.9247447291770776,0.0,0.36686686686686687,0.16616616616616617,0.5371490673332022,0.9603329947148528,0.5385385385385385,0.08408408408408408,0.947045163403791
I Refuse - Shock One Remix                                                                                                                                                        - Netsky                                          ,0.48598598598598597,0.5955955955955956,0.8883883883883883,0.3561290319644491,0.0,0.4069069069069069,0.18505974614855697,0.8868868868868869,0.8938938938938938,0.5385385385385385,0.36536536536536535,0.9588193269040448
Lift Me Up                                                                                                                                                                        - J Majik & Wickaman feat. Kate Loveridge         ,0.1931931931931932,0.8913913913913913,0.27127127127127126,0.9967092367630659,0.0,0.5795795795795796,0.11480283395917673,0.5566412088974955,0.8808808808808809,0.5385385385385385,0.23423423423423423,0.9502767336064636
The Strangest Secret In The World                                                                                                                                                 - London Elektricity                              ,0.4109109109109109,0.8968968968968969,0.6341341341341341,0.5395467008000989,1.0,0.30680680680680683,0.17274412855377008,0.8178178178178178,0.9385043263288009,0.5385385385385385,0.41004184100418395,0.9471617712806529
Major Happy                                                                                                                                                                       - Fred V & Grafix                                 ,0.3691508409818269,0.6706706706706707,0.27127127127127126,0.9620013782713914,1.0,0.24874874874874875,0.24250295159386068,0.5815822002472187,0.3433433433433434,0.5385385385385385,0.11767456078833323,0.9543939108381794
Need To Know                                                                                                                                                                      - Wilkinson                                       ,0.48465698507123506,0.6776776776776776,0.3918918918918919,0.9969999416973963,0.0,0.9539564527083249,0.2971828002541834,0.5375375375375375,0.6026026026026026,0.5385385385385385,0.6966966966966966,0.9524947435150732
Tear You Down - Original Mix                                                                                                                                                      - Brookes Brothers                                ,0.47097097097097096,0.7872872872872874,0.5445445445445445,0.8745788417191614,1.0,0.6046046046046046,0.08848674663998829,0.6983372921615201,0.6791791791791792,0.5385385385385385,0.49149149149149146,0.1324440762153422
Hot Right Now - Radio Edit                                                                                                                                                        - DJ Fresh                                        ,0.478978978978979,0.9274274274274275,0.3918918918918919,0.994994994994995,0.0,0.3288288288288288,0.29144501613325197,0.46046046046046046,0.7342342342342343,0.5385385385385385,0.5565565565565566,0.958623703648352
Valley of the Shadows                                                                                                                                                             - Origin Unknown                                  ,0.6891891891891893,0.549049049049049,0.5445445445445445,0.2985196001856873,1.0,0.5215215215215215,0.4276473818259811,0.8548548548548548,0.9395539885698125,0.5385385385385385,0.6066066066066066,0.899868000452062
Signal                                                                                                                                                                            - Fresh                                           ,0.3113113113113113,0.7572572572572573,0.7217217217217218,0.7617325947872878,0.0,0.7300709102142059,0.25506304929308365,0.7787787787787788,0.8343343343343343,0.05005005005005005,0.14564564564564564,0.4360491179176573
The Nine - Remastered                                                                                                                                                             - Bad Company UK                                  ,0.6201201201201201,0.37237237237237236,0.6341341341341341,0.5804675523132249,1.0,0.6571300849351813,0.3729909928487101,0.8498498498498498,0.8673673673673674,0.5385385385385385,0.14714714714714713,0.9528801370982701
Dream Land                                                                                                                                                                        - Bunny Wailer                                    ,0.8723723723723724,0.25766625521226744,0.5445445445445445,0.1907903206613345,1.0,0.9772272272272272,0.6818003413748097,0.5535316829434477,0.0232599337076949,0.5385385385385385,0.9777808841479253,0.03103329890751297
Lips of Wine                                                                                                                                                                      - Dennis Brown                                    ,0.9676221865018546,0.24524524524524524,0.4664664664664665,0.30272385046254396,1.0,0.2922922922922923,0.5271966527196659,0.4461399448147833,0.19469469469469472,0.5385385385385385,0.958958958958959,0.3560599769926385
Take Five                                                                                                                                                                         - King Tubby                                      ,0.7997997997997998,0.18174647230611052,0.7217217217217218,0.2720903800656321,1.0,0.7757757757757757,0.7349953550109922,0.9769769769769769,0.5025025025025025,0.5385385385385385,0.5685685685685685,0.8967849477450254
"The Harder They Come - From ""The Harder They Come"" Soundtrack                                                                                                                 - Jimmy Cliff                                     ",0.7377377377377378,0.33683683683683685,0.16616616616616617,0.43543543543543545,1.0,0.6276255903121575,0.7762907894124482,0.0,0.5910910910910911,0.5385385385385385,0.8468468468468469,0.32431579122285187
Mellow Mood                                                                                                                                                                       - Bunny Wailer                                    ,0.8343343343343343,0.31824582242409544,0.0,0.202364172190463,1.0,0.8808808808808809,0.4084809043026313,0.6250237200084213,0.03269936603269936,0.5385385385385385,0.7507507507507507,0.08594488745865493
Fu Man Chu                                                                                                                                                                        - Desmond Dekker                                  ,0.8678678678678678,0.2035541195476575,0.6341341341341341,0.3058770631842478,1.0,0.6946946946946947,0.7372372372372373,0.44274166113427904,0.8063063063063063,0.5385385385385385,0.7472472472472473,0.11008245180086243
My Conversation                                                                                                                                                                   - The Uniques                                     ,0.6961961961961962,0.1833631661217868,0.16616616616616617,0.1722001846450388,1.0,0.41491491491491495,0.6236236236236237,0.5361281066111002,0.9376723211752014,0.5385385385385385,0.5905905905905906,0.12168518344263245
Sister Big Stuff                                                                                                                                                                  - John Holt                                       ,0.8788788788788788,0.21421421421421422,0.7217217217217218,0.4530216745242652,1.0,0.8428428428428428,0.7530864197530864,0.2871759807582837,0.19858532565714884,0.5385385385385385,0.958958958958959,0.10547785081999478
"Get Up, Stand Up                                                                                                                                                                - Peter Tosh                                      ",0.986986986986987,0.4924924924924925,0.4664664664664665,0.4690998596204365,1.0,0.6025810335310828,0.3190781967377711,0.4505967505967506,0.02039539539539539,0.5385385385385385,0.9834834834834835,0.7865275994951936
Fighting Against Conviction                                                                                                                                                       - Bunny Wailer                                    ,0.8093093093093093,0.20457863878916507,0.16616616616616617,0.19734189575829075,0.0,0.965965965965966,0.665331998665332,0.6016228828024655,0.027666691081325228,0.5385385385385385,0.8483483483483483,0.8649579552042036
"Having A Party                                                                                                                                                                    - Lee ""Scratch"" Perry                         ",0.8293293293293293,0.5290290290290289,0.4664664664664665,0.6031012593303283,0.0,0.7672672672672672,0.6996996996996997,0.3820308780520982,0.16750083416750083,0.5385385385385385,0.8483483483483483,0.18313778572582498
Swing Easy                                                                                                                                                                        - The Skatalites                                  ,0.6566566566566566,0.2528841133492296,0.27127127127127126,0.26685916081045696,0.0,0.8223223223223224,0.515015015015015,0.6243729256565904,0.5630630630630631,0.5385385385385385,0.9179179179179179,0.11615269960804374
Funky Kingston                                                                                                                                                                    - Toots & The Maytals                             ,0.8753753753753755,0.2641904769860264,0.16616616616616617,0.34197319270490006,0.0,0.4974974974974975,0.6222110999888777,0.5026522031013049,0.006379063521920662,0.5385385385385385,0.978978978978979,0.28928777326918814
Handsworth Revolution                                                                                                                                                             - Steel Pulse                                     ,0.994683904623242,0.2062062062062062,0.8883883883883883,0.14623607728128674,1.0,0.7417417417417418,0.5085085085085085,0.4244244244244244,0.13634331694233345,0.5385385385385385,0.7747747747747747,0.49145067292042205
The Loser                                                                                                                                                                         - Derrick Harriott                                ,0.5515515515515516,0.1937937937937938,0.8883883883883883,0.32354211311100073,1.0,0.16016016016016016,0.6696284329563811,0.4274274274274274,0.06006006006006006,0.5385385385385385,0.8513513513513513,0.9669130285801131
"Rudy, a Message to You                                                                                                                                                          - Dandy                                           ",0.994061723879736,0.1823238566131026,0.8058058058058057,0.25337142921412575,0.0,0.8223223223223224,0.44749596122778645,0.6856856856856857,0.496996996996997,0.5385385385385385,0.9687428614201181,0.3782556965104413
Could You Be Loved                                                                                                                                                                - Bob Marley & The Wailers                        ,0.9908343984447961,0.4924924924924925,0.0,0.39325258798646573,1.0,0.7097097097097097,0.6818003413748097,0.40129500161365417,0.15965965965965967,0.5385385385385385,0.8388388388388388,0.33325504931892896
"The Upsetter                                                                                                                                                                      - Lee ""Scratch"" Perry                         ",0.9763075547608404,0.23123123123123124,0.16616616616616617,0.3863863863863864,1.0,0.5465465465465466,0.7734555996761527,0.6908075183937252,0.26076076076076077,0.5385385385385385,0.6946946946946947,0.06387630090887023
Broadway Jungle - 2000 Version                                                                                                                                                    - Toots & The Maytals                             ,0.8798798798798799,0.5580580580580581,0.6341341341341341,0.5991767983566461,1.0,0.27877877877877877,0.6236236236236237,0.5391476639585913,0.3433433433433434,0.5385385385385385,0.8858858858858859,0.48614808464558057
Blackbird Singing                                                                                                                                                                 - The Paragons                                    ,0.8998998998998999,0.34534534534534533,0.6341341341341341,0.7140473807140474,1.0,0.9219219219219219,0.670987930263746,0.35872606180821603,0.07307307307307308,0.5385385385385385,0.914914914914915,0.8476255610059376
Cool Breeze                                                                                                                                                                       - Big Youth                                       ,0.93993993993994,0.35835835835835833,0.7217217217217218,0.7183351769911503,1.0,0.9079079079079079,0.6306306306306306,0.33233233233233234,0.36936936936936937,0.5385385385385385,0.7387387387387387,0.10921121505956455
Don't Give Up                                                                                                                                                                     - Barrington Levy                                 ,0.9459459459459459,0.24124124124124124,0.8058058058058057,0.2657598948380643,1.0,0.7358731788783606,0.44644644644644643,0.3424914364095168,0.09309309309309309,0.5385385385385385,0.8952285618952286,0.8074593886105135
Waiting In Vain                                                                                                                                                                   - Bob Marley & The Wailers                        ,0.9522856189522856,0.23223223223223222,0.7217217217217218,0.23978204970884961,1.0,0.978978978978979,0.37096798290828137,0.3558697650514017,0.44494494494494496,0.5385385385385385,0.8758758758758759,0.06704990704990722
Let Down                                                                                                                                                                          - Easy Star All-Stars                             ,0.8413413413413413,0.3308308308308308,0.8058058058058057,0.6196196196196196,1.0,0.25875875875875876,0.5258481421647817,0.3561768432027913,0.18018018018018017,0.5385385385385385,0.9469469469469469,0.4399032409285535
What Does It Take (To Win Your Love)                                                                                                                                              - Alton Ellis                                     ,0.9209209209209209,0.3133133133133133,0.4664664664664665,0.39466695031158255,1.0,0.31931931931931934,0.4927535209445938,0.47752955165022876,0.9162495829162496,0.5385385385385385,0.9129129129129129,0.4717489733620694
54-46 Was My Number                                                                                                                                                               - The Maytals                                     ,0.7772772772772774,0.1873044255699598,0.0,0.46022524000863346,1.0,0.8863863863863863,0.5990165400089407,0.3270923042656894,0.08441775108441771,0.5385385385385385,0.7167167167167167,0.8968571557502937
Uptown Top Ranking - Remastered 2001                                                                                                                                              - Althea And Donna                                ,0.9819819819819819,0.27877877877877877,0.6341341341341341,0.439283676199564,1.0,0.9019019019019019,0.43360513673013673,0.48141244692968843,0.7122122122122122,0.5385385385385385,0.8518518518518519,0.10016296958335588
Your House                                                                                                                                                                        - Steel Pulse                                     ,0.7842842842842843,0.47597597597597596,0.8883883883883883,0.3678599367607711,0.0,0.7069657615112162,0.45085085085085086,0.2964423167182953,0.8988988988988988,0.5385385385385385,0.991991991991992,0.8810115512152966
Reggae Merengue                                                                                                                                                                   - Tommy McCook                                    ,0.8448448448448449,0.33683683683683685,0.4664664664664665,0.4742907173186057,1.0,0.2327327327327327,0.8788788788788788,0.7971304637971305,0.5880880880880881,0.5385385385385385,0.9469469469469469,0.14759482303421162
Book of Rules                                                                                                                                                                     - The Heptones                                    ,0.9119119119119119,0.35035035035035034,0.5445445445445445,0.26082040635542786,1.0,0.5135135135135135,0.6380148083204853,0.6566566566566566,0.36036036036036034,0.5385385385385385,0.9629629629629629,0.8157337633474946
"Take Me Home, Country Roads                                                                                                                                                     - Toots & The Maytals                             ",0.7902902902902902,0.2222222222222222,0.7217217217217218,0.22375890131517892,1.0,0.5476674912798263,0.7232232232232232,0.5272112382934443,0.47047047047047047,0.5385385385385385,0.9634634634634635,0.13413353930542316
Jamming                                                                                                                                                                           - Bob Marley & The Wailers                        ,0.9961568020717743,0.22075497957850904,1.0,0.21584579687253772,0.0,0.9769769769769769,0.5595595595595596,0.380389728658354,0.521021021021021,0.5385385385385385,0.7947947947947948,0.5654824379960776
Morning Sun                                                                                                                                                                       - Al Barry                                        ,0.6961961961961962,0.20520520520520522,0.8058058058058057,0.21865919740320935,1.0,0.6425420489355195,0.7043618739903068,0.4300697391606483,0.5325325325325325,0.5385385385385385,0.953953953953954,0.4404208265150271
007 (Shanty Town)                                                                                                                                                                 - Desmond Dekker                                  ,0.968355414694043,0.32432432432432434,0.8058058058058057,0.5646821839482391,1.0,0.7114614614614614,0.46521640837826533,0.6573239906573239,0.6601601601601601,0.5385385385385385,0.9029029029029029,0.31240904073593195
Ba Ba Boom                                                                                                                                                                        - The Jamaicans                                   ,0.7352352352352352,0.2092092092092092,0.3383383383383384,0.2890857079986798,1.0,0.29979979979979976,0.7372372372372373,0.4350678784641049,0.6996996996996997,0.5385385385385385,0.47997997997998,0.8738868425856986
Inglan Is A Bitch                                                                                                                                                                 - Linton Kwesi Johnson                            ,0.980980980980981,0.22522522522522523,0.6341341341341341,0.2682571217453264,1.0,0.9940373943164734,0.6236236236236237,0.48545535827089226,0.21521521521521522,0.5385385385385385,0.6786786786786787,0.779739236705297
Stop That Train                                                                                                                                                                   - Keith & Tex                                     ,0.8923923923923924,0.1820291178685752,0.6341341341341341,0.20429267995218492,0.0,0.17467467467467468,0.6306306306306306,0.2826826826826827,0.5115115115115114,0.5385385385385385,0.8618618618618619,0.08998993340429168
Pressure Drop                                                                                                                                                                     - Toots & The Maytals                             ,0.7017017017017017,0.3199624061360395,0.7217217217217218,0.22601431692340784,1.0,0.33183183183183185,0.5115115115115115,0.0,0.0018883165620960868,0.5385385385385385,1.0,0.8576916020943627
Kingston Town                                                                                                                                                                     - Lord Creator                                    ,0.995788960854463,0.2714139031735599,0.8883883883883883,0.403531423173501,1.0,0.7497497497497497,0.7510058113544924,0.5695695695695696,0.7547547547547547,0.5385385385385385,0.9904904904904905,0.4603682743431265
Eastern Standard Time                                                                                                                                                             - The Skatalites                                  ,0.935527703162558,0.27977977977977975,0.0,0.3153869394841345,1.0,0.5275275275275275,0.7669654141972944,0.7084284658315485,0.10147518998658912,0.5385385385385385,0.9724724724724725,0.6007308164830631
The Tide Is High - Stereo Version                                                                                                                                                 - The Paragons                                    ,0.3933933933933934,0.2222222222222222,0.6341341341341341,0.3562426941604027,1.0,0.04281098546042003,0.6236236236236237,0.0,0.9487963316774933,0.5385385385385385,0.8917522173336123,0.2512720116527478
East of the River Nile - 1971 Version                                                                                                                                             - Augustus Pablo                                  ,0.953953953953954,0.29979979979979976,0.4664664664664665,0.3854353374353375,0.0,0.5405405405405406,0.8478478478478478,0.6820384422953096,0.11182744348933461,0.5385385385385385,0.9009009009009009,0.4362828886393991
Engine 54                                                                                                                                                                         - The Ethiopians                                  ,0.9614853448099385,0.2213349107759047,0.8883883883883883,0.43718058812236893,1.0,0.8675282714054926,0.6516516516516516,0.4740741164705895,0.7727727727727728,0.5385385385385385,0.7137137137137137,0.053638546102372744
You Can Get It If You Really Want                                                                                                                                                 - Jimmy Cliff                                     ,0.983983983983984,0.3103103103103103,0.16616616616616617,0.3940705665034647,1.0,0.5105105105105106,0.6286286286286287,0.0,0.14114114114114115,0.5385385385385385,0.9584584584584585,0.6839384496128292
Till Then                                                                                                                                                                         - The Frightnrs                                   ,0.7787787787787788,0.22022022022022023,0.3918918918918919,0.29379873746750834,0.0,0.9459459459459459,0.6486223065170433,0.3457255019511323,0.0980980980980981,0.5385385385385385,0.8258258258258259,0.9662422510438867
Johnny B. Goode - 2002 Remaster                                                                                                                                                   - Peter Tosh                                      ,0.8478478478478478,0.6696696696696697,0.3918918918918919,0.6869164133120024,0.0,0.4874874874874875,0.3888888888888889,0.4178787952372859,0.43843843843843844,0.5385385385385385,0.9777808841479253,0.8376062073324837
Milk & Honey                                                                                                                                                                      - Hollie Cook                                     ,0.8523523523523524,0.43243243243243246,0.27127127127127126,0.4909364876658417,1.0,0.9059059059059059,0.6252812234427467,0.4971216267319621,0.18618618618618618,0.5385385385385385,0.8398398398398398,0.060589425724988884
Police & Thieves                                                                                                                                                                  - Junior Murvin                                   ,0.994994994994995,0.19062637899124765,1.0,0.1823761200317105,0.0,0.743406347787215,0.4533405229057403,0.0,0.6196196196196196,0.5385385385385385,0.9429429429429429,0.6321392225315738
Blackman's Word (Black Man's Pride)                                                                                                                                               - Alton Ellis                                     ,0.8148148148148148,0.22688581377553724,1.0,0.36964145353407096,0.0,0.6976976976976977,0.6566853679153148,0.44051592171583953,0.6366366366366366,0.5385385385385385,0.7747747747747747,0.38688284746276325
Mr. Bojangles                                                                                                                                                                     - John Holt                                       ,0.6631631631631631,0.3013013013013013,1.0,0.4841120472085477,1.0,0.5095095095095095,0.5640819668813448,0.3393109658220121,0.6026026026026026,0.5385385385385385,0.6886886886886887,0.045895334535528104
Love Has Found Its Way                                                                                                                                                            - Dennis Brown                                    ,0.8798798798798799,0.3303303303303303,0.7217217217217218,0.35371570581129064,1.0,0.6236010962038359,0.45145145145145144,0.3517517517517518,0.138131426016987,0.5385385385385385,0.8928928928928929,0.3007051615987667
Marcus Garvey                                                                                                                                                                     - Burning Spear                                   ,0.8128128128128128,0.2552552552552553,0.0,0.3541824284846781,1.0,0.7537537537537538,0.42476724201164745,0.549740451627244,0.27427427427427425,0.5385385385385385,0.5595595595595596,0.17150397009341814
This Is Reggae Music                                                                                                                                                              - Zap Pow                                         ,0.9555735056542809,0.6036036036036035,0.27127127127127126,0.5463332912974429,1.0,0.9043959990524877,0.6937583651066797,0.6642825212337953,0.5880880880880881,0.5385385385385385,0.9029029029029029,0.08907226005393167
Working On a Groovy Thing                                                                                                                                                         - Alton Ellis                                     ,0.8488488488488488,0.23823823823823823,0.4664664664664665,0.3368888026233889,1.0,0.12762762762762764,0.6036036036036035,0.32361186627497923,0.28598901505305446,0.5385385385385385,0.9834834834834835,0.30130111902091966
Is This Love                                                                                                                                                                      - Bob Marley & The Wailers                        ,0.8723723723723724,0.28196434139057086,0.5445445445445445,0.2934274043817305,0.0,0.7517517517517518,0.30332445997593116,0.0,0.0452952952952953,0.5385385385385385,0.914914914914915,0.5497716342479523
Israelites                                                                                                                                                                        - Desmond Dekker                                  ,0.9038718951509653,0.2117936223935059,0.8883883883883883,0.27627550609777274,1.0,0.4540734162556854,0.5875875875875876,0.0,0.19469469469469472,0.5385385385385385,0.9604604604604605,0.844192351609656
The Sun Stop Shining                                                                                                                                                              - Cornell Campbell                                ,0.6631631631631631,0.3558558558558559,0.16616616616616617,0.5032688349630683,1.0,0.5845845845845846,0.39472806139472805,0.441530033520021,0.6026026026026026,0.5385385385385385,0.7767767767767768,0.04792252834580511
It Must Be True Love                                                                                                                                                              - Toots & The Maytals                             ,0.9757673667205169,0.1833631661217868,0.8058058058058057,0.18018018018018017,1.0,0.7967967967967968,0.6926926926926927,0.5284163202700006,0.8343343343343343,0.5385385385385385,0.9660843544338689,0.5234367212046914
Train To Skaville                                                                                                                                                                 - The Ethiopians                                  ,0.9049049049049049,0.13327293342725438,0.7217217217217218,0.15749050359354191,1.0,0.9329329329329329,0.6076076076076076,0.7237287087884697,0.8378378378378378,0.5385385385385385,0.6987222768807348,0.13502414809035018
Cool Down The Pace                                                                                                                                                                - Gregory Isaacs                                  ,0.973973973973974,0.14914914914914915,0.8883883883883883,0.13379034182949334,1.0,0.9621162229121593,0.49202875126010015,0.5865339665637729,0.11389927663512571,0.5385385385385385,0.9584584584584585,0.0484933823325326
Es un Secreto                                                                                                                                                                     - Plan B                                          ,0.950950950950951,0.56006006006006,0.5445445445445445,0.7369035702369036,0.0,0.34434434434434436,0.4993868609503789,0.26426426426426425,0.04904904904904905,0.5385385385385385,0.5865865865865866,0.2187914787033733
Pa' Que Retozen                                                                                                                                                                   - Tego Calderon                                   ,0.9344344344344344,0.6811811811811812,0.16616616616616617,0.911425625197265,0.0,0.8168168168168168,0.6972687790765592,0.3994774891262212,0.7607607607607607,0.5385385385385385,0.9200421862987768,0.1742077363528464
Sensacion Del Bloque                                                                                                                                                              - De La Ghetto                                    ,0.7872872872872874,0.4854854854854855,0.6341341341341341,0.5194964453137126,1.0,0.2922922922922923,0.5035582237894376,0.0,0.8258258258258259,0.5385385385385385,0.48848848848848847,0.17518528169101308
Pasarela                                                                                                                                                                          - Ñejo & Dalmata                                  ,0.9164164164164164,0.6226226226226226,0.6341341341341341,0.6367651217966007,1.0,0.5355355355355356,0.504218834854673,0.30856986042703566,0.6581581581581581,0.5385385385385385,0.6116116116116116,0.22241609111838204
Me pones en Tencion                                                                                                                                                               - Zion & Lennox                                   ,0.9779779779779779,0.6036036036036035,1.0,0.6406406406406406,0.0,0.5275275275275275,0.38104771438104773,0.25114111117105137,0.027305354134622428,0.5385385385385385,0.9256971256971256,0.20172678791260676
"Guasa, Guasa                                                                                                                                                                    - Tego Calderon                                   ",0.953953953953954,0.7572572572572573,0.16616616616616617,0.9394626362418979,1.0,0.951213472826259,0.7148504059615172,0.307472942721297,0.7837837837837838,0.5385385385385385,0.9129129129129129,0.2480457566962756
Ayer La Vi                                                                                                                                                                        - Don Omar                                        ,0.91991991991992,0.47597597597597596,0.6341341341341341,0.40592397674137487,0.0,0.48348348348348347,0.652152152152152,0.32764005996301093,0.6251251251251251,0.5385385385385385,0.8342507226853022,0.20451936335957405
Perdóname                                                                                                                                                                         - Eddy Lover                                      ,0.7332332332332332,0.6206206206206206,0.8058058058058057,0.6903487768539672,0.0,0.07407407407407407,0.6259482005750662,0.0,0.5930930930930931,0.5385385385385385,0.46446446446446443,0.22622622622622623
"Sexo, Sudor Y Calor                                                                                                                                                             - J Alvarez                                       ",0.8304679919230016,0.7477477477477478,0.0,0.8272997947011651,1.0,0.4624624624624625,0.5785785785785785,0.0,0.15315315315315314,0.5385385385385385,0.9741546304302658,0.9228238546147749
Ven Bailalo                                                                                                                                                                       - Angel Y Khriz                                   ,0.7312312312312312,0.8038038038038038,0.3918918918918919,0.6476476476476476,1.0,0.1991991991991992,0.4301847237807829,0.5418752085418752,0.44994994994994997,0.5385385385385385,0.7687687687687688,0.26103112809399975
Tu Príncipe                                                                                                                                                                       - Daddy Yankee                                    ,0.8798798798798799,0.6146146146146146,0.16616616616616617,0.7300264706378242,0.0,0.6236010962038359,0.5655655655655656,0.3488661504424779,0.6821821821821822,0.5385385385385385,0.6096096096096096,0.20634314100114756
More                                                                                                                                                                              - Zion                                            ,0.7477477477477478,0.5613856430688113,0.16616616616616617,0.5782523825927203,0.0,0.7602602602602602,0.6025810335310827,0.0,0.44994994994994997,0.5385385385385385,0.9154406772703302,0.9409108280725366
Agárrala - Remix                                                                                                                                                                  - Trebol Clan                                     ,0.8198198198198198,0.505005005005005,0.8058058058058057,0.438337296031087,0.0,0.30680680680680683,0.48322303290398094,0.5894787996598226,0.3053053053053053,0.5385385385385385,0.9129129129129129,0.24604839915696686
Ojitos Chiquitos                                                                                                                                                                  - Don Omar                                        ,0.9189189189189189,0.6696696696696697,0.16616616616616617,0.9497665861302225,0.0,0.9527006188626174,0.3613613613613614,0.3907717719728164,0.6771771771771772,0.5385385385385385,0.8648648648648649,0.9323641687236213
Permitame                                                                                                                                                                         - Tony Dize                                       ,0.6516516516516516,0.41541541541541543,0.7217217217217218,0.5395467008000989,1.0,0.8753753753753755,0.3700118063754427,0.0,0.5115115115115114,0.5385385385385385,0.9269269269269269,1.0
Zun Da Da                                                                                                                                                                         - Zion                                            ,0.8958958958958959,0.5445445445445445,0.8058058058058057,0.4381444691895907,0.0,0.7037037037037037,0.6396396396396397,0.3698011110151685,0.26926926926926925,0.5385385385385385,0.7007007007007007,0.1391093634916097
Ella Y Yo - Featuring Don Omar                                                                                                                                                    - Aventura                                        ,0.8208208208208209,0.46646646646646645,0.8058058058058057,0.44704092920353977,0.0,0.9617074012816906,0.7407130805189055,0.0,0.7502502502502502,0.5385385385385385,0.7832832832832832,0.9619619619619619
La Locura Automática - Reggaeton                                                                                                                                                  - La Secta                                        ,0.9209209209209209,0.5245245245245245,0.0,0.7976387249114522,1.0,0.6196196196196196,0.6688206785137318,0.0,0.6671671671671671,0.5385385385385385,0.7702702702702702,0.17413689084117925
"El Telefono                                                                                                                                                                       - Héctor ""El Father""                          ",0.9309309309309309,0.4189189189189189,1.0,0.5182105524632215,0.0,0.7632632632632632,0.5790790790790791,0.0,0.9473380302476899,0.5385385385385385,0.6016016016016016,0.15460455037919724
Na De Na                                                                                                                                                                          - Angel Y Khriz                                   ,0.978978978978979,0.7517517517517518,0.5445445445445445,0.6809917355371902,1.0,0.8223223223223224,0.589660743134087,0.0,0.3868868868868869,0.5385385385385385,0.7637637637637638,0.5084231411140231
Quiero Bailar                                                                                                                                                                     - Ivy Queen                                       ,0.9344344344344344,0.6311311311311312,0.4664664664664665,0.7540580288184122,1.0,0.8793793793793794,0.6506506506506506,0.0,0.7727727727727728,0.5385385385385385,0.8038038038038038,0.2280756468361165
Hooka                                                                                                                                                                             - Don Omar                                        ,0.8178178178178178,0.6931931931931932,0.16616616616616617,0.7697697697697697,1.0,0.8778778778778779,0.4095738290082256,0.0,0.9524496816897421,0.5385385385385385,0.8798798798798799,0.9309466468868807
El Doctorado                                                                                                                                                                      - Tony Dize                                       ,0.8013013013013013,0.5545545545545546,0.8883883883883883,0.6211223704983064,1.0,0.22322322322322322,0.4363869725653778,0.0,0.8118118118118118,0.5385385385385385,0.8228228228228228,0.5169452362595516
Estar Enamorado                                                                                                                                                                   - Golpe a Golpe                                   ,0.8598598598598599,0.549049049049049,0.16616616616616617,0.590039398637993,1.0,0.7117117117117117,0.44289589687166636,0.0,0.8688688688688688,0.5385385385385385,0.7747747747747747,0.15408164530669693
La Pregunta                                                                                                                                                                       - J Alvarez                                       ,0.8293293293293293,0.38738738738738737,0.7217217217217218,0.6119047807702163,0.0,0.8728728728728729,0.46839849431312847,0.0,0.15665665665665668,0.5385385385385385,0.8903903903903905,0.9409268040446745
Noche De Entierro                                                                                                                                                                 - Daddy Yankee                                    ,0.9726217445515692,0.5395395395395395,0.3918918918918919,0.5829996207251539,0.0,0.8958958958958959,0.5251499153938177,0.4904904904904905,0.24624624624624625,0.5385385385385385,0.47997997997998,0.2598429297745595
Aparentemente                                                                                                                                                                     - Yaga Y Mackie                                   ,0.968355414694043,0.45345345345345345,0.3383383383383384,0.6036036036036035,0.0,0.7447495961227786,0.4848727933937326,0.5015356182868873,0.7757757757757757,0.5385385385385385,0.9194568425337656,0.20253586920253586
Ella Se Contradice (feat. Plan B)                                                                                                                                                 - Baby Rasta                                      ,0.8738738738738738,0.5290290290290289,0.3918918918918919,0.4260630915750237,0.0,0.974974974974975,0.5171099883266055,0.0,0.9129129129129129,0.5385385385385385,0.8968968968968969,0.049415052888391806
Escápate Conmigo - Remix                                                                                                                                                          - Wolfine                                         ,0.9469469469469469,0.7432432432432432,0.7217217217217218,0.47140959041830505,1.0,0.6626626626626626,0.575075075075075,0.37389380530973454,0.8883883883883883,0.5385385385385385,0.8238238238238238,0.20514968167032266
Sandunguera                                                                                                                                                                       - Kino Rankins                                    ,0.7772772772772774,0.48648648648648646,0.0,0.5915915915915916,0.0,0.6446446446446447,0.46796295424344203,0.0,0.7637637637637638,0.5385385385385385,0.8028028028028028,0.9938586533832111
Salió El Sol                                                                                                                                                                      - Don Omar                                        ,0.9821877009698445,0.45645645645645644,0.3918918918918919,0.6706706706706707,0.0,0.704371037704371,0.5115115115115115,0.5566412088974955,0.024435162677865305,0.5385385385385385,0.9904904904904905,0.4038285432947207
Quizas - Remix                                                                                                                                                                    - Tony Dize                                       ,0.9009009009009009,0.4289289289289289,0.8058058058058057,0.792995390600181,1.0,0.582082082082082,0.7057057057057057,0.0,0.5880880880880881,0.5385385385385385,0.9219219219219219,0.1530847134906325
Pam Pam                                                                                                                                                                           - Wisin & Yandel                                  ,0.9726217445515692,0.42042042042042044,0.8883883883883883,0.548501505307589,1.0,0.7517517517517518,0.5445445445445445,0.0,0.6706706706706707,0.5385385385385385,0.8158354625479256,0.22699192301030113
Si No Le Contesto                                                                                                                                                                 - Plan B                                          ,0.9584584584584585,0.5145145145145145,0.16616616616616617,0.7708882978102242,0.0,0.4757411823588295,0.49879461931579194,0.0,0.6146146146146146,0.5385385385385385,0.6036036036036035,0.22220402220402236
Yo Se Que Tu Quieres (feat. Ñengo Flow)                                                                                                                                           - Sammy & Falsetto                                ,0.642142142142142,0.5890890890890891,0.7217217217217218,0.8138138138138138,0.0,0.7917917917917918,0.657950397704496,0.0,0.5325325325325325,0.5385385385385385,0.9364551467355205,0.9771030675616336
En La Cama (feat. Daddy Yankee)                                                                                                                                                   - Nicky Jam                                       ,0.965965965965966,0.7847847847847848,0.8883883883883883,0.8033712455759128,0.0,0.8653653653653655,0.583015724412658,0.0,0.4824824824824825,0.5385385385385385,0.9281119354648762,0.3424611302964774
Dile                                                                                                                                                                              - Don Omar                                        ,0.93993993993994,0.5105105105105106,0.8058058058058057,0.6457564575645757,1.0,0.7309514940494438,0.575075075075075,0.39247630408439776,0.10557362474295379,0.5385385385385385,0.8138138138138138,0.20865385172626028
"Mi Cama Huele a Ti (feat. Zion & Lennox)                                                                                                                                          - Tito ""El Bambino""                           ",0.8278278278278278,0.6706706706706707,0.6341341341341341,0.6783381812194721,0.0,0.27477477477477474,0.4782250013047995,0.0,0.6226226226226226,0.5385385385385385,0.7507507507507507,0.22154882154882083
Nena Fichu                                                                                                                                                                        - Farruko                                         ,0.7562562562562563,0.44144144144144143,0.8058058058058057,0.6796796796796797,0.0,0.41491491491491495,0.6096096096096096,0.0,0.8118118118118118,0.5385385385385385,0.9294294294294294,0.9397710134360814
Bien Loco                                                                                                                                                                         - Nova y Jory                                     ,0.46646646646646645,0.6106106106106106,0.6341341341341341,0.7733983983983985,0.0,0.9895522072941427,0.7027268663388465,0.0,0.31931931931931934,0.5385385385385385,0.8408408408408409,0.9297270700384908
Besos Mojados                                                                                                                                                                     - Wisin & Yandel                                  ,0.6791791791791792,0.6076076076076076,0.27127127127127126,0.5947058169280391,1.0,0.8583583583583583,0.5006653457357683,0.3595263064289613,0.7827827827827828,0.5385385385385385,0.44244244244244246,0.24087415578663102
Atrévete-Te-Te                                                                                                                                                                    - Calle 13                                        ,0.944944944944945,0.7212212212212212,0.8058058058058057,0.663754427390791,1.0,0.7602602602602602,0.5006653457357683,0.0,0.9909965488786798,0.5385385385385385,0.9263393828611219,0.13856285140978908
Pose                                                                                                                                                                              - Daddy Yankee                                    ,0.924924924924925,0.7387387387387387,0.5445445445445445,0.93335001668335,1.0,0.7183127097865221,0.41607244563880563,0.34914269911504425,0.9029029029029029,0.5385385385385385,0.5280280280280281,0.4770006306025358
"Siente El Boom                                                                                                                                                                    - Tito ""El Bambino""                           ",0.9229229229229229,0.512012012012012,0.3918918918918919,0.6796796796796797,0.0,0.6376376376376376,0.5185185185185185,0.0,0.24924924924924924,0.5385385385385385,0.5965965965965966,0.22699192301030113
Igual Que Ayer                                                                                                                                                                    - R.K.M & Ken-Y                                   ,0.9024024024024024,0.495995995995996,0.8883883883883883,0.5168676535859618,0.0,0.3338338338338338,0.36336336336336333,0.0,0.01823823382951329,0.5385385385385385,0.482982982982983,0.2042042042042042
Virtual Diva                                                                                                                                                                      - Don Omar                                        ,0.8968968968968969,0.7077077077077077,0.7217217217217218,0.8252990248249039,0.0,0.4194194194194194,0.5845845845845846,0.0,0.9234234234234233,0.5385385385385385,0.7617041569871759,0.4488304308776294
6 AM                                                                                                                                                                              - J Balvin                                        ,0.8428428428428428,0.5015015015015015,0.4664664664664665,0.7511018350932203,0.0,0.7287287287287287,0.5485485485485485,0.0,0.7897897897897898,0.5385385385385385,0.8038038038038038,0.9629602242461338
Sexy Movimiento                                                                                                                                                                   - Wisin & Yandel                                  ,0.9344344344344344,0.5275275275275275,0.8883883883883883,0.6341551241795541,0.0,0.25075075075075076,0.6906906906906907,0.28587048961244077,0.5785785785785786,0.5385385385385385,0.8008008008008007,0.35226581721908845
Nadie Sabe                                                                                                                                                                        - Cheka                                           ,0.8723723723723724,0.32891380842200507,0.5445445445445445,0.25624567073980054,0.0,0.6086086086086087,0.515015015015015,0.4674674674674675,0.6366366366366366,0.5385385385385385,0.7042042042042043,0.15564555482069897
Felina                                                                                                                                                                            - Hector & Tito                                   ,0.960960960960961,0.8053053053053053,0.5445445445445445,0.580609889442352,0.0,0.6006006006006006,0.38038038038038036,0.5541983979018974,0.1678345011678345,0.5385385385385385,0.7757757757757757,0.1871871871871872
Al Natural (feat. Yandel)                                                                                                                                                         - Tego Calderon                                   ,0.9927927927927929,0.5665665665665666,0.8883883883883883,0.8376418320012196,0.0,0.6764264264264264,0.6266266266266266,0.0,0.09208217136859354,0.5385385385385385,0.8108108108108109,0.22392082616597342
Donde Estan Las Gatas (feat. Nicky Jam)                                                                                                                                           - Daddy Yankee                                    ,0.950950950950951,0.8998998998998999,0.6341341341341341,0.9755523817792164,0.0,0.5667947700405197,0.5925925925925926,0.0,0.12912912912912913,0.5385385385385385,0.8238238238238238,0.40147591951122247
Pobre Diabla                                                                                                                                                                      - Don Omar                                        ,0.8448448448448449,0.537037037037037,0.4664664664664665,0.5361106193008501,1.0,0.45809440013261676,0.7170503837170503,0.5792207792207792,0.2112112112112112,0.5385385385385385,0.9057020352357141,0.1732458370215289
Pegao                                                                                                                                                                             - Wisin & Yandel                                  ,0.9084084084084083,0.6156156156156156,0.3383383383383384,0.8130408968250985,1.0,0.95995995995996,0.7336755976255415,0.0,0.8948948948948949,0.5385385385385385,0.8688688688688688,0.24724724724724725
Dile A Tu Amiga                                                                                                                                                                   - Ñejo                                            ,0.9024024024024024,0.4214214214214214,0.27127127127127126,0.40631290524335195,1.0,0.4797677221055696,0.6496496496496497,0.5980788613927632,0.22322322322322322,0.5385385385385385,0.914914914914915,0.22122122122122123
5 Letras                                                                                                                                                                          - Alexis y Fido                                   ,0.9379379379379379,0.5765765765765766,0.5445445445445445,0.7218846660487293,0.0,0.9189189189189189,0.6446446446446447,0.26326326326326327,0.014787409218963746,0.5385385385385385,0.7237237237237237,0.20059179624456974
Dominicana                                                                                                                                                                        - Tego Calderon                                   ,0.9569569569569569,0.7702702702702702,0.6341341341341341,0.9131904108142359,1.0,0.6030975307291098,0.5875875875875876,0.6113674410049194,0.0008460884353741498,0.5385385385385385,0.8743743743743744,0.21949866485165315
Movimiento De Caderas                                                                                                                                                             - Rayo & Toby                                     ,0.7842842842842843,0.37987987987987987,0.8058058058058057,0.6998350745061848,0.0,0.9971638304971638,0.535035035035035,0.0,0.5505505505505506,0.5385385385385385,0.7647647647647647,0.9785351225813667
Te Quiero                                                                                                                                                                         - Flex                                            ,0.4964964964964965,0.3433433433433433,0.16616616616616617,0.3323514972999509,1.0,0.31731731731731727,0.25944125944125945,0.0,0.8478478478478478,0.5385385385385385,0.5455455455455456,0.11175637600548906
Te Siento                                                                                                                                                                         - Wisin & Yandel                                  ,0.7902902902902902,0.6876876876876877,0.7217217217217218,0.9336002669336003,1.0,0.2977977977977978,0.3367836274813019,0.0,0.9169169169169169,0.5385385385385385,0.48848848848848847,0.4011709458972147
Pa' Que La Pases Bien                                                                                                                                                             - Arcangel                                        ,0.9854758961681089,0.5245245245245245,0.8058058058058057,0.6965776088292644,0.0,0.8638638638638638,0.29744906144713623,0.45145145145145144,0.7807807807807807,0.5385385385385385,0.6476476476476476,0.4044554848966608
Salgo Pa' la Calle                                                                                                                                                                - Daddy Yankee                                    ,0.6231231231231231,0.5510510510510511,0.8883883883883883,0.7076633391272865,0.0,0.7917917917917918,0.4114114114114114,0.2863348671238317,0.6226226226226226,0.5385385385385385,0.6356356356356356,0.9760528510759646
Luna                                                                                                                                                                              - Don Omar                                        ,0.555055055055055,0.4169169169169169,0.27127127127127126,0.8188709713767939,0.0,0.44094094094094094,0.6106708778392692,0.0,0.6481481481481481,0.5385385385385385,0.482982982982983,0.1477810764065265
"Flow Natural                                                                                                                                                                      - Tito ""El Bambino""                           ",0.9469469469469469,0.5775775775775776,0.0,0.7196112245477548,1.0,0.5845845845845846,0.5271966527196659,0.0,0.8613613613613613,0.5385385385385385,0.8869198336768525,0.3079972417758316
Abusadora                                                                                                                                                                         - Wisin & Yandel                                  ,0.8853853853853855,0.5735735735735735,0.16616616616616617,0.8340755254720342,0.0,0.44244244244244246,0.4194194194194194,0.4484202445795394,0.2092092092092092,0.5385385385385385,0.24074074074074076,0.45845845845845845
Gata Fiera (feat. Joan)                                                                                                                                                           - Trebol Clan                                     ,0.8293293293293293,0.587087087087087,0.5445445445445445,0.3163344430038259,1.0,0.37787787787787785,0.6396396396396397,0.694491937557194,0.5880880880880881,0.5385385385385385,0.8943943943943944,0.22041714724641556
Punto y Aparte                                                                                                                                                                    - Tego Calderon                                   ,0.9284284284284283,0.5445445445445445,0.16616616616616617,0.7931284577991164,0.0,0.35485485485485485,0.6336336336336337,0.5827150756801617,0.21871871871871873,0.5385385385385385,0.7887887887887888,0.2213850213850222
"Noche de Travesura                                                                                                                                                                - Héctor ""El Father""                          ",0.948948948948949,0.3683683683683684,0.8058058058058057,0.46384016415169066,1.0,0.9159159159159159,0.7155911467022585,0.0,0.1655099981871635,0.5385385385385385,0.4934934934934935,0.17545097667317383
Quiero Saber                                                                                                                                                                      - Ivy Queen                                       ,0.9584584584584585,0.7687687687687688,0.5445445445445445,0.9216891470667907,0.0,0.5295295295295295,0.5455455455455456,0.32791865805739995,0.7397397397397397,0.5385385385385385,0.8998998998998999,0.2255346632939991
"No Se De Ella ""My Space""                                                                                                                                                      - Don Omar                                        ",0.9344344344344344,0.42492492492492495,0.8058058058058057,0.35661270088340075,0.0,0.7297297297297297,0.6199328627114047,0.588537728716165,0.7582582582582582,0.5385385385385385,0.8328328328328328,0.13920199877323872
Porque Me Tratas Así?                                                                                                                                                             - Wisin & Yandel                                  ,0.9009009009009009,0.3103103103103103,0.0,0.5064969912878657,1.0,0.3818818818818819,0.5560560560560561,0.0,0.25929500929500937,0.5385385385385385,0.6066066066066066,0.20727323008849516
Automovil                                                                                                                                                                         - Ñejo                                            ,0.9049049049049049,0.5415415415415415,0.5445445445445445,0.5762247033458268,0.0,0.9159159159159159,0.6481349770823455,0.0,0.12112112112112113,0.5385385385385385,0.9874874874874875,0.9317053369852003
Nadie Te Amará Como Yo (Remix) (feat. Zion & Arcángel)                                                                                                                            - Dyland & Lenny                                  ,0.7537537537537538,0.5355355355355356,0.16616616616616617,0.8461160743943686,1.0,0.2327327327327327,0.6446446446446447,0.0,0.5405405405405406,0.5385385385385385,0.7947947947947948,0.13765613450497988
No Es Culpa Mía                                                                                                                                                                   - DY                                              ,0.9240781848741205,0.6736736736736737,0.8883883883883883,0.8588588588588588,1.0,0.7497497497497497,0.7125284827435657,0.25908449284129864,0.16116116116116116,0.5385385385385385,0.7797797797797797,0.20920901073966333
Quitate Tu Pa Ponerme Yo                                                                                                                                                          - Eddie Dee                                       ,0.8708708708708709,0.5460460460460461,0.27127127127127126,0.7881607044460341,1.0,0.6361361361361362,0.5805805805805806,0.0,0.15965965965965967,0.5385385385385385,0.6536536536536537,0.21079167108705546
Hasta Abajo                                                                                                                                                                       - Don Omar                                        ,0.7657657657657657,0.7992992992992993,0.6341341341341341,0.9059059059059059,1.0,0.6632822413491558,0.7112112112112112,0.5844326602127494,0.21521521521521522,0.5385385385385385,0.7557557557557557,0.9757714285440551
Nadie Como Tu                                                                                                                                                                     - Wisin & Yandel                                  ,0.92992992992993,0.4824824824824825,0.3918918918918919,0.7559231113097901,0.0,0.9219219219219219,0.7014833127317676,0.0,0.5480480480480481,0.5385385385385385,0.8048048048048048,0.1867658462697169
Yo Te Lo Dije                                                                                                                                                                     - J Balvin                                        ,0.8413413413413413,0.35935935935935936,0.3383383383383384,0.6787958970901967,0.0,0.6316316316316316,0.48642940120392864,0.0,0.7147147147147147,0.5385385385385385,0.980980980980981,0.13722757748168662
Regalame Una Noche                                                                                                                                                                - J Alvarez                                       ,0.7983210840353696,0.3793793793793794,0.5445445445445445,0.580609889442352,0.0,0.17717717717717718,0.6380148083204853,0.0,0.8613613613613613,0.5385385385385385,0.7472472472472473,0.15251778792795853
Yo Voy (feat. Daddy Yankee)                                                                                                                                                       - Zion & Lennox                                   ,0.9284284284284283,0.4494494494494494,0.8883883883883883,0.6699590716059152,1.0,0.9527006188626174,0.4171362663806453,0.0,0.043764125635470656,0.5385385385385385,0.6366366366366366,0.23030126407052554
Métele Sazón                                                                                                                                                                      - Luny Tunes                                      ,0.9594594594594594,0.41004184100418417,0.27127127127127126,0.43675250593058806,0.0,0.4757411823588295,0.7383799984956054,0.4917455550788884,0.12712712712712712,0.5385385385385385,0.9469469469469469,0.22878620022014087
Rakata                                                                                                                                                                            - Wisin & Yandel                                  ,0.9749655456150247,0.5735735735735735,0.16616616616616617,0.7222852107895767,1.0,0.8603603603603603,0.4044601315578373,0.0,0.15015015015015015,0.5385385385385385,0.7887887887887888,0.24273472623530512
Taboo                                                                                                                                                                             - Don Omar                                        ,0.37237237237237236,0.7367367367367368,0.0,0.6787958970901967,1.0,0.6836836836836837,0.426620601183708,0.0,0.2122122122122122,0.05005005005005005,0.8678678678678678,0.9890558053740578
El Carnaval                                                                                                                                                                       - Baby Rasta & Gringo                             ,0.9209209209209209,0.3663663663663664,1.0,0.3913913913913914,0.0,0.5095095095095095,0.25620940007642334,0.49327036599763874,0.6516516516516516,0.5385385385385385,0.7487487487487487,0.2206851719046854
Mala Conducta (feat. Franco El Gorila)                                                                                                                                            - Alexis y Fido                                   ,0.7902902902902902,0.6586586586586587,0.5445445445445445,0.8105246269854002,0.0,0.7217217217217217,0.6190977753028544,0.40363240673701534,0.6851851851851851,0.5385385385385385,0.9874874874874875,0.9636462821014935
los Disicipulos                                                                                                                                                                   - Eddie Dee                                       ,0.6466466466466466,0.7497497497497497,0.16616616616616617,0.893024367114841,0.0,0.9683554146940431,0.5815815815815816,0.0,0.43843843843843844,0.5385385385385385,0.9119119119119119,0.20877281437198955
No Se Si Fue                                                                                                                                                                      - Arcangel                                        ,0.9668717630674157,0.28928928928928926,1.0,0.2833523259055174,0.0,0.7102102102102102,0.6596596596596597,0.4515348682015349,0.18191147292392557,0.5385385385385385,0.8418418418418419,0.1761721487676093
Blue Zone                                                                                                                                                                         - Don Omar                                        ,0.8943943943943944,0.47097097097097096,0.8883883883883883,0.8457843265640963,0.0,0.6536536536536537,0.4184180972244505,0.44667896155420145,0.9424264140173231,0.5385385385385385,0.5455455455455456,0.21740586365669673
Noche De Sexo                                                                                                                                                                     - Wisin & Yandel                                  ,0.7472472472472473,0.48098098098098097,0.27127127127127126,0.7330338520776511,1.0,0.9605594803436529,0.5135135135135135,0.0,0.9529529529529529,0.5385385385385385,0.6006006006006006,0.20483452251494835
Fuera del Planeta                                                                                                                                                                 - Randy                                           ,0.7747747747747747,0.6951951951951951,0.16616616616616617,0.7198676706000273,1.0,0.6776776776776777,0.5135135135135135,0.0,0.6771771771771772,0.5385385385385385,0.8503503503503503,0.22041714724641556
Web Cam                                                                                                                                                                           - Farruko                                         ,0.8413413413413413,0.4620355411954768,0.6341341341341341,0.5249945622528103,1.0,0.4444444444444444,0.6030975307291098,0.0,0.9169169169169169,0.5385385385385385,0.6256256256256256,0.086491476554946
Donde Hubo Fuego                                                                                                                                                                  - Daddy Yankee                                    ,0.7707707707707707,0.5430430430430431,0.8883883883883883,0.7294704968985598,0.0,0.6575771122038445,0.5855855855855856,0.0,0.7262262262262262,0.5385385385385385,0.9179179179179179,0.19299813211361683
Te la Tiro Pa Que Bailes                                                                                                                                                          - Dj Joe                                          ,0.9644644644644644,0.5590590590590591,0.7217217217217218,0.7026161964433569,0.0,0.5095095095095095,0.6046046046046046,0.35571622597570696,0.8923923923923924,0.5385385385385385,0.998998998998999,0.17474852048984546
Angelito                                                                                                                                                                          - Don Omar                                        ,0.6631631631631631,0.4129129129129129,0.16616616616616617,0.8021354433235924,0.0,0.35785785785785784,0.6126126126126126,0.0,0.7502502502502502,0.5385385385385385,0.38238238238238237,0.888748048264625
Mírala Bien                                                                                                                                                                       - Wisin & Yandel                                  ,0.9344344344344344,0.6811811811811812,0.16616616616616617,0.8518518518518519,0.0,0.8338338338338338,0.6336336336336337,0.0,0.10864614614614614,0.5385385385385385,0.7787787787787788,0.2444655218765097
No Quiere Novio (remix) [feat. Nejo & Tego Calderon]                                                                                                                              - DJ Nelson                                       ,0.9757673667205169,0.6256256256256256,0.5445445445445445,0.953803174291127,0.0,0.93993993993994,0.6892106093567472,0.4721283316201104,0.572072072072072,0.5385385385385385,0.8648648648648649,0.22440115274510242
Por Amar A Ciegas                                                                                                                                                                 - Arcangel                                        ,0.5425425425425425,0.4344344344344344,0.6341341341341341,0.8179122699921513,0.0,0.16016016016016016,0.4294809940130137,0.4684339623128283,0.8703703703703705,0.5385385385385385,0.48848848848848847,0.5135651509361865
Down                                                                                                                                                                              - R.K.M & Ken-Y                                   ,0.9240781848741205,0.5810810810810811,0.7217217217217218,0.5919682748951041,0.0,0.7076741440377803,0.7433293978748524,0.49107941864125604,0.3963963963963964,0.5385385385385385,0.8529969558247195,0.2198441675580909
Mayor Que Yo - Live                                                                                                                                                               - Daddy Yankee                                    ,0.5790790790790791,0.6876876876876877,0.27127127127127126,0.4218026362664768,0.0,0.9679679679679679,0.7581849256347334,0.0,0.7247247247247247,0.5385385385385385,0.4184184184184184,0.1900816517866894
Soy Una Gargola                                                                                                                                                                   - Randy                                           ,0.8678678678678678,0.35835835835835833,0.3918918918918919,0.22135598421961855,0.0,0.49519772937494466,0.32982982982982983,0.44810543267964953,0.44494494494494496,0.5385385385385385,0.5510510510510511,0.206171228643139
El Bus                                                                                                                                                                            - Yelsid                                          ,0.8523523523523524,0.5990990990990991,0.8883883883883883,0.7569023738090157,1.0,0.3088088088088088,0.6446446446446447,0.0,0.036656236030397873,0.5385385385385385,0.8618618618618619,0.940948900420417
"Hoy (feat. Daddy Yankee, J-Alvarez & Jory)                                                                                                                                      - Farruko                                         ",0.8378378378378378,0.6511511511511512,0.8058058058058057,0.7697697697697697,0.0,0.6138711201908228,0.6746746746746747,0.0,0.7407407407407407,0.5385385385385385,0.7727727727727728,0.17639422147335887
Yo No Soy Tu Marido                                                                                                                                                               - Nicky Jam                                       ,0.9264264264264264,0.38738738738738737,0.8883883883883883,0.49847620484170796,0.0,0.46396396396396394,0.4684796044499382,0.384182776801406,0.2022022022022022,0.5385385385385385,0.8833833833833833,0.21913034688365124
Dembow                                                                                                                                                                            - Wisin & Yandel                                  ,0.8242677824267791,0.6061061061061062,0.0,0.8680046293558328,0.0,0.8088088088088088,0.6550046139889889,0.0,0.49199199199199195,0.5385385385385385,0.9219219219219219,0.1895221474660727
Tengo Tantas Ganas de Ti                                                                                                                                                          - Arcangel                                        ,0.96996996996997,0.3400646203554118,0.5445445445445445,0.6865783795275834,0.0,0.43543543543543545,0.4094094094094094,0.45789944780987046,0.9893681575522496,0.5385385385385385,0.5945945945945946,0.42645180264012383
Frikitona                                                                                                                                                                         - Plan B                                          ,0.996996996996997,0.7137137137137137,0.27127127127127126,0.9123610473262392,0.0,0.9038718951509653,0.6669169169169171,0.0,0.9109109109109109,0.05005005005005005,0.8943943943943944,0.5194138881782777
Oye Mi Canto                                                                                                                                                                      - N.O.R.E.                                        ,0.7352352352352352,0.8598598598598598,0.5445445445445445,0.9680552800669987,1.0,0.495961227786753,0.5845845845845846,0.2887440898684004,0.7907907907907907,0.5385385385385385,0.9719719719719719,0.24401257693336903
Me Matas                                                                                                                                                                          - R.K.M & Ken-Y                                   ,0.8853853853853855,0.5105105105105106,0.6341341341341341,0.6686085700743681,1.0,0.7212212212212212,0.45025025025025023,0.0,0.9229229229229229,0.5385385385385385,0.6601601601601601,0.18608191415805297
Hay Algo en Ti                                                                                                                                                                    - Luny Tunes                                      ,0.9547649839620641,0.4314314314314314,0.3918918918918919,0.4218026362664768,0.0,0.4874874874874875,0.3208777339212122,0.2783022874371612,0.4244244244244244,0.5385385385385385,0.3013013013013013,0.24481921204392257
Shorty                                                                                                                                                                            - Casa De Leones                                  ,0.9139139139139139,0.6981981981981982,0.8883883883883883,0.6471103021344827,0.0,0.5345345345345345,0.5008820304594952,0.4321328312016707,0.04904904904904905,0.5385385385385385,0.9234735837158744,0.21995933512690405
"Sexo Seguro                                                                                                                                                                       - Franco ""El Gorilla""                         ",0.8448448448448449,0.7387387387387387,0.3918918918918919,0.6270924839430178,0.0,0.7167167167167167,0.48798840583779635,0.0,0.37887887887887883,0.5385385385385385,0.6646646646646647,0.26136040897472296
Pegaito a la Pared (feat. Plan B) - Remix                                                                                                                                         - Tego Calderon                                   ,0.7942942942942943,0.21521521521521522,0.27127127127127126,0.5059784983739355,1.0,0.9990634719099815,0.34434434434434436,0.34034034034034033,0.44994994994994997,1.0,0.37787787787787785,0.3816796102427113
No Me Dejes Solo                                                                                                                                                                  - Daddy Yankee                                    ,0.9049049049049049,0.6511511511511512,0.3918918918918919,0.6826826826826827,1.0,0.5459265837443146,0.4756538374504812,0.3829813016466569,0.12512512512512514,0.5385385385385385,0.8588588588588588,0.23995138888244819
Llamé Pa' Verte (Bailando Sexy)                                                                                                                                                   - Wisin & Yandel                                  ,0.9547649839620641,0.6256256256256256,0.6341341341341341,0.7622364102168264,0.0,0.6616616616616616,0.4710136452788857,0.25425425425425424,0.2022022022022022,0.5385385385385385,0.7147147147147147,0.22530414231658893
"Sola                                                                                                                                                                              - Héctor ""El Father""                          ",0.8628628628628628,0.3993993993993994,0.8883883883883883,0.4780530913762154,0.0,0.9079079079079079,0.6596596596596597,0.0,0.9738860000142661,0.5385385385385385,0.5665665665665666,0.15322135624957375
Un Poco Loca (feat. De La Ghetto)                                                                                                                                                 - Jowell & Randy                                  ,0.924924924924925,0.5,0.27127127127127126,0.8131954802228416,1.0,0.8903903903903905,0.6136136136136137,0.4819362455726093,0.6061061061061062,0.5385385385385385,0.8678678678678678,0.9649695994685372
Se Siente Bien                                                                                                                                                                    - Dragon & Caballero                              ,0.8648648648648649,0.495995995995996,0.8058058058058057,0.5875875875875876,1.0,0.5445445445445445,0.72999732405673,0.0,0.5930930930930931,0.5385385385385385,0.9579579579579579,0.24139011102445226
Al Natural                                                                                                                                                                        - Tego Calderon                                   ,0.960960960960961,0.6671671671671671,0.8883883883883883,0.8048048048048048,0.0,0.8428428428428428,0.6728063709850354,0.4585251710757784,0.07835218093699513,0.5385385385385385,0.8823823823823824,0.21681609268609917
Mayor que yo                                                                                                                                                                      - Tonny Tun Tun                                   ,0.7052052052052051,0.5825825825825826,0.8058058058058057,0.43622883435641263,0.0,0.9833146157548531,0.7237237237237237,0.0,0.96996996996997,0.5385385385385385,0.8148148148148148,0.9736505591245898
Juego de Niños                                                                                                                                                                    - Golpe a Golpe                                   ,0.8988988988988988,0.6176176176176176,0.8058058058058057,0.8391125489890922,0.0,0.2017017017017017,0.6281273754957966,0.0,0.26226226226226224,0.5385385385385385,0.7927927927927928,0.5583572830819629
Mi Fanatica                                                                                                                                                                       - De La Ghetto                                    ,0.9767545820295038,0.44244244244244246,0.3918918918918919,0.464909229693876,1.0,0.7967967967967968,0.4257590924257591,0.519173826513276,0.7277277277277278,0.5385385385385385,0.6906906906906907,0.1867658462697169
Junto Al Amanecer                                                                                                                                                                 - J Alvarez                                       ,0.6181181181181181,0.45795795795795796,0.5445445445445445,0.6478144811478144,0.0,0.22572572572572575,0.6259482005750662,0.2996126629466485,0.7857857857857857,0.5385385385385385,0.8358358358358359,0.9295427246489691
Bandoleros                                                                                                                                                                        - Don Omar                                        ,0.7077077077077077,0.7542542542542543,0.4664664664664665,0.7456736711990112,0.0,0.9569569569569569,0.6676676676676676,0.0,0.6746746746746747,0.5385385385385385,0.8518518518518519,0.1614398397981507
Flow Violento                                                                                                                                                                     - Arcangel                                        ,0.9084084084084083,0.6586586586586587,0.8058058058058057,0.5626290851658364,1.0,0.9109109109109109,0.6396396396396397,0.0,0.7502502502502502,0.5385385385385385,0.9556343027810418,0.0792235501704136
Aquí Está Tu Caldo                                                                                                                                                                - Daddy Yankee                                    ,0.9804804804804805,0.5095095095095095,1.0,0.4699774970903969,1.0,0.7917917917917918,0.522022022022022,0.40613931523022434,0.507007007007007,0.5385385385385385,0.8433433433433433,0.2422522870226466
"Hola Bebe                                                                                                                                                                         - Héctor ""El Father""                          ",0.8323323323323324,0.495995995995996,0.3383383383383384,0.42118799149315006,0.0,0.7572572572572572,0.7357579895331573,0.0,0.9941276400129269,0.5385385385385385,0.6876876876876877,0.243217165447965
Un Sueño                                                                                                                                                                          - R.K.M & Ken-Y                                   ,0.9139139139139139,0.33683683683683685,0.16616616616616617,0.4274274274274274,1.0,0.640983200272501,0.6462035541195479,0.5998285620213787,0.9354933861635276,0.5385385385385385,0.8278278278278278,0.22576518427140924
Fantasma                                                                                                                                                                          - Zion                                            ,0.6566566566566566,0.44044044044044045,0.7217217217217218,0.5230219043361644,0.0,0.8253253253253253,0.4471676349651252,0.0,0.958958958958959,0.5385385385385385,0.8451882845188295,0.9842251500697863
Aprovecha (feat. Daddy Yankee)                                                                                                                                                    - Nova y Jory                                     ,0.637137137137137,0.5530530530530531,0.6341341341341341,0.8207867507809492,0.0,0.8938938938938938,0.5790790790790791,0.0,0.3963963963963964,0.5385385385385385,0.6686686686686687,0.9403836209919862
Soy Igual Que Tú (feat. Toby Love)                                                                                                                                                - Alexis y Fido                                   ,0.9634234234234235,0.4069069069069069,0.27127127127127126,0.6324408528150732,1.0,0.9454821240535527,0.6476476476476476,0.0,0.7122122122122122,0.5385385385385385,0.6036036036036035,0.20483452251494835
Bandida                                                                                                                                                                           - Zion & Lennox                                   ,0.9264264264264264,0.565065065065065,0.16616616616616617,0.6530877573131095,1.0,0.8833833833833833,0.4797914432916773,0.0,0.35235235235235235,0.5385385385385385,0.6206206206206206,0.2236174281077183
Volverás a Mí                                                                                                                                                                     - Yelsid                                          ,0.9732881029177328,0.35935935935935936,0.8058058058058057,0.5382305798147383,0.0,0.8928928928928929,0.6406406406406406,0.0,0.6671671671671671,0.5385385385385385,0.9242957962681146,0.07881805062697764
Si La Ves                                                                                                                                                                         - Don Omar                                        ,0.7352352352352352,0.6531531531531531,0.7217217217217218,0.7228852043510402,0.0,0.35785785785785784,0.6606606606606606,0.3754362232553551,0.08806222116802322,0.5385385385385385,0.5765765765765766,0.20768805309734467
Cuando Baila Reggaeton                                                                                                                                                            - Tego Calderon                                   ,0.95995995995996,0.5935935935935935,0.8883883883883883,0.5551357733175916,1.0,0.7632632632632632,0.7487955512764675,0.32966877264229605,0.07607607607607608,0.5385385385385385,0.9442286125667213,0.22751729954410085
Algo Musical                                                                                                                                                                      - Ñejo & Dalmata                                  ,0.97997997997998,0.3683683683683684,0.16616616616616617,0.4792936642243734,1.0,0.6932845283909114,0.4623982505163407,0.29634844644701025,0.06606606606606606,0.5385385385385385,0.6456456456456456,0.37461066613126204
Aventura                                                                                                                                                                          - Luny Tunes                                      ,0.9676221865018546,0.505005005005005,0.8058058058058057,0.5141415753147948,0.0,0.8198198198198198,0.35435435435435436,0.3492809734513274,0.2882882882882883,0.5385385385385385,0.8848848848848849,0.1871871871871872
Gata Oficial                                                                                                                                                                      - Luigi 21 Plus                                   ,0.8812006829718,0.4124124124124124,1.0,0.4892336003447114,1.0,0.9179179179179179,0.5395395395395395,0.45743816049239344,0.7097097097097097,0.5385385385385385,0.6576576576576576,0.10489458070637661
Descara                                                                                                                                                                           - Yomo                                            ,0.9709408437563777,0.6311311311311312,0.7217217217217218,0.7017017017017017,0.0,0.9359359359359359,0.6316316316316316,0.3713911883087276,0.9469469469469469,0.5385385385385385,0.6956956956956957,0.1563004254187758
No Se Como Se LLama                                                                                                                                                               - Golpe a Golpe                                   ,0.9189189189189189,0.7122122122122122,0.4664664664664665,0.6743145966026914,1.0,0.37787787787787785,0.31431431431431434,0.37204563857050765,0.9183001070377305,0.5385385385385385,0.9529529529529529,0.27173816265668893
Enamorado De Ti                                                                                                                                                                   - Arcangel                                        ,0.7537537537537538,0.8778778778778779,0.7217217217217218,0.7122866325163708,1.0,0.46396396396396394,0.2611926611926612,0.6416416416416416,0.6771771771771772,0.5385385385385385,0.4224224224224224,0.7567617041339791
Linda Estrella (feat. Baby Rasta y Gringo)                                                                                                                                        - Noriega                                         ,0.8363363363363363,0.27627627627627627,0.5445445445445445,0.3395826680764632,0.0,0.9484729067565777,0.36689201534807236,0.3924255915736214,0.5480480480480481,0.5385385385385385,0.9079497907949786,0.04203971332415478
"Déjale Caer To' El Peso (feat. Yomo)                                                                                                                                              - Héctor ""El Father""                          ",0.9584584584584585,0.3613613613613614,0.3383383383383384,0.24030444728080702,0.0,0.9409409409409409,0.5295295295295295,0.0,0.13361951445609035,0.5385385385385385,0.8153203759877167,0.24302418976290052
Dale Caliente                                                                                                                                                                     - Daddy Yankee                                    ,0.9469469469469469,0.507007007007007,0.3383383383383384,0.5660319501538427,0.0,0.8753753753753755,0.46253810364190606,0.0,0.13213213213213212,0.5385385385385385,0.7773067184831889,0.24196822924962993
Entregate                                                                                                                                                                         - Wisin & Yandel                                  ,0.9719719719719719,0.4361873990306946,0.3918918918918919,0.9140087360237538,0.0,0.8473473473473474,0.5805805805805806,0.0,0.8808808808808809,0.5385385385385385,0.7607607607607607,0.2032032032032032
Sexo En La Playa                                                                                                                                                                  - Ñejo & Dalmata                                  ,0.9104104104104105,0.46646646646646645,0.4664664664664665,0.5283680049186857,1.0,0.42842842842842843,0.6825602197942622,0.34546555913855104,0.8523523523523524,0.5385385385385385,0.6926926926926927,0.2042042042042042
Daga Adicta                                                                                                                                                                       - Luigi 21 Plus                                   ,0.9284284284284283,0.7652652652652652,0.16616616616616617,0.7985410889800547,0.0,0.8653653653653655,0.5495495495495496,0.0,0.7342342342342343,0.5385385385385385,0.9269269269269269,0.17465838980034518
Agresivo                                                                                                                                                                          - Jowell & Randy                                  ,0.8773773773773774,0.6011011011011012,0.8058058058058057,0.5575575575575575,1.0,0.5990990990990991,0.4975261142122284,0.3807045240413551,0.04604604604604605,0.5385385385385385,0.5695695695695696,0.1551462621885151
Eso En 4 No Se Ve (feat. Nejo Y Dalmata & Luigi 21 Plus)                                                                                                                          - J Alvarez                                       ,0.9529529529529529,0.46346346346346345,0.7217217217217218,0.4046268490712934,1.0,0.8453453453453453,0.7141532756489493,0.4969132499868069,0.8593593593593594,0.5385385385385385,0.8975234633129368,0.1653775250304535
Sin Miedo                                                                                                                                                                         - Reykon                                          ,0.8128128128128128,0.503003003003003,0.8058058058058057,0.90931744312026,0.0,0.982993742980908,0.5575575575575575,0.0,0.9610865300170925,0.5385385385385385,0.8773773773773774,0.9760939416189758
Obsesión                                                                                                                                                                          - Maluma                                          ,0.9219219219219219,0.4189189189189189,0.5445445445445445,0.6316412366308417,0.0,0.7812812812812813,0.7192460105771332,0.0,0.25929500929500937,0.5385385385385385,0.8248248248248248,0.14550076778543222
Me Falla                                                                                                                                                                          - Juancho Style                                   ,0.6166166166166166,0.5235235235235235,0.5445445445445445,0.5695695695695696,0.0,0.37405179942493383,0.7497497497497497,0.4996098699340595,0.23323323323323322,0.5385385385385385,0.993993993993994,0.9622577433794941
Saoco                                                                                                                                                                             - Wisin                                           ,0.9563012192520388,0.6906906906906907,0.3918918918918919,0.7756807843603354,1.0,0.7967967967967968,0.5375375375375375,0.3471038902566596,0.09242352496453603,0.5385385385385385,0.8773773773773774,0.24244526270770972
Te Iré a Buscar                                                                                                                                                                   - Farruko                                         ,0.8242677824267791,0.507007007007007,0.5445445445445445,0.6731371210244449,1.0,0.40540540540540543,0.4989426797244387,0.0,0.6561561561561562,0.5385385385385385,0.9874874874874875,0.953589495903076
Chulin Culin Chunfly (feat. Residente Calle 13)                                                                                                                                   - Voltio                                          ,0.9094094094094094,0.6256256256256256,0.6341341341341341,0.6056674692282014,1.0,0.5985985985985985,0.5715715715715716,0.47990444361412105,0.29929929929929927,0.5385385385385385,0.6946946946946947,0.17438799773184566
Me Niegas - Remix                                                                                                                                                                 - Baby Rasta & Gringo                             ,0.7537537537537538,0.47697697697697694,0.0,0.5193567414858278,0.0,0.5575575575575575,0.2663050091682616,0.3445973009779787,0.7665619441097146,0.5385385385385385,0.8773773773773774,0.9506782036043022
Te Imagino                                                                                                                                                                        - Alberto Stylee                                  ,0.97997997997998,0.3263263263263263,0.8883883883883883,0.44957272159142775,0.0,0.8013013013013013,0.5455455455455456,0.0,0.17517517517517517,0.5385385385385385,0.9705112008560285,0.23900425064082062
Lo Que Pasó Pasó - Live                                                                                                                                                           - Daddy Yankee                                    ,0.8448448448448449,0.5635635635635635,1.0,0.3244787644787645,1.0,0.5235235235235235,0.7177177177177178,0.0,0.8393393393393394,0.5385385385385385,0.9044044044044044,0.2953468594338475
Chica Ven Pa' Aca                                                                                                                                                                 - Plan B                                          ,0.9519519519519519,0.4844844844844845,0.16616616616616617,0.901825221238938,0.0,0.34684684684684686,0.3318912237330037,0.4976606893387247,0.6561561561561562,0.5385385385385385,0.5665665665665666,0.20592428457597037
"Sol, Playa Y Arena                                                                                                                                                              - Tito ""El Bambino""                           ",0.93993993993994,0.4014014014014014,0.4664664664664665,0.6343587072414434,0.0,0.7862862862862863,0.6331331331331331,0.0,0.8628628628628628,0.5385385385385385,0.8008008008008007,0.20865385172626028
Baila Morena - Original Reggaeton Mix                                                                                                                                             - Hector & Tito                                   ,0.8968968968968969,0.6281281281281281,0.0,0.7857857857857857,1.0,0.8178178178178178,0.6076076076076076,0.0,0.3278278278278278,0.5385385385385385,0.7917917917917918,0.2032032032032032
Yo Voy A Legar (feat. Zion)                                                                                                                                                       - DJ Nelson                                       ,0.8228228228228228,0.7727727727727728,0.5445445445445445,0.8496750224809321,0.0,0.40540540540540543,0.5185185185185185,0.34209514806529734,0.7377377377377378,0.5385385385385385,0.6496496496496497,0.21812340760626361
Bailando Fue                                                                                                                                                                      - Randy                                           ,0.8343343343343343,0.7212212212212212,0.0,0.6426426426426426,0.0,0.3688688688688689,0.3691508409818269,0.0,0.25125125125125125,0.5385385385385385,0.477977977977978,0.36434659024222427
La Vida Es Así                                                                                                                                                                    - Ivy Queen                                       ,0.7802802802802802,0.592092092092092,0.4664664664664665,0.41070448351805655,1.0,0.8178178178178178,0.4326775755347184,0.2600944527963798,0.9421681495545131,0.5385385385385385,0.5595595595595596,0.8892172718319985
Welcome To My Crib                                                                                                                                                                - Randy Nota Loka                                 ,0.8048048048048048,0.48848848848848847,0.8883883883883883,0.5075932450492043,0.0,0.3868868868868869,0.6776776776776777,0.359934747545367,0.4824824824824825,0.5385385385385385,0.8518518518518519,0.15492957746478733
Doncella                                                                                                                                                                          - Zion & Lennox                                   ,0.6766766766766766,0.7167167167167168,0.5445445445445445,0.7046034798843788,1.0,0.14164164164164164,0.4189184174154114,0.5085085085085085,0.2122122122122122,0.5385385385385385,0.8298298298298298,0.24380630630630812
Tranquila                                                                                                                                                                         - J Balvin                                        ,0.8198198198198198,0.41541541541541543,0.3918918918918919,0.6014520443255637,0.0,0.9311335287383191,0.3813813813813814,0.0,0.5245245245245245,0.5385385385385385,0.7322322322322322,0.9623316887338771
Matador - Official Remix                                                                                                                                                          - Nova y Jory                                     ,0.7292292292292293,0.3743743743743744,1.0,0.36288420058053567,0.0,0.8833833833833833,0.35835835835835833,0.0,0.5880880880880881,0.5385385385385385,0.7957957957957957,0.9698545415408625
Nada Va Pasar                                                                                                                                                                     - Yaga Y Mackie                                   ,0.8393393393393394,0.5105105105105106,0.4664664664664665,0.4175420919427505,1.0,0.6872682323856613,0.37737737737737737,0.34611541617000413,0.2772772772772773,0.5385385385385385,0.9057020352357141,0.2456617613592551
Guatauba - Remastered                                                                                                                                                             - DJ Bull Blood                                   ,0.9309309309309309,0.549049049049049,0.27127127127127126,0.4998819362455726,1.0,0.6806806806806807,0.2781766477179688,0.6010784622147025,0.7417417417417418,0.5385385385385385,0.6516516516516516,0.17314154416642313
"All Up 2 You (feat. Akon, Wisin & Yandel)                                                                                                                                       - Aventura                                        ",0.8738738738738738,0.52002002002002,0.0,0.33561084292610466,0.0,0.2527527527527528,0.20920902205724404,0.4227005478569934,0.6746746746746747,0.5385385385385385,0.6956956956956957,0.4161721284378359
Yo Voy A Llegar                                                                                                                                                                   - DJ Nelson                                       ,0.8448448448448449,0.547083603474581,0.27127127127127126,0.35940651917434535,1.0,0.44844844844844844,0.6540008940545372,0.4876390605686031,0.6226226226226226,0.5385385385385385,0.7832832832832832,0.2209531965629514
Cojela Que Va Sin Jockey                                                                                                                                                          - Daddy Yankee                                    ,0.9519519519519519,0.6406406406406406,0.0,0.5234689316048278,1.0,0.6429329115896282,0.5245245245245245,0.0,0.2882882882882883,0.5385385385385385,0.6936936936936937,0.22859826562138122
Agárrale el Pantalón (feat. Zion & Lennox)                                                                                                                                        - Alexis y Fido                                   ,0.9614853448099385,0.5775775775775776,0.5445445445445445,0.5937328440098352,1.0,0.8313313313313313,0.6006006006006006,0.5628337122371829,0.7987987987987988,0.5385385385385385,0.9075764750354639,0.16415622105306393
Tu Cuerpo Me Arrebata                                                                                                                                                             - Don Omar                                        ,0.9374374374374375,0.3883883883883884,0.8883883883883883,0.5692400078866079,0.0,0.4114114114114114,0.6195769319870901,0.47467453177660174,0.6581581581581581,0.5385385385385385,0.7907907907907907,0.22122122122122123
"Te He Querido, Te He Llorado                                                                                                                                                    - Ivy Queen                                       ",0.8868868868868869,0.6831831831831832,1.0,0.6780088908402393,0.0,0.5365365365365365,0.6550046139889889,0.298207034922863,0.496996996996997,0.5385385385385385,0.6336336336336337,0.2259957052488161
Chica Virtual (feat. Arcangel)                                                                                                                                                    - DJ Nelson                                       ,0.988988988988989,0.2852852852852853,0.8058058058058057,0.6433933933933935,0.0,0.497997997997998,0.5465465465465466,0.4244244244244244,0.3278278278278278,0.5385385385385385,0.8548548548548548,0.41612263002178523
Si No Cuidas Tu Mujer                                                                                                                                                             - Eddie Dee                                       ,0.45945945945945943,0.4189189189189189,0.8058058058058057,0.7161023403087708,0.0,0.5695695695695696,0.6496496496496497,0.0,0.8938938938938938,0.5385385385385385,0.8698698698698699,0.30131014103127085
Amor Prohibido                                                                                                                                                                    - Trebol Clan                                     ,0.6441441441441442,0.4844844844844845,0.7217217217217218,0.3349611929885758,0.0,0.21921921921921922,0.48399462639904267,0.6306453450289067,0.04104104104104104,0.5385385385385385,0.7257257257257257,0.22285229613473775
Latigazo                                                                                                                                                                          - Daddy Yankee                                    ,0.9679679679679679,0.6451451451451451,0.5445445445445445,0.7587587587587588,1.0,0.7322843022394592,0.7341234877909694,0.3173732060437173,0.9369369369369369,0.5385385385385385,0.9735354026692608,0.2740126926306256
La Santa                                                                                                                                                                          - Reykon                                          ,0.8628628628628628,0.5185185185185185,0.8058058058058057,0.5965965965965966,0.0,0.9189189189189189,0.39039039039039036,0.2955689323635147,0.7062062062062062,0.5385385385385385,0.7257257257257257,0.9779905808640856
Tuya Soy                                                                                                                                                                          - Ivy Queen                                       ,0.9434434434434434,0.7407407407407407,0.4664664664664665,0.8998782545823518,0.0,0.6536536536536537,0.5245245245245245,0.3537429205420646,0.6706706706706707,0.5385385385385385,0.8503503503503503,0.17567871522931147
Vampiresa                                                                                                                                                                         - Johnny Prez                                     ,0.9687428614201181,0.6721721721721721,0.0,0.5443709927933229,1.0,0.28978978978978975,0.3121995943558151,0.4394394394394394,0.7847847847847848,0.5385385385385385,0.9359359359359359,0.20387053720386897
Es Mejor Olvidarlo                                                                                                                                                                - Zion & Lennox                                   ,0.9369369369369369,0.5,0.16616616616616617,0.5185185185185185,0.0,0.5895895895895896,0.6176176176176176,0.0,0.8538538538538538,0.5385385385385385,0.4064064064064064,0.22307039864291717
Royal Rumble (Se Van)                                                                                                                                                             - Daddy Yankee                                    ,0.9434434434434434,0.6216216216216216,1.0,0.782535554465379,0.0,0.9529529529529529,0.6281273754957966,0.0,0.36036036036036034,0.5385385385385385,0.8278278278278278,0.20275831386942444
Es Dificil                                                                                                                                                                        - De La Ghetto                                    ,0.7167167167167167,0.49149149149149146,1.0,0.6653761061946903,0.0,0.7862862862862863,0.36336336336336333,0.45650911624666124,0.6706706706706707,0.5385385385385385,0.4904904904904905,0.9929401871388154
Maulla                                                                                                                                                                            - Yaga & Mackie                                   ,0.973973973973974,0.8493493493493494,0.6341341341341341,0.9617883072220099,1.0,0.7967967967967968,0.5675675675675675,0.44967972240699516,0.9285204321969025,0.5385385385385385,0.8558558558558559,0.26082259926488827
Dale Don Dale                                                                                                                                                                     - Don Omar                                        ,0.9419419419419419,0.6736736736736737,0.5445445445445445,0.5965965965965966,0.0,0.6606606606606606,0.38215612474764127,0.43343343343343343,0.521021021021021,0.5385385385385385,0.8743743743743744,0.22765688636710527
Pa Bajarte el Calentamiento                                                                                                                                                       - Jadiel el Incomparable                          ,0.9139139139139139,0.5275275275275275,0.4664664664664665,0.6817192915458813,0.0,0.8818818818818819,0.6636636636636637,0.0,0.8193193193193193,0.5385385385385385,0.6898308454628317,0.24139011102445226
Mis Canciones Hablan de Sexo                                                                                                                                                      - Plan B                                          ,0.9584584584584585,0.6011011011011012,0.7217217217217218,0.5532356194690266,1.0,0.6606606606606606,0.44035846724351047,0.0,0.16016016016016016,0.5385385385385385,0.8893893893893894,0.1122291479107581
Rompe - Live                                                                                                                                                                      - Daddy Yankee                                    ,0.6941941941941943,0.5290290290290289,0.8058058058058057,0.3165608000141026,1.0,0.9537545561593658,0.7098693139921579,0.0,0.97561477024049,0.5385385385385385,0.6286286286286287,0.9863793801999101
Don't Stop                                                                                                                                                                        - Zion & Lennox                                   ,0.8013013013013013,0.6061061061061062,0.16616616616616617,0.772897897897898,1.0,0.17267267267267267,0.6136136136136137,0.0,0.8063063063063063,0.5385385385385385,0.5795795795795796,0.20567734050880002
La Fuga                                                                                                                                                                           - Jiggy Drama                                     ,0.9164164164164164,0.5890890890890891,0.16616616616616617,0.5601913513209951,0.0,0.8293293293293293,0.45192005501283855,0.0,0.6061061061061062,0.5385385385385385,0.8298298298298298,0.2621414370917355
Let's Go To My Crib                                                                                                                                                               - Jowell & Randy                                  ,0.8538538538538538,0.3948948948948949,0.8883883883883883,0.3346123659195953,0.0,0.3993993993993994,0.32217573221757356,0.2824824824824825,0.3868868868868869,0.5385385385385385,0.7177177177177178,0.20337003670336845
Nuestro Amor Es Asi                                                                                                                                                               - Magnate                                         ,0.7602602602602602,0.5990990990990991,0.8883883883883883,0.7633369241105719,1.0,0.5375375375375375,0.7328734156906787,0.0,0.7217217217217217,0.5385385385385385,0.6646646646646647,0.2163228609219733
Vamos Pa' La Disco                                                                                                                                                                - Las Guanabanas                                  ,0.9409409409409409,0.5315315315315315,0.4664664664664665,0.399282643687299,1.0,0.3638638638638638,0.45255000907174825,0.48311090524205286,0.4244244244244244,0.5385385385385385,0.8610637772648946,0.18743993126575428
Cójela Que Va Sin Jockey / Aquí Está Tú Caldo / Mírame - Live                                                                                                                     - Daddy Yankee                                    ,0.8828828828828829,0.6011011011011012,0.8883883883883883,0.6096682756257225,0.0,0.7485078186877022,0.7514528386231558,0.0,0.9881569916800269,0.5385385385385385,0.6506506506506506,0.26733303855857943
La Calle Me Lo Pidio                                                                                                                                                              - Yandel                                          ,0.8753753753753755,0.522053153632101,0.0,0.6693317835623879,1.0,0.8118118118118118,0.5510510510510511,0.5236907730673317,0.23523523523523523,0.5385385385385385,0.7947947947947948,0.2187914787033733
Eso Ehh..!!!                                                                                                                                                                      - Alexis y Fido                                   ,0.9893460043406491,0.6076076076076076,0.16616616616616617,0.5634795286113472,0.0,0.8393393393393394,0.6781781781781782,0.36763828910261953,0.7847847847847848,0.5385385385385385,0.8238238238238238,0.22285229613473775
Si la Ves (feat. Cruzito)                                                                                                                                                         - R.K.M & Ken-Y                                   ,0.8148148148148148,0.3283283283283283,0.7217217217217218,0.4498065485594714,0.0,0.5035035035035035,0.6940704749693514,0.0,0.7657657657657657,0.5385385385385385,0.6906906906906907,0.20710737485670477
Miss Independent                                                                                                                                                                  - Maluma                                          ,0.8304679919230016,0.7032032032032032,0.27127127127127126,0.7555378142588225,0.0,0.8198198198198198,0.6776776776776777,0.0,0.3433433433433434,0.5385385385385385,0.8618618618618619,0.18587274195703823
Immortal Rites                                                                                                                                                                    - Morbid Angel                                    ,0.07807807807807808,0.8323323323323324,0.16616616616616617,0.4562225918645093,1.0,0.502002002002002,0.06760836722301077,0.6416416416416416,0.9019019019019019,0.05005005005005005,0.44177309839960444,0.27816189910966427
Chopped in Half                                                                                                                                                                   - Obituary                                        ,0.17717717717717718,0.974974974974975,0.8883883883883883,0.6681643888484279,0.0,0.7007007007007007,0.0609812532700095,0.7287023782424988,0.7792792792792793,0.5385385385385385,0.46596596596596596,0.3955290271523663
Left Hand Path                                                                                                                                                                    - Entombed                                        ,0.05305305305305305,0.8153153153153153,0.6341341341341341,0.37755882498938836,1.0,0.6333285268567104,0.04168824898492472,0.7520061138708445,0.8788788788788788,0.5385385385385385,0.2782782782782783,0.7306882360277223
Pull the Plug                                                                                                                                                                     - Death                                           ,0.12712712712712712,0.9439439439439439,0.8058058058058057,0.6920138566401453,1.0,0.9359359359359359,0.03866436899131375,0.7304668698860901,0.01949568199677437,0.5385385385385385,0.3053053053053053,0.323335382774722
Into The Grave                                                                                                                                                                    - Grave                                           ,0.23523523523523523,0.7917917917917918,0.16616616616616617,0.5386756036230725,1.0,0.7367367367367368,0.0340231571175457,0.9129129129129129,0.14814814814814814,0.5385385385385385,0.4209209209209209,0.46347253441495045
Slowly We Rot                                                                                                                                                                     - Obituary                                        ,0.2042042042042042,0.8618618618618619,0.0,0.5696764414302088,1.0,0.6866579754280291,0.07607607607607608,0.5575023869891248,0.49199199199199195,0.05005005005005005,0.10558472967232091,0.37567324377253974
Crystal Mountain                                                                                                                                                                  - Death                                           ,0.18518518518518517,0.9474474474474475,0.6341341341341341,0.6284565729164067,1.0,0.9442961806470085,0.12580969595187605,0.4891841779975278,0.9109109109109109,0.5385385385385385,0.44344344344344344,0.9609570700323444
Once Upon the Cross                                                                                                                                                               - Deicide                                         ,0.09759759759759759,0.8688688688688688,0.8883883883883883,0.3983086095354614,0.0,0.8393393393393394,0.09653610782974233,0.8038038038038038,0.7177177177177178,0.5385385385385385,0.3868868868868869,0.9853528504878545
Before the Creation of Time                                                                                                                                                       - Unleashed                                       ,0.1896896896896897,0.8558558558558558,0.5445445445445445,0.29260603744745894,1.0,0.5365365365365365,0.13476996309614336,0.589235815818248,0.9526174387774791,0.5385385385385385,0.47997997997998,0.9319493210667001
Chapel of Ghouls                                                                                                                                                                  - Morbid Angel                                    ,0.06506506506506507,0.9109109109109109,0.3918918918918919,0.5183816447161643,1.0,0.6719919374786634,0.03414788884874355,0.7338842975206611,0.3963963963963964,0.5385385385385385,0.25825825825825827,0.24834116196017933
Redneck Stomp                                                                                                                                                                     - Obituary                                        ,0.15865865865865864,0.6891891891891893,0.27127127127127126,0.38277221071338713,1.0,0.29979979979979976,0.18232980544760882,0.8570314115768659,0.7232232232232232,0.5385385385385385,0.5635635635635635,0.1655484314920323
Pierced from Within                                                                                                                                                               - Suffocation                                     ,0.26926926926926925,0.6511511511511512,0.8883883883883883,0.30328610228107716,0.0,0.7602602602602602,0.017093318066573975,0.9784784784784785,0.21521521521521522,0.5385385385385385,0.7147147147147147,0.339072005839928
Hammer Smashed Face                                                                                                                                                               - Cannibal Corpse                                 ,0.3053053053053053,0.9504504504504505,0.5445445445445445,0.5536252878595221,1.0,0.6616616616616616,0.1319478386331729,0.8288288288288288,0.14564564564564564,0.5385385385385385,0.44844844844844844,0.25871234494979284
Symbolic                                                                                                                                                                          - Death                                           ,0.31257585018646966,0.955955955955956,0.5445445445445445,0.5307235681052462,0.0,0.9229229229229229,0.14018794632291565,0.566066066066066,0.6251251251251251,0.5385385385385385,0.15965965965965967,0.44598122315645916
Fear Of Napalm                                                                                                                                                                    - Terrorizer                                      ,0.11611611611611611,0.8468468468468469,0.27127127127127126,0.14384859956370583,1.0,0.5115115115115115,0.07567567567567568,0.96996996996997,0.8828828828828829,0.5385385385385385,0.2077077077077077,0.35937245342813434
Suffer The Children                                                                                                                                                               - Napalm Death                                    ,0.22622622622622623,0.7387387387387387,0.16616616616616617,0.15416921076665754,1.0,0.7393921911456218,0.050717384050717386,0.8443443443443444,0.8132377769474545,0.5385385385385385,0.5585585585585585,0.8557984231758687
Maze of Torment                                                                                                                                                                   - Morbid Angel                                    ,0.0920920920920921,0.9504504504504505,0.7217217217217218,0.5923449581986167,1.0,0.8223223223223224,0.0556962628400626,0.6596596596596597,0.4629629629629629,0.5385385385385385,0.11892219209292379,0.35590787956916886
Twisted Truth                                                                                                                                                                     - Pestilence                                      ,0.24474474474474472,0.9384384384384384,0.8883883883883883,0.7320092625578909,0.0,0.7967967967967968,0.12312312312312312,0.7199399064429739,0.7917917917917918,0.5385385385385385,0.25925925925925924,0.11712039219088213
Spirit Crusher                                                                                                                                                                    - Death                                           ,0.22622622622622623,0.9194194194194194,0.27127127127127126,0.8886274311354012,1.0,0.8713713713713713,0.12684239104405165,0.5759316413267367,0.05305305305305305,0.5385385385385385,0.34934934934934936,0.2629008807874972
Sacrificial Suicide                                                                                                                                                               - Deicide                                         ,0.25875875875875876,0.9854854854854855,0.3918918918918919,0.7237356050412431,1.0,0.9359359359359359,0.16816816816816815,0.5228825261225585,0.11711711711711711,1.0,0.022689356022689365,0.8737286565042167
The Exorcist                                                                                                                                                                      - Possessed                                       ,0.015185796007713814,0.955955955955956,0.8883883883883883,0.7417417417417418,0.0,0.9484729067565777,0.1031031031031031,0.6812179673297224,0.7287287287287287,0.5385385385385385,0.010390382775320018,0.2494142772323442
Fall from Grace                                                                                                                                                                   - Morbid Angel                                    ,0.2952952952952953,0.7002002002002001,0.3918918918918919,0.4147382743358323,0.0,0.5085085085085085,0.16016016016016016,0.603492381270159,0.9626237016439029,0.5385385385385385,0.5510510510510511,0.39468907863561176
I Cum Blood                                                                                                                                                                       - Cannibal Corpse                                 ,0.2832832832832833,0.9719719719719719,0.7217217217217218,0.5041171989242363,0.0,0.6993684641912531,0.14809912493565702,0.8218218218218218,0.011177844511177839,0.5385385385385385,0.5325325325325325,0.28399872365155066
Dead by Dawn                                                                                                                                                                      - Deicide                                         ,0.16366366366366364,0.9854854854854855,1.0,0.7937937937937938,1.0,0.9169169169169169,0.13413413413413414,0.5852808004590998,0.2922922922922923,0.5385385385385385,0.1247206079570854,0.9861461029899056
Spiritual Healing                                                                                                                                                                 - Death                                           ,0.28928928928928926,0.8508508508508509,0.0,0.8125993087829774,1.0,0.6996996996996997,0.10785398230088496,0.5707135707135708,0.11061061061061057,0.05005005005005005,0.4494494494494494,0.4531555213598749
Liege of Inveracity                                                                                                                                                               - Suffocation                                     ,0.25625625625625625,0.8248248248248249,0.16616616616616617,0.4416082749416083,1.0,0.7942942942942943,0.15015015015015015,0.9319319319319319,0.6536536536536537,0.5385385385385385,0.4894894894894895,0.3974096297182742
Graves of the Fathers                                                                                                                                                             - Cryptopsy                                       ,0.18518518518518517,0.955955955955956,0.6341341341341341,0.8418222700166195,1.0,0.92992992992993,0.046870790269250895,0.8398398398398398,0.7547547547547547,0.5385385385385385,0.3588588588588588,0.30944044514604796
Stiff and Cold                                                                                                                                                                    - Gorguts                                         ,0.13763763763763764,0.9074074074074074,0.16616616616616617,0.42044611504030865,1.0,0.8168168168168168,0.07907907907907907,0.7525792892625144,0.8193193193193193,0.5385385385385385,0.2802802802802803,0.9045213348324431
Premature Burial                                                                                                                                                                  - Malevolent Creation                             ,0.3363363363363363,0.7872872872872874,0.8058058058058057,0.2649890552655089,1.0,0.6239468882640689,0.1954492913997384,0.6069128931376564,0.575075075075075,0.5385385385385385,0.23123123123123124,0.28448947319813583
Revel In Flesh                                                                                                                                                                    - Entombed                                        ,0.024529329733978537,0.8648648648648649,0.6341341341341341,0.47164675638893094,1.0,0.7632632632632632,0.031031031031031032,0.7263496528202411,0.8703703703703705,0.5385385385385385,0.37559756017699925,0.9210780448796214
Leprosy                                                                                                                                                                           - Death                                           ,0.12112112112112113,0.9639639639639639,0.8883883883883883,0.7213325199586239,1.0,0.8498498498498499,0.018850432632880096,0.6421720049405015,0.06406406406406406,0.05005005005005005,0.12281592415727478,0.39221382990118203
Arise                                                                                                                                                                             - Sepultura                                       ,0.31981981981981983,0.8998998998998999,0.8058058058058057,0.5619083673741329,0.0,0.7287287287287287,0.08938858184736824,0.6142768330039727,0.24324324324324323,0.5385385385385385,0.20020020020020018,0.4625800877282198
Out of the Body                                                                                                                                                                   - Pestilence                                      ,0.24724724724724725,0.974974974974975,0.27127127127127126,0.769104964557697,1.0,0.7832832832832832,0.12149362996820623,0.4479480267297046,0.7867464005792534,0.5385385385385385,0.16816816816816815,0.3281079261590834
The IVth Crusade                                                                                                                                                                  - Bolt Thrower                                    ,0.03953953953953954,0.5685685685685686,0.16616616616616617,0.27273023812619324,1.0,0.5839275543611944,0.0,0.9384384384384384,0.3278278278278278,0.05005005005005005,0.13563563563563563,0.8135202230449107
Drowned                                                                                                                                                                           - Entombed                                        ,0.05305305305305305,0.8248248248248249,0.16616616616616617,0.5298660670642292,1.0,0.6859287581212715,0.043985168216410526,0.6622390236031414,0.7932932932932932,0.5385385385385385,0.2977977977977978,0.379330279137291
Death Metal                                                                                                                                                                       - Possessed                                       ,0.0960960960960961,0.974974974974975,1.0,0.7991324657991326,1.0,0.7672672672672672,0.11956692137191163,0.45274188805303134,0.4169169169169169,0.5385385385385385,0.003708281829419037,0.3070628392159073
Dawn of Eternity                                                                                                                                                                  - Massacre                                        ,0.2682133410610231,0.9324324324324325,0.8883883883883883,0.31313815128844025,0.0,0.8553553553553553,0.1952155509684873,0.7349324441081828,0.6026026026026026,0.5385385385385385,0.18118118118118118,0.37349910270235126
For Victory                                                                                                                                                                       - Bolt Thrower                                    ,0.020838328823119732,0.8748748748748749,0.7217217217217218,0.5034604180782097,1.0,0.7384409424314128,0.012932464285792738,0.8178178178178178,0.0031078042958495944,0.5385385385385385,0.1032131272695018,0.09027246516262061
Lake of Fire                                                                                                                                                                      - Nocturnus                                       ,0.15615615615615616,0.8938938938938938,0.3383383383383384,0.2192629922461068,1.0,0.9794308542614011,0.1491914922711807,0.6865504882224406,0.0627317676143387,0.5385385385385385,0.01778330054192121,0.3090174982498193
Into Everlasting Fire                                                                                                                                                             - Immolation                                      ,0.10810810810810811,0.7652652652652652,0.16616616616616617,0.22005675758020976,1.0,0.7917917917917918,0.1296340023612751,0.8283283283283283,0.5910910910910911,0.5385385385385385,0.3258258258258258,0.8092742079990731
Mother Man                                                                                                                                                                        - Atheist                                         ,0.22972972972972971,0.7062062062062062,1.0,0.3665455725996266,1.0,0.5785785785785785,0.08921320478668777,0.7852852852852852,0.1626626626626627,0.05005005005005005,0.5485485485485485,0.3311517431974361
Soulless - remastered 2003                                                                                                                                                        - Grave                                           ,0.2927927927927928,0.7812812812812813,0.6341341341341341,0.7898835626795706,1.0,0.8088088088088088,0.031698365031698365,0.6678758688677008,0.0894845022958902,0.5385385385385385,0.31291908806437196,0.4424578117930324
From Beyond                                                                                                                                                                       - Massacre                                        ,0.2177177177177177,0.9169169169169169,0.3383383383383384,0.3342683326654767,1.0,0.8393393393393394,0.1672121452236175,0.914914914914915,0.7917917917917918,0.5385385385385385,0.22122122122122123,0.41778132555604686
Piece of Time                                                                                                                                                                     - Atheist                                         ,0.06299576887812183,0.9274274274274275,0.8058058058058057,0.3757842404913863,1.0,0.9927684000676702,0.10565519865486048,0.6134887275506306,0.8948948948948949,0.5385385385385385,0.23423423423423423,0.05644572716400175
Cryptic Realms                                                                                                                                                                    - Massacre                                        ,0.23623623623623624,0.6861861861861862,0.8883883883883883,0.2961294627961295,1.0,0.7007007007007007,0.15156388360324202,0.8069545654869889,0.7977977977977978,0.5385385385385385,0.45645645645645644,0.2702974933031342
Breeding Death                                                                                                                                                                    - Bloodbath                                       ,0.14464464464464466,0.7932932932932932,0.16616616616616617,0.47565401481929537,1.0,0.6025810335310828,0.07065226182873241,0.5511859117085806,0.6976976976976977,0.5385385385385385,0.36436436436436437,0.3211502284332169
Furnace Funeral                                                                                                                                                                   - Bloodbath                                       ,0.15465465465465467,0.8128128128128128,0.16616616616616617,0.450040375527515,1.0,0.5385385385385385,0.11711711711711711,0.6043242377616627,0.6001001001001001,0.5385385385385385,0.2097097097097097,0.724974204901855
Body Bag                                                                                                                                                                          - Obituary                                        ,0.2552552552552553,0.9719719719719719,0.8058058058058057,0.6121979499288206,1.0,0.8675282714054926,0.09697611956338856,0.596954659474328,0.7327327327327328,0.5385385385385385,0.05599229905342531,0.4298766528701365
Inner Self                                                                                                                                                                        - Sepultura                                       ,0.2042042042042042,0.9964964964964964,0.3918918918918919,0.7541340975845768,1.0,0.6509818592872845,0.16769015669589282,0.6244987751406075,0.12812812812812813,0.5385385385385385,0.1061061061061061,0.9059385637203204
Sinners Bleed                                                                                                                                                                     - Entombed                                        ,0.05905905905905906,0.8558558558558558,0.6341341341341341,0.5253263787109066,1.0,0.8603603603603603,0.01975920752923079,0.7807807807807807,0.1649530621367903,0.05005005005005005,0.2172172172172172,0.09305569570909732
You'll Never See                                                                                                                                                                  - Grave                                           ,0.05405405405405406,0.9474474474474475,1.0,0.8225187790405182,1.0,0.8293293293293293,0.031031031031031032,0.8883883883883883,0.7487487487487487,0.5385385385385385,0.15515515515515516,0.8603028522726122
Pleasure to Kill                                                                                                                                                                  - Kreator                                         ,0.1896896896896897,0.8493493493493494,1.0,0.5833901541938721,0.0,0.9074074074074074,0.09208827439185945,0.5994372919460028,0.8413413413413413,0.5385385385385385,0.4079079079079079,0.6237767894847162
Infected                                                                                                                                                                          - Obituary                                        ,0.25875875875875876,0.952952952952953,0.8058058058058057,0.6727347065375234,1.0,0.8928928928928929,0.15875410571477316,0.5462026172548741,0.9730942343768948,0.5385385385385385,0.07082213825758574,0.7209109517314087
After World Obliteration                                                                                                                                                          - Terrorizer                                      ,0.13463463463463465,0.9639639639639639,0.27127127127127126,0.15315860602331474,1.0,0.6941941941941943,0.03203203203203203,0.8883883883883883,0.2700408742075409,0.5385385385385385,0.01901901901901902,0.4232792996070391
Pentagram                                                                                                                                                                         - Possessed                                       ,0.012012012012012012,0.9639639639639639,0.16616616616616617,0.7996329662996329,1.0,0.7757757757757757,0.2222222222222222,0.6200385447993984,0.6286286286286287,0.5385385385385385,0.01001001001001001,0.192405293602827
Land of Tears                                                                                                                                                                     - Pestilence                                      ,0.1995153473344103,0.9639639639639639,0.16616616616616617,0.5995282922055037,1.0,0.9279279279279279,0.055520307180888705,0.6795069681080044,0.47047047047047047,0.5385385385385385,0.13913913913913914,0.2860859224641533
Stench of Paradise Burning                                                                                                                                                        - Disincarnate                                    ,0.026026026026026026,0.8778778778778779,0.7217217217217218,0.5413907520948585,0.0,0.9159159159159159,0.046989203531536274,0.7625575503679342,0.27927927927927926,0.5385385385385385,0.34634634634634637,0.075377541811718
Who Will Be Not Be Dead                                                                                                                                                           - Seance                                          ,0.18618618618618618,0.8403403403403403,0.16616616616616617,0.5106866852587252,0.0,0.7782782782782782,0.11011011011011011,0.7564894932014833,0.9566383549396513,0.5385385385385385,0.3908908908908909,0.349953511830558
Dead Embryonic Cells                                                                                                                                                              - Sepultura                                       ,0.38691437802907924,0.7952952952952952,1.0,0.560569525777931,1.0,0.6066066066066066,0.072981661054875,0.663428066413141,0.37887887887887883,0.5385385385385385,0.5235235235235235,0.36992046063793066
Chronic Infection                                                                                                                                                                 - Pestilence                                      ,0.17267267267267267,0.9874874874874875,0.27127127127127126,0.7875181016909845,1.0,0.8603603603603603,0.09382276917821943,0.503101304897712,0.12812812812812813,0.5385385385385385,0.12012012012012012,0.46390219254378934
Eve of the Apocalypse                                                                                                                                                             - Malevolent Creation                             ,0.34034034034034033,0.8648648648648649,0.7217217217217218,0.28975308233141256,1.0,0.6726726726726726,0.17213695395513579,0.6136498082364944,0.25125125125125125,0.5385385385385385,0.14414414414414414,0.3563134726984212
Dead Shall Rise                                                                                                                                                                   - Terrorizer                                      ,0.21171171171171171,0.8403403403403403,0.27127127127127126,0.1608577582586112,1.0,0.7942942942942943,0.06713902282303054,0.8570314115768659,0.35235235235235235,0.5385385385385385,0.058058058058058054,0.33644851903826545
When the Sun Drank the Weight of Water                                                                                                                                            - Demilich                                        ,0.06706706706706707,0.8378378378378378,0.27127127127127126,0.8599038118988244,1.0,0.6831393178698567,0.20187328574698185,0.8633633633633633,0.8003003003003002,0.05005005005005005,0.3941876745689296,0.29217034726688945
These Walls Shall Be Your Grave                                                                                                                                                   - Brutality                                       ,0.12512512512512514,0.8748748748748749,1.0,0.28422910869719387,1.0,0.7862862862862863,0.09269144446135597,0.9504504504504505,0.8853853853853855,0.5385385385385385,0.17067067067067065,0.785748500314538
Misanthrope                                                                                                                                                                       - Death                                           ,0.33433433433433435,0.9719719719719719,0.6341341341341341,0.7179203539823008,1.0,0.8038038038038038,0.17750955667283858,0.507471512608499,0.49199199199199195,0.5385385385385385,0.2782782782782783,0.30270762083614033
Jealousy                                                                                                                                                                          - Death                                           ,0.03953953953953954,0.9719719719719719,0.8058058058058057,0.7661932900642578,1.0,0.9379379379379379,0.03203203203203203,0.7487487487487487,0.4169169169169169,0.5385385385385385,0.16953200807699859,0.0013235275274775552
Flattening of Emotions                                                                                                                                                            - Death                                           ,0.33358358358358375,0.7632632632632632,0.16616616616616617,0.556554756195044,1.0,0.7455573505654282,0.09045136176639067,0.6262723098674439,0.030689437779754917,0.5385385385385385,0.39539539539539537,0.34862786166822873
See Through Dreams                                                                                                                                                                - Death                                           ,0.1995153473344103,0.8278278278278278,0.8883883883883883,0.7132514462920102,0.0,0.8988988988988988,0.09113480375875495,0.5911286938919832,0.9558376171722834,0.05005005005005005,0.5525525525525525,0.9378980687657785
Living Monstrosity                                                                                                                                                                - Death                                           ,0.16816816816816815,0.9384384384384384,0.0,0.856330263913202,1.0,0.8968968968968969,0.12018317018317018,0.4967048732416517,0.22322322322322322,0.5385385385385385,0.34234234234234234,0.2812488293202351
Left to Die                                                                                                                                                                       - Death                                           ,0.2132132132132132,0.9409409409409409,0.8883883883883883,0.6909338288648633,0.0,0.8428428428428428,0.014551359527178976,0.6266266266266266,0.7792792792792793,0.5385385385385385,0.33983983983983984,0.3722904947104235
Infernal Death                                                                                                                                                                    - Death                                           ,0.04747792262045398,0.8378378378378378,0.4664664664664665,0.66644187179199,1.0,0.7156884245491841,0.014909589869288952,0.7635510954391522,0.08341675008341674,0.5385385385385385,0.2012012012012012,0.3623472884492764
Zombie Ritual                                                                                                                                                                     - Death                                           ,0.11961961961961962,0.8493493493493494,0.27127127127127126,0.5739496548071199,1.0,0.6596596596596597,0.008510709274421376,0.644391971664699,0.8868868868868869,0.5385385385385385,0.23923923923923923,0.4417448255045269
Evil Dead                                                                                                                                                                         - Death                                           ,0.11961961961961962,0.7872872872872874,0.0,0.7085197130227686,1.0,0.5875875875875876,0.0,0.9734734734734735,0.02413882247931737,0.5385385385385385,0.07007007007007007,0.3293864719624055
Dead but Dreaming                                                                                                                                                                 - Deicide                                         ,0.24071082390953158,0.8403403403403403,1.0,0.48065755382828546,0.0,0.6861718305568574,0.05591620741402996,0.6816816816816816,0.5505505505505506,0.5385385385385385,0.5165165165165165,0.21173878592858064
Blaspherereion                                                                                                                                                                    - Deicide                                         ,0.14314314314314314,0.9964964964964964,1.0,0.5650350420992624,1.0,0.8453453453453453,0.09500668205564329,0.605430922391782,0.2882882882882883,0.05005005005005005,0.023023023023023025,0.909818193743784
Wolverine Blues                                                                                                                                                                   - Entombed                                        ,0.2952952952952953,0.92992992992993,0.8883883883883883,0.8043402017500396,0.0,0.6219238106030559,0.20192027381201333,0.7917917917917918,0.5405405405405406,0.005005005005005005,0.4544544544544544,0.8740753520754379
Slaughter of Innocence                                                                                                                                                            - Malevolent Creation                             ,0.24071082390953158,0.8998998998998999,1.0,0.34189814580058486,0.0,0.8883883883883883,0.14791863038057612,0.6546546546546547,0.15415415415415415,0.5385385385385385,0.2977977977977978,0.3469628536311421
Blessed Are The Sick / Leading the Rats                                                                                                                                           - Morbid Angel                                    ,0.2977838950061172,0.45095095095095095,1.0,0.3661916125278705,1.0,0.46146146146146144,0.26041566041566044,0.49406370854761533,0.3353353353353353,0.5385385385385385,0.2810966068108926,0.625787063102573
"Stripped, Raped, And Strangled                                                                                                                                                  - Cannibal Corpse                                 ",0.17517517517517517,0.8748748748748749,0.6341341341341341,0.38938409615101344,0.0,0.7672672672672672,0.10175256689914668,0.7398272352837476,0.5405405405405406,0.5385385385385385,0.08880837620333418,0.8318512644671102
Disembowel                                                                                                                                                                        - Autopsy                                         ,0.13913913913913914,0.7087087087087087,0.16616616616616617,0.437758815506598,1.0,0.6646646646646647,0.046042551279459006,0.6991826868508483,0.7357357357357357,0.5385385385385385,0.2802802802802803,0.4164748781324055
Dark Age                                                                                                                                                                          - Vader                                           ,0.1831831831831832,0.5735735735735735,0.7217217217217218,0.23703544266521367,0.0,0.6106106106106106,0.1709382193253161,0.7209720401477124,0.4169169169169169,0.5385385385385385,0.23623623623623624,0.41532976942718586
Testimony                                                                                                                                                                         - Vader                                           ,0.12312312312312312,0.3833833833833834,1.0,0.20510856246510312,0.0,0.46396396396396394,0.06899999928478033,0.7962421656265251,0.23823823823823823,0.5385385385385385,0.05903653163927136,0.9746789716142724
Lack of Comprehension                                                                                                                                                             - Death                                           ,0.23173173173173173,0.8808808808808809,0.4664664664664665,0.6366366366366366,1.0,0.9645793485793489,0.22622622622622623,0.5141293023934812,0.08208208208208208,0.5385385385385385,0.18768768768768768,0.14620707987573756
Cromlech - Studio                                                                                                                                                                 - Darkthrone                                      ,0.05305305305305305,0.7387387387387387,0.3918918918918919,0.35944888667000263,1.0,0.7757757757757757,0.0318651985318652,0.9384384384384384,0.45545545545545546,0.5385385385385385,0.25425425425425424,0.35828950270722043
M.S. Bismark                                                                                                                                                                      - Asphyx                                          ,0.1931931931931932,0.7992992992992993,0.8058058058058057,0.40113589254171844,1.0,0.6376376376376376,0.12186613881529136,0.8458458458458459,0.7197197197197197,0.5385385385385385,0.21371371371371373,0.23621885381039784
The Krusher                                                                                                                                                                       - Asphyx                                          ,0.10010010010010009,0.9169169169169169,0.8058058058058057,0.34331267696745055,1.0,0.8058058058058057,0.15815815815815815,0.9259259259259259,0.7177177177177178,0.5385385385385385,0.16316316316316315,0.9699905356748958
Barra Edinazzu                                                                                                                                                                    - Nile                                            ,0.12312312312312312,0.8423423423423424,0.27127127127127126,0.47529748973256564,1.0,0.8498498498498499,0.019094534880510286,0.7770438121047877,0.14564564564564564,0.5385385385385385,0.07921661174308678,0.8258728396730564
Die Rache Krieg Lied Der Assyriche                                                                                                                                                - Nile                                            ,0.46646646646646645,0.8968968968968969,0.6341341341341341,0.31036744975766023,0.0,0.6996996996996997,0.7197197197197197,0.6336794380024396,0.35235235235235235,0.5385385385385385,0.013013013013013013,0.8142312364338766
Twisted Mass of Burnt Decay                                                                                                                                                       - Autopsy                                         ,0.05955955955955956,0.9639639639639639,0.7217217217217218,0.7086269286333616,1.0,0.7967967967967968,0.522022022022022,0.7697697697697697,0.9313540322637001,0.5385385385385385,0.11591419515136946,0.9719978748708189
Earthly Love                                                                                                                                                                      - Gorguts                                         ,0.07407407407407407,0.993993993993994,0.8058058058058057,0.9904335426743537,1.0,0.9059059059059059,0.09790467450041918,0.6876876876876877,0.8318318318318318,0.05005005005005005,0.035035035035035036,0.779663218440642
Nostalgia                                                                                                                                                                         - Gorguts                                         ,0.06506506506506507,0.977977977977978,0.8883883883883883,0.9873634152433765,1.0,0.7572572572572572,0.05936557246902075,0.6566566566566566,0.6226226226226226,0.5385385385385385,0.058058058058058054,0.1911361185078894
Dismembered                                                                                                                                                                       - Dismember                                       ,0.2062062062062062,0.9254254254254255,0.3918918918918919,0.7027075488613951,0.0,0.8793793793793794,0.035341678845471354,0.6378445194139939,0.8428428428428428,0.5385385385385385,0.2752752752752753,0.39049934501968514
Override of the Overture                                                                                                                                                          - Dismember                                       ,0.05955955955955956,0.9439439439439439,0.16616616616616617,0.6669849352853812,1.0,0.9189189189189189,0.05838351379752653,0.8150209032561972,0.9169169169169169,0.5385385385385385,0.10493573637143608,0.44518073759488413
Oblivious to Evil                                                                                                                                                                 - Deicide                                         ,0.2882882882882883,0.9504504504504505,1.0,0.4922566371681416,1.0,0.8988988988988988,0.1672121452236175,0.5895957820738137,0.44994994994994997,0.5385385385385385,0.14214214214214213,0.4738527476407662
Brainstorm                                                                                                                                                                        - Morbid Angel                                    ,0.3023023023023023,0.7702702702702702,1.0,0.3999469184883276,0.0,0.5785785785785785,0.18306792177474196,0.37795527291997877,0.6961961961961962,0.5385385385385385,0.7732909074877987,0.5209693593683965
When Life Has Ceased                                                                                                                                                              - Entombed                                        ,0.07107107107107107,0.9669669669669669,0.16616616616616617,0.4325173229766868,1.0,0.7632632632632632,0.004988902231187196,0.8903903903903905,0.7647647647647647,0.5385385385385385,0.2247247247247247,0.7247085964746083
Morbid Devourment                                                                                                                                                                 - Entombed                                        ,0.07917016197270975,0.8998998998998999,0.5445445445445445,0.4996458087367177,1.0,0.7757757757757757,0.004004004004004004,0.8778778778778779,0.7827827827827828,0.5385385385385385,0.3563563563563564,0.3985109292017413
Incarnated Solvent Abuse                                                                                                                                                          - Carcass                                         ,0.17967967967967968,0.8583583583583583,0.5445445445445445,0.718851758344001,0.0,0.92992992992993,0.1061061061061061,0.6761112257295464,0.28598901505305446,0.5385385385385385,0.3613613613613614,0.11737752542136215
Corporal Jigsore Quandary                                                                                                                                                         - Carcass                                         ,0.19569569569569567,0.9214214214214214,1.0,0.8073312472060794,1.0,0.9319319319319319,0.04797047970479705,0.7113386931815575,0.11568654368654369,0.5385385385385385,0.2012012012012012,0.7901999457023037
Staring Through The Eyes Of The Dead                                                                                                                                              - Cannibal Corpse                                 ,0.1831831831831832,0.9409409409409409,0.6341341341341341,0.49198008849557523,0.0,0.8118118118118118,0.05178688622397231,0.8648648648648649,0.6451451451451451,0.05005005005005005,0.0900178220368567,0.6978174574259773
Fucked With A Knife                                                                                                                                                               - Cannibal Corpse                                 ,0.05305305305305305,0.9409409409409409,0.16616616616616617,0.3656224875575124,0.0,0.7017017017017017,0.054063597495800884,0.9504504504504505,0.6626626626626626,0.05005005005005005,0.5065065065065065,0.9833991856145199
Pulverized                                                                                                                                                                        - Cannibal Corpse                                 ,0.23623623623623624,0.9409409409409409,0.16616616616616617,0.45067858362319,1.0,0.7277277277277278,0.06378651757502715,0.9484484484484484,0.09847095417565212,0.5385385385385385,0.4269269269269269,0.17917449474220615
The Bleeding                                                                                                                                                                      - Cannibal Corpse                                 ,0.1111111111111111,0.9689689689689689,0.16616616616616617,0.4955484361415865,0.0,0.743406347787215,0.04168824898492472,0.9094094094094094,0.035762181493071074,0.5385385385385385,0.25325325325325326,0.1982753962188409
Internal Bleeding                                                                                                                                                                 - Obituary                                        ,0.13613613613613612,0.9109109109109109,0.0,0.5519011711856249,1.0,0.933933933933934,0.1781188174364454,0.5183516850183516,0.6366366366366366,0.05005005005005005,0.004009360947755476,0.843086260372561
Godly Beings                                                                                                                                                                      - Obituary                                        ,0.15465465465465467,0.955955955955956,0.4664664664664665,0.6160425087189005,1.0,0.8883883883883883,0.06095048214563262,0.5631048619118033,0.0993537964458804,0.5385385385385385,0.05448645692047853,0.48940294723717453
Cause of Death                                                                                                                                                                    - Obituary                                        ,0.2177177177177177,0.9439439439439439,0.8058058058058057,0.4442465265407909,0.0,0.8528528528528528,0.10509051148098651,0.5492475943022206,0.4764764764764765,0.5385385385385385,0.07456027456027456,0.8083052610272848
Blood Bath                                                                                                                                                                        - Cancer                                          ,0.22322322322322322,0.8558558558558558,0.8058058058058057,0.254708139512061,1.0,0.5775775775775776,0.08440688908644148,0.6949707049507449,0.026133849557522123,1.0,0.31431431431431434,0.44488174562495425
"Hung, Drawn and Quartered                                                                                                                                                       - Cancer                                          ",0.21171171171171171,0.9029029029029029,0.27127127127127126,0.3609181164905469,1.0,0.7732732732732732,0.06489014273217107,0.6276275120252485,0.3098098098098098,0.5385385385385385,0.18768768768768768,0.8568619361250965
Tasteless Incest                                                                                                                                                                  - Cancer                                          ,0.22622622622622623,0.8778778778778779,0.27127127127127126,0.34480648969188127,1.0,0.8473473473473474,0.08108108108108109,0.6503145432666707,0.5365365365365365,0.5385385385385385,0.29979979979979976,0.8693111080087672
Synthetically Revived                                                                                                                                                             - Suffocation                                     ,0.1015571429740367,0.8863863863863863,0.16616616616616617,0.5945945945945946,1.0,0.9019019019019019,0.0694764203490531,0.6916916916916916,0.8243243243243243,0.5385385385385385,0.1211381929650214,0.469886121949614
Trifixion                                                                                                                                                                         - Deicide                                         ,0.27127127127127126,0.8723723723723724,0.8883883883883883,0.5416205424498445,0.0,0.4894894894894895,0.0663309982486865,0.6732005248683745,0.8523523523523524,0.5385385385385385,0.6796796796796797,0.23374805577478372
Sworn to the Black                                                                                                                                                                - Morbid Angel                                    ,0.5410410410410411,0.8423423423423424,0.7217217217217218,0.3572962862888523,1.0,0.44644644644644643,0.09771125090274026,0.60380377975862,0.05905905905905906,0.5385385385385385,0.4701130856219709,0.3872978531963952
Slumber of Sullen Eyes                                                                                                                                                            - Demigod                                         ,0.04204204204204204,0.8098098098098098,1.0,0.3132257323008767,0.0,0.7672672672672672,0.09400505135102293,0.8743743743743744,0.3278278278278278,0.5385385385385385,0.15165165165165168,0.8320415899832195
Ritual of Infinity                                                                                                                                                                - Morpheus Descends                               ,0.04454454454454454,0.6752827140549275,0.7217217217217218,0.23341072702095067,1.0,0.7318358717461857,0.42302628283565535,0.9919126499771663,0.6581581581581581,0.5385385385385385,0.36736736736736736,0.2511367533540107
War Master                                                                                                                                                                        - Bolt Thrower                                    ,0.04104104104104104,0.8018018018018018,0.5445445445445445,0.23128786113699903,1.0,0.7417417417417418,0.016016016016016016,0.779076043939302,0.516016016016016,0.5385385385385385,0.21521521521521522,0.9249126963473915
Before the Dawn                                                                                                                                                                   - Necrophobic                                     ,0.10673228018249932,0.955955955955956,0.0,0.9034288311662878,0.0,0.8708708708708709,0.18852694157572206,0.7165483098457164,0.47047047047047047,0.05005005005005005,0.13413413413413414,0.5739640667601219
Edible Autopsy                                                                                                                                                                    - Cannibal Corpse                                 ,0.2702702702702703,0.9639639639639639,0.3918918918918919,0.4261913953984776,1.0,0.8728728728728729,0.15698393077873918,0.4320219787462888,0.4169169169169169,0.5385385385385385,0.11369539551357734,0.3596940113117689
Meathook Sodomy                                                                                                                                                                   - Cannibal Corpse                                 ,0.2982982982982983,0.974974974974975,0.16616616616616617,0.35449959556316313,1.0,0.8998291314570387,0.21221977313047685,0.9534534534534534,0.8593593593593594,0.5385385385385385,0.25325325325325326,0.8507622732379743
Butchered at Birth                                                                                                                                                                - Cannibal Corpse                                 ,0.28428428428428426,0.9504504504504505,0.8883883883883883,0.4372662045607251,0.0,0.7297297297297297,0.1816101816101816,0.964964964964965,0.164506034868127,0.5385385385385385,0.5235235235235235,0.8449709213675448
Gutted                                                                                                                                                                            - Cannibal Corpse                                 ,0.3063063063063063,0.9409409409409409,0.7217217217217218,0.41999155427436197,0.0,0.6276255903121575,0.14708955812620017,0.9424424424424425,0.3353353353353353,0.5385385385385385,0.5325325325325325,0.7784828090697476
Shredded Humans                                                                                                                                                                   - Cannibal Corpse                                 ,0.3283283283283283,0.9904904904904905,0.5445445445445445,0.391335113604234,1.0,0.6936936936936937,0.21017698425899795,0.51603119741921,0.5325325325325325,0.5385385385385385,0.05010639778851699,0.7867630314867389
A Skull Full of Maggots                                                                                                                                                           - Cannibal Corpse                                 ,0.16716716716716717,0.955955955955956,0.16616616616616617,0.44619809646094694,0.0,0.8653653653653655,0.13492892033664566,0.41550770628784817,0.6401401401401401,0.5385385385385385,0.2097097097097097,0.7723614246379733
Addicted to Vaginal Skin                                                                                                                                                          - Cannibal Corpse                                 ,0.15615615615615616,0.9689689689689689,0.7217217217217218,0.4689239890611681,0.0,0.8178178178178178,0.13413413413413414,0.7907907907907907,0.09450726978998382,0.05005005005005005,0.3103103103103103,0.8182900096583275
Entrails Ripped From a Virgin's Cunt                                                                                                                                              - Cannibal Corpse                                 ,0.2927927927927928,0.9874874874874875,0.8883883883883883,0.4976864401915735,0.0,0.6429329115896282,0.1477381358254952,0.822426782499378,0.05654281098546041,0.5385385385385385,0.3013013013013013,0.2869545060209622
Sinner`s Eve                                                                                                                                                                      - Funebre                                         ,0.00860832555439705,0.3733733733733734,0.16616616616616617,0.1589410715668277,1.0,0.46025104602510414,0.08508508508508508,0.9129129129129129,0.6286286286286287,0.5385385385385385,0.3688688688688689,0.9944716185977581
Redeemed from Time                                                                                                                                                                - Funebre                                         ,0.015185796007713814,0.7847847847847848,0.16616616616616617,0.31841178161129496,1.0,0.6106106106106106,0.10970970970970971,0.9534534534534534,0.5025025025025025,0.5385385385385385,0.14214214214214213,0.09743230795862377
Seeds of the Suffering                                                                                                                                                            - Suffocation                                     ,0.27927927927927926,0.8448448448448448,0.6341341341341341,0.47077415105737547,1.0,0.8978978978978979,0.1257570366575106,0.9294294294294294,0.6366366366366366,0.5385385385385385,0.4774774774774775,0.494896947319256
Torn From The Womb                                                                                                                                                                - Autopsy                                         ,0.23423423423423423,0.8018018018018018,0.6341341341341341,0.6196196196196196,1.0,0.613217939489126,0.6366366366366366,0.7707040581534507,0.5505505505505506,0.5385385385385385,0.21867691986997842,0.14099013964226562
Bonesaw                                                                                                                                                                           - Autopsy                                         ,0.06706706706706707,1.0,0.7217217217217218,0.6303578743529588,1.0,0.8338338338338338,0.20683481239296278,0.7880721210263434,0.9938667860932331,0.5385385385385385,0.0030902348578492013,0.6947775732559338
Asphyx (Forgotten War)                                                                                                                                                            - Asphyx                                          ,0.06806806806806806,0.8688688688688688,0.27127127127127126,0.29019068079106586,1.0,0.8653653653653655,0.13896985529381667,0.8818818818818819,0.2502502502502503,0.5385385385385385,0.056890992374863336,0.17189853009736372
Sentenced To Death                                                                                                                                                                - Nihilist                                        ,0.06806806806806806,0.6049380488632825,0.16616616616616617,0.7589422113362675,1.0,0.3973973973973974,0.23976260928975468,0.9294294294294294,0.6386386386386387,0.5385385385385385,0.4339339339339339,0.4442884862992584
But Life Goes On                                                                                                                                                                  - Entombed                                        ,0.2872872872872873,0.9614614614614614,0.6341341341341341,0.5563431607655053,1.0,0.8708708708708709,0.04789026151131077,0.6389124844324005,0.43843843843843844,0.5385385385385385,0.15815815815815815,0.44749059602439906
Chaos Breed                                                                                                                                                                       - Entombed                                        ,0.15465465465465467,0.8128128128128128,0.16616616616616617,0.7093878110475621,1.0,0.7812812812812813,0.008047853454009435,0.8498498498498498,0.9039039039039038,0.5385385385385385,0.35535535535535534,0.5026777387177337
Evilyn                                                                                                                                                                            - Entombed                                        ,0.1111111111111111,0.9254254254254255,0.16616616616616617,0.6137193777595682,1.0,0.6751751751751751,0.021521521521521522,0.7688855964718034,0.9605420029706788,0.5385385385385385,0.27427427427427425,0.8123320187786751
Forbidden Pleasure                                                                                                                                                                - Necrophagia                                     ,0.2810985460420033,0.32062784004531564,0.27127127127127126,0.11977662083729117,1.0,0.6030975307291098,0.471626521797004,0.9119119119119119,0.487987987987988,0.5385385385385385,0.06112456206206206,0.8233254242221315
Into Eternity                                                                                                                                                                     - Desultory                                       ,0.1015571429740367,0.9254254254254255,0.4664664664664665,0.7776967273644206,0.0,0.9129129129129129,0.07607607607607608,0.6411111376628617,0.7317317317317317,0.5385385385385385,0.302907915993538,0.31033936972121445
Devoured Death                                                                                                                                                                    - Incantation                                     ,0.03453453453453453,0.7407407407407407,0.16616616616616617,0.5257154926602599,1.0,0.6632822413491558,0.40810087886893387,0.9981356896464809,0.9499321460472875,0.5385385385385385,0.3073073073073073,0.945822777869499
Disincarnated                                                                                                                                                                     - Gorguts                                         ,0.23623623623623624,0.8863863863863863,0.8883883883883883,0.4140054492457468,0.0,0.7202185866509241,0.05886604612719262,0.8336025848142167,0.8968968968968969,0.5385385385385385,0.44744744744744747,0.421070419960921
Day of Suffering                                                                                                                                                                  - Morbid Angel                                    ,0.3012903993102014,0.6236236236236237,0.16616616616616617,0.3162827459899292,1.0,0.5881860316330694,0.30052780052780054,0.48141244692968843,0.6871871871871872,0.5385385385385385,0.5765765765765766,0.4504457075331366
The Philosopher                                                                                                                                                                   - Death                                           ,0.27427427427427425,0.8078078078078078,0.5445445445445445,0.6546546546546547,0.0,0.6646646646646647,0.05997859928894411,0.5855855855855856,0.08508508508508508,0.05005005005005005,0.5810810810810811,0.7371468863889552
To Asgard We Fly                                                                                                                                                                  - Unleashed                                       ,0.3038038038038038,0.974974974974975,0.5445445445445445,0.6238567217186642,1.0,0.6886886886886887,0.20316902799228015,0.7127127127127127,0.924924924924925,0.5385385385385385,0.5885885885885885,0.8671197341102965
Ceremonial Unearthing                                                                                                                                                             - Brutality                                       ,0.14164164164164164,0.7062062062062062,0.3918918918918919,0.21304707265830372,1.0,0.6509818592872845,0.1292798110979929,0.8373373373373374,0.7702702702702702,0.05005005005005005,0.3333333333333333,0.07485577060350179
The Gathering                                                                                                                                                                     - Amorphis                                        ,0.045545545545545546,0.8808808808808809,0.16616616616616617,0.7527784158688436,1.0,0.6976976976976977,0.09081263344269125,0.8443443443443444,0.11711711711711711,0.5385385385385385,0.10223309502848409,0.007856391794447623
Into Hiding                                                                                                                                                                       - Amorphis                                        ,0.16516516516516516,0.5245245245245245,0.7217217217217218,0.3383575721584137,0.0,0.2327327327327327,0.010681281514614848,0.96996996996997,0.043232493524891176,0.5385385385385385,0.3073073073073073,0.6967354352258629
When the Moment of Death Arrives                                                                                                                                                  - Sentenced                                       ,0.13913913913913914,0.7702702702702702,0.8883883883883883,0.30430430430430433,0.0,0.8553553553553553,0.05125173337093867,0.9029029029029029,0.26472149147516194,0.5385385385385385,0.2922922922922923,0.8464745068109834
Disengagement                                                                                                                                                                     - Sentenced                                       ,0.17717717717717718,0.8128128128128128,0.16616616616616617,0.34242253528656624,1.0,0.7327327327327328,0.053127973020383266,0.8358358358358359,0.8968968968968969,0.5385385385385385,0.26676676676676675,0.7697741795768177
"Satan Spawn, the Caco Daemon                                                                                                                                                    - Deicide                                         ",0.3263263263263263,0.9439439439439439,1.0,0.5346758793616156,0.0,0.9144144144144144,0.12312312312312312,0.566066066066066,0.0805431574662344,0.05005005005005005,0.09442946385480223,0.6856741189026044
Vale of Tears - remastered 2012                                                                                                                                                   - Gorement                                        ,0.17717717717717718,0.637137137137137,0.6341341341341341,0.5929230303946771,1.0,0.5125125125125125,0.1141885204545182,0.7487487487487487,0.8998998998998999,0.5385385385385385,0.32232232232232233,0.37137800269472865
Dawn of Possession                                                                                                                                                                - Immolation                                      ,0.2017017017017017,0.7452452452452452,0.3918918918918919,0.1652233719220849,0.0,0.5511003031618755,0.07527527527527528,0.9054054054054055,0.6481481481481481,0.5385385385385385,0.4444444444444444,0.6345023687916576
Enigma                                                                                                                                                                            - Edge Of Sanity                                  ,0.11611611611611611,0.7672672672672673,0.8058058058058057,0.42666726019063533,1.0,0.6006006006006006,0.18733615751508398,0.6927620166750602,0.8003003003003002,0.5385385385385385,0.2832832832832833,0.19282028056037998
Swamped In Gore                                                                                                                                                                   - Broken Hope                                     ,0.2782782782782783,0.40040040040040037,0.27127127127127126,0.1480397992308634,1.0,0.4014014014014014,0.16127508854781583,0.9634634634634635,0.14714714714714713,0.05005005005005005,0.4114114114114114,0.8848848848848849
Zero Tolerance                                                                                                                                                                    - Death                                           ,0.13763763763763764,0.8888888888888888,0.8058058058058057,0.7187432631720361,1.0,0.8038038038038038,0.17565863910465615,0.5285285285285285,0.0031078042958495944,0.5385385385385385,0.3793793793793794,0.08419203418467905
War In Paradise - Studio                                                                                                                                                          - Vital Remains                                   ,0.11961961961961962,0.9214214214214214,0.0,0.4307384307384309,1.0,0.5832605486842775,0.11921300171167451,0.7367290278341492,0.8303303303303303,0.5385385385385385,0.42492492492492495,0.8901345842864438
Altering the Future                                                                                                                                                               - Death                                           ,0.17717717717717718,0.9254254254254255,0.5445445445445445,0.7853853853853854,1.0,0.8198198198198198,0.08691244892961632,0.4725966254823081,0.20699985699985698,0.5385385385385385,0.3941876745689296,0.834103425570847
Life Shatters                                                                                                                                                                     - Desultory                                       ,0.14714714714714713,0.7812812812812813,0.27127127127127126,0.47248227040074403,0.0,0.7472472472472473,0.09978379612066703,0.7567985166872682,0.5560560560560561,0.5385385385385385,0.5225225225225225,0.8948826622641164
Unquestionable Presence                                                                                                                                                           - Atheist                                         ,0.11961961961961962,0.7477477477477478,1.0,0.3223192136235615,1.0,0.6366366366366366,0.0990990990990991,0.7506180469715696,0.7042042042042043,0.5385385385385385,0.44644644644644643,0.16216216216216217
Supposed To Rot                                                                                                                                                                   - Entombed                                        ,0.2272272272272272,0.9384384384384384,0.5445445445445445,0.48342361863488625,1.0,0.7832832832832832,0.022897350270115056,0.6763939512031115,0.7097097097097097,0.5385385385385385,0.24074074074074076,0.41932559290592525
Effigy of the Forgotten                                                                                                                                                           - Suffocation                                     ,0.27427427427427425,0.8508508508508509,0.27127127127127126,0.40950206753962787,1.0,0.8253253253253253,0.2267800894220169,0.9054054054054055,0.8758758758758759,0.5385385385385385,0.535035035035035,0.3780443875689425
Reincarnage                                                                                                                                                                       - Seance                                          ,0.16916916916916916,0.8688688688688688,0.3918918918918919,0.4281696801644844,1.0,0.7782782782782782,0.08208208208208208,0.8213213213213213,0.4314314314314314,0.5385385385385385,0.23623623623623624,0.36736942638022796
Confused Mind                                                                                                                                                                     - Excruciate                                      ,0.07707707707707707,0.7002002002002001,0.4664664664664665,0.44634412449833005,1.0,0.7347347347347347,0.21692832712725357,0.9554554554554555,0.7042042042042043,0.5385385385385385,0.14014014014014015,0.16219063661488317
The End Complete                                                                                                                                                                  - Obituary                                        ,0.2722041070921669,0.7727727727727728,0.8883883883883883,0.6186548342843566,1.0,0.7632632632632632,0.12424511684269425,0.6225153087965996,0.12531971551235999,0.5385385385385385,0.4269269269269269,0.19337775058455017
Without Sin                                                                                                                                                                       - Morta Skuld                                     ,0.2652652652652653,0.7672672672672673,0.0,0.3645727928646272,1.0,0.6016016016016016,0.22982387739573068,0.7413006029285099,0.4824824824824825,0.5385385385385385,0.24974974974974976,0.6827556590345132
What Dwells Within                                                                                                                                                                - Bolt Thrower                                    ,0.013013013013013013,0.7147147147147147,0.16616616616616617,0.20935607223232638,1.0,0.6226226226226226,0.015335280822006482,0.8868868868868869,0.1720516962843296,0.5385385385385385,0.13113113113113112,0.12801102059008385
Beneath the Remains                                                                                                                                                               - Sepultura                                       ,0.2527527527527528,0.9984984984984986,0.8058058058058057,0.7523884979260848,0.0,0.8393393393393394,0.15030924226448436,0.5576309513903261,0.933933933933934,0.5385385385385385,0.044044044044044044,0.49591512910290225
Troops of Doom                                                                                                                                                                    - Sepultura                                       ,0.31981981981981983,0.9984984984984986,0.5445445445445445,0.7867867867867868,0.0,0.9777277277277276,0.39406072739406073,0.5725725725725725,0.25225225225225223,0.5385385385385385,0.014014014014014014,0.3645026858666384
Antichrist                                                                                                                                                                        - Sepultura                                       ,0.0920920920920921,0.9984984984984986,0.16616616616616617,0.7449526163988464,1.0,0.7812812812812813,0.13171449363258952,0.7273454109915234,0.9329329329329329,0.5385385385385385,0.22322322322322322,0.9324127836834166
From the Past Comes the Storms                                                                                                                                                    - Sepultura                                       ,0.23523523523523523,0.9854854854854855,0.3918918918918919,0.736403069736403,1.0,0.7942942942942943,0.1031031031031031,0.6124219705998086,0.23823823823823823,0.5385385385385385,0.23923923923923923,0.38633355999253366
To the Wall                                                                                                                                                                       - Sepultura                                       ,0.0940940940940941,0.977977977977978,1.0,0.7326327039543997,1.0,0.9009009009009009,0.07393681959704974,0.7547547547547547,0.10233239019366187,0.5385385385385385,0.40040040040040037,0.30615593770297944
Troops of Doom                                                                                                                                                                    - Sepultura                                       ,0.2902902902902903,0.955955955955956,1.0,0.5312048772661639,1.0,0.8088088088088088,0.18654508166703287,0.7605588389372172,0.632132132132132,0.5385385385385385,0.09015486725663717,0.5350606453751897
Stronger Than Hate                                                                                                                                                                - Sepultura                                       ,0.3023023023023023,0.9829829829829829,0.5445445445445445,0.8055240567827475,0.0,0.7892892892892893,0.1133983112134869,0.6430439610917831,0.130603983002507,0.5385385385385385,0.2810966068108926,0.5000822960010932
Mass Hypnosis                                                                                                                                                                     - Sepultura                                       ,0.23723723723723725,0.993993993993994,0.3918918918918919,0.7627260063000577,1.0,0.7862862862862863,0.0980980980980981,0.5622288955622289,0.2062062062062062,0.5385385385385385,0.06364769833124263,0.4342285587881923
Desperate Cry                                                                                                                                                                     - Sepultura                                       ,0.2609547047047047,0.7672672672672673,1.0,0.4954369469026549,1.0,0.8628628628628628,0.06802830694930888,0.6586586586586587,0.13857845328565038,0.5385385385385385,0.24074074074074076,0.9091957539369895
Murder                                                                                                                                                                            - Sepultura                                       ,0.29979979979979976,0.7797797797797797,1.0,0.5600649929687079,1.0,0.5355355355355356,0.03211029766559234,0.5976836435289158,0.22022022022022023,0.5385385385385385,0.5235235235235235,0.3101120025642072
Orgasmatron                                                                                                                                                                       - Sepultura                                       ,0.44344344344344344,0.9504504504504505,0.8058058058058057,0.7227795965783081,1.0,0.7187187187187187,0.1709382193253161,0.45145145145145144,0.7377377377377378,0.5385385385385385,0.40040040040040037,0.7833586291429991
Standing in Blood                                                                                                                                                                 - Nocturnus                                       ,0.23173173173173173,0.9139139139139139,0.16616616616616617,0.24237980651002153,0.0,0.6766766766766766,0.09488519013485602,0.6586586586586587,0.08108108108108109,0.5385385385385385,0.03803803803803804,0.6343676368120598
Destroying Divinity                                                                                                                                                               - Monstrosity                                     ,0.16366366366366364,0.952952952952953,0.7217217217217218,0.3576592338073603,1.0,0.9490404456298044,0.2102687140226123,0.8045461943012057,0.6671671671671671,0.5385385385385385,0.08602383531960997,0.28556052075075994
Unfound Mortality                                                                                                                                                                 - Benediction                                     ,0.07107107107107107,0.8748748748748749,0.5445445445445445,0.5841235123880146,0.0,0.5985985985985985,0.08208208208208208,0.733328148034906,0.6936936936936937,0.05005005005005005,0.4064064064064064,0.37798177751220213
Nightfear                                                                                                                                                                         - Benediction                                     ,0.13613613613613612,0.9474474474474475,0.5445445445445445,0.4814616278030913,0.0,0.8553553553553553,0.0990990990990991,0.7170503837170503,0.4824824824824825,0.05005005005005005,0.19569569569569567,0.39837771465582483
I Bow to None                                                                                                                                                                     - Benediction                                     ,0.19569569569569567,0.9029029029029029,0.8058058058058057,0.4349974974974975,1.0,0.6491491491491491,0.15800270968932556,0.6396396396396397,0.9612132406100982,0.5385385385385385,0.4944944944944945,0.7739882115700537
Subconscious Terror                                                                                                                                                               - Benediction                                     ,0.2197197197197197,0.9689689689689689,0.7217217217217218,0.43782309112043016,1.0,0.7371160994074497,0.11211211211211211,0.7867867867867868,0.5630630630630631,0.5385385385385385,0.16616616616616617,0.33434101976501357
Sadistic Intent                                                                                                                                                                   - Sinister                                        ,0.17967967967967968,0.9384384384384384,0.8883883883883883,0.4473174778761062,1.0,0.8368368368368369,0.33483483483483484,0.8633633633633633,0.5785785785785786,0.5385385385385385,0.2327327327327327,0.33657959566894063
Cross The Styx                                                                                                                                                                    - Sinister                                        ,0.10673228018249932,0.8618618618618619,0.6341341341341341,0.37728543169964607,1.0,0.9289289289289289,0.17326744130073354,0.8713713713713713,0.4824824824824825,0.5385385385385385,0.06331014558862659,0.3397213666535254
Fall in Disease                                                                                                                                                                   - Immolation                                      ,0.0960960960960961,0.6671671671671671,0.5445445445445445,0.21631035970658616,1.0,0.7602602602602602,0.0663309982486865,0.980980980980981,0.1891891891891892,0.5385385385385385,0.25325325325325326,0.7777864665436999
Despondent Souls                                                                                                                                                                  - Immolation                                      ,0.16366366366366364,0.7212212212212212,0.27127127127127126,0.19154863559211388,1.0,0.7757757757757757,0.13643386897404203,0.7814481147814482,0.8563563563563563,0.05005005005005005,0.2782782782782783,0.8200746943763704
Those Left Behind                                                                                                                                                                 - Immolation                                      ,0.10010010010010009,0.6391391391391392,0.6341341341341341,0.20153483910351438,1.0,0.6326326326326326,0.0960960960960961,0.8613613613613613,0.3963963963963964,0.5385385385385385,0.27427427427427425,0.23256157552097328
Nailed To Gold                                                                                                                                                                    - Immolation                                      ,0.08608608608608609,0.7517517517517518,0.6341341341341341,0.32725145809257955,1.0,0.8338338338338338,0.03803803803803804,0.9029029029029029,0.5595595595595595,0.5385385385385385,0.3963963963963964,0.7456709135541253
Here In After                                                                                                                                                                     - Immolation                                      ,0.15865865865865864,0.8303303303303303,0.16616616616616617,0.27643927336589647,1.0,0.8958958958958959,0.07807807807807808,0.9679679679679679,0.6306306306306306,0.5385385385385385,0.1891891891891892,0.8676009212455257
Grip Of Insanity                                                                                                                                                                  - Funebre                                         ,0.13063063063063063,0.38738738738738737,0.16616616616616617,0.1652233719220849,1.0,0.5075075075075075,0.09269144446135597,0.8113056153630128,0.9019019019019019,0.5385385385385385,0.16616616616616617,0.8326720432553314
The Pilgrimage                                                                                                                                                                    - Amorphis                                        ,0.019222172552525698,0.7407407407407407,0.16616616616616617,0.6844948430821007,1.0,0.5585585585585585,0.06821744680272801,0.8198198198198198,0.0016777385253853158,0.5385385385385385,0.14214214214214213,0.9428934626657811
Enjoy the Violence                                                                                                                                                                - Massacra                                        ,0.15865865865865864,0.9719719719719719,0.0,0.5011303850276122,1.0,0.9769769769769769,0.1639368186987235,0.5085085085085085,0.17317317317317318,0.05005005005005005,0.11663876265646177,0.9289773987877686
Degrading Humanity                                                                                                                                                                - Phobia                                          ,0.06354485326447944,0.8648648648648649,0.0,0.746117721861577,1.0,0.6922455573505654,0.008510709274421376,0.9951591759123133,0.004374758114823565,0.5385385385385385,0.3363363363363363,0.42957309517393694
Mourning                                                                                                                                                                          - Nirvana 2002                                    ,0.17517517517517517,0.7777777777777778,0.0,0.6017941689843959,0.0,0.5765765765765766,0.0,0.988988988988989,0.47047047047047047,0.5385385385385385,0.22022022022022023,0.4075920170448992
Terror Of MechaGodzilla                                                                                                                                                           - Morbid Angel                                    ,0.5085085085085085,0.980980980980981,0.16616616616616617,0.6046046046046046,1.0,0.46996996996997,0.4373617256637168,0.996996996996997,0.4824824824824825,0.5385385385385385,0.11021979785015242,0.2630982256027109
Earth Scar                                                                                                                                                                        - Decapitated                                     ,0.1921921921921922,0.9719719719719719,0.6341341341341341,0.7737737737737738,1.0,0.7391743736766608,0.12297204289952439,0.5146217812203513,0.8468468468468469,0.5385385385385385,0.18768768768768768,0.14911266738044435
Regorge in the Morgue                                                                                                                                                             - Vomitory                                        ,0.32232232232232233,0.9409409409409409,0.8883883883883883,0.808888604531758,0.0,0.8753753753753755,0.07757757757757758,0.8198198198198198,0.529029029029029,0.5385385385385385,0.2782782782782783,0.452045746385451
"No Guts, No Glory                                                                                                                                                               - Bolt Thrower                                    ",0.2952952952952953,0.8888888888888888,0.4664664664664665,0.46748189791804806,0.0,0.7057057057057057,0.009834599910594544,0.9614614614614614,0.9145152368243167,0.5385385385385385,0.24974974974974976,0.6992455002155018
Before the Creation of Time - remastered                                                                                                                                          - Unleashed                                       ,0.14164164164164164,0.952952952952953,0.5445445445445445,0.6451086816168758,1.0,0.689356022689356,0.14616005369882382,0.5968497607016436,0.9209209209209209,0.5385385385385385,0.4034034034034034,0.9265826837683078
Dementia                                                                                                                                                                          - Brutal Truth                                    ,0.08408408408408408,0.974974974974975,0.7217217217217218,0.9678610731687491,1.0,0.8698698698698699,0.028028028028028028,0.74608434886642,0.958958958958959,0.5385385385385385,0.024024024024024024,0.5468853796092666
Lashed To the Slave Stick                                                                                                                                                         - Nile                                            ,0.2552552552552553,0.7652652652652652,0.0,0.6079570853822083,1.0,0.3688688688688689,0.02264725648494562,0.9004004004004005,0.1091091091091091,0.5385385385385385,0.26176176176176175,0.9888985809897884
Subjected to a Beating                                                                                                                                                            - Dying Fetus                                     ,0.13613613613613612,0.9589589589589589,0.7217217217217218,0.7563701385784537,1.0,0.7467467467467468,0.18203918203918204,0.6178512073516472,0.9553377421410412,0.5385385385385385,0.4124124124124124,0.9063164388413132
Body Count                                                                                                                                                                        - Morgoth                                         ,0.06906906906906907,0.9719719719719719,0.8883883883883883,0.628318068761282,1.0,0.7782782782782782,0.1627179257934734,0.0,0.3433433433433434,0.5385385385385385,0.08326935375982142,0.8793434565784777
As I Slither                                                                                                                                                                      - Kataklysm                                       ,0.4209209209209209,0.9719719719719719,0.6341341341341341,0.9414796338290641,1.0,0.8653653653653655,0.20520520520520522,0.3506360437690908,0.8223223223223224,0.5385385385385385,0.34434434434434436,0.8421928096819729
I Will Kill You                                                                                                                                                                   - Cannibal Corpse                                 ,0.17117117117117117,0.9904904904904905,0.5445445445445445,0.36358080856858394,0.0,0.7707707707707707,0.02715215215215215,0.8903903903903905,0.4244244244244244,0.5385385385385385,0.16466466466466467,0.758914836367004
Raping The Earth                                                                                                                                                                  - Extreme Noise Terror                            ,0.19769769769769768,0.8808808808808809,1.0,0.46446321711119215,1.0,0.8088088088088088,0.027527527527527528,0.6531306653630813,0.5910910910910911,0.5385385385385385,0.3303303303303303,0.3473459837433444
Scum                                                                                                                                                                              - Napalm Death                                    ,0.07257257257257257,0.8808808808808809,0.3918918918918919,0.4634841338891183,1.0,0.7672672672672672,0.08258258258258258,0.8033033033033032,0.25625625625625625,0.05005005005005005,0.2822822822822823,0.10766962861413949
Wings                                                                                                                                                                             - Vader                                           ,0.14464464464464466,0.9504504504504505,0.8883883883883883,0.780657436615143,0.0,0.9144144144144144,0.0057101202770015805,0.9294294294294294,0.6091091091091092,0.5385385385385385,0.06228273954192525,0.5963315089474729
Two-Pound Torch                                                                                                                                                                   - Cryptopsy                                       ,0.15615615615615616,0.9589589589589589,0.16616616616616617,0.8265254322971857,1.0,0.9507336490095113,0.08308308308308308,0.758554301592535,0.12212212212212212,0.5385385385385385,0.04759280740460452,0.41389015544435187
Mutilated and Assimilated                                                                                                                                                         - Broken Hope                                     ,0.1026026026026026,0.8723723723723724,0.27127127127127126,0.48092557848655415,1.0,0.9229229229229229,0.1334159153168011,0.914914914914915,0.6196196196196196,0.5385385385385385,0.11070110701107011,0.16796877799513998
Necromaniac                                                                                                                                                                       - Exhumed                                         ,0.19119119119119118,0.8053053053053053,0.16616616616616617,0.5694597156752491,1.0,0.8918918918918919,0.02102102102102102,0.9884539435101233,0.7232232232232232,0.5385385385385385,0.23423423423423423,0.5255347529930948
Amidst the Ruins                                                                                                                                                                  - Deeds of Flesh                                  ,0.24224224224224225,0.977977977977978,0.16616616616616617,0.9775271579859268,1.0,0.9359359359359359,0.20338932846802732,0.800519224260231,0.2682133410610231,0.005005005005005005,0.061280812062062054,0.4654294770988231
Charred Remains                                                                                                                                                                   - Autopsy                                         ,0.11961961961961962,0.8218218218218218,0.27127127127127126,0.41677508919097644,1.0,0.6386386386386387,0.016016016016016016,0.7021013597033374,0.7162162162162162,0.05005005005005005,0.2962962962962963,0.4249292865646243
The Diplomat                                                                                                                                                                      - Pig Destroyer                                   ,0.34034034034034033,0.9274274274274275,0.6341341341341341,0.7567630333538369,1.0,0.7672672672672672,0.03747789240017219,0.8078078078078078,0.034627505844123066,0.5385385385385385,0.24574574574574576,0.14836796492292617
Self Termination                                                                                                                                                                  - Insect Warfare                                  ,0.016984539018437324,0.9984984984984986,0.5445445445445445,0.7870793127484659,1.0,0.8168168168168168,0.08332746235972043,0.6312775894967676,0.8148148148148149,0.5385385385385385,0.004382727469224053,0.8305966297701723
The Stench of Burning Death                                                                                                                                                       - Repulsion                                       ,0.12862862862862862,0.977977977977978,1.0,0.9898292482611856,1.0,0.7892892892892893,0.00938757264193115,0.9074074074074074,0.07424414210128495,0.5385385385385385,0.024024024024024024,0.1431560147077882
Condemned to Nothingness                                                                                                                                                          - Decrepit Birth                                  ,0.2912912912912913,0.9324324324324325,0.0,0.5203791327381923,1.0,0.8918918918918919,0.051117945157680256,0.8703703703703705,0.9741169741169742,0.5385385385385385,0.2802802802802803,0.5763688460195011
Burden                                                                                                                                                                            - Rotten Sound                                    ,0.09759759759759759,0.9384384384384384,0.16616616616616617,0.9209099100200189,0.0,0.6966966966966966,0.08108108108108109,0.9038718951509653,0.8563563563563563,0.5385385385385385,0.05923807683872422,0.6946815740878822
Inhale / Exhale                                                                                                                                                                   - Nasum                                           ,0.18518518518518517,0.9639639639639639,0.5445445445445445,0.5712960894779078,1.0,0.5542041716407362,0.09009009009009009,0.8603603603603603,0.1578244911578245,0.5385385385385385,0.5935935935935935,0.43505288846099904
Dechristianize                                                                                                                                                                    - Vital Remains                                   ,0.03953953953953954,0.9074074074074074,0.8058058058058057,0.9789813400044107,0.0,0.7117117117117117,0.22122122122122123,0.7927927927927928,0.8033033033033032,0.5385385385385385,0.1841841841841842,0.12069701676187021
Feasting on the Blood of the Insane                                                                                                                                               - Six Feet Under                                  ,0.2952952952952953,0.8468468468468469,0.6341341341341341,0.5170938211761461,1.0,0.7327327327327328,0.2512357913702734,0.7605588389372172,0.5445445445445445,0.5385385385385385,0.047937080987344935,0.832594723514412
Erase                                                                                                                                                                             - Gorefest                                        ,0.474974974974975,0.9169169169169169,0.5445445445445445,0.6328489280767299,1.0,0.92992992992993,0.15667490729295427,0.5618952285618952,0.1041041041041041,0.5385385385385385,0.15965965965965967,0.8300265017422223
Blood of Lions                                                                                                                                                                    - Krisiun                                         ,0.2819063004846527,0.9214214214214214,0.5445445445445445,0.9525635085771126,1.0,0.5565565565565566,0.050050050050050046,0.7977977977977978,0.9099099099099099,0.5385385385385385,0.22122122122122123,0.2364253756132425
Behold Judas                                                                                                                                                                      - Hate Eternal                                    ,0.06354485326447944,0.9029029029029029,0.16616616616616617,0.5335335335335335,0.0,0.8178178178178178,0.16816816816816815,0.7831400318709965,0.7702702702702702,0.05005005005005005,0.03657657657657656,0.3050487640827309
Cenotaph                                                                                                                                                                          - Bolt Thrower                                    ,0.020838328823119732,0.7212212212212212,0.16616616616616617,0.16716716716716717,1.0,0.8143143143143143,0.03558635709357509,0.9004004004004005,0.2587682021644286,0.5385385385385385,0.15815815815815815,0.9618206291939595
Piece By Piece                                                                                                                                                                    - Malevolent Creation                             ,0.28428428428428426,0.980980980980981,0.27127127127127126,0.7357357357357357,1.0,0.7107107107107107,0.1761265300860575,0.6310141543018256,0.31931931931931934,0.5385385385385385,0.09232766335239835,0.48520112194002796
Systematic Execution                                                                                                                                                              - Malevolent Creation                             ,0.26926926926926925,0.8838838838838838,1.0,0.29433190415849375,0.0,0.9229229229229229,0.09132549788537585,0.7083350515391618,0.9139139139139139,0.5385385385385385,0.4144144144144144,0.4423717907079581
Angel of Death                                                                                                                                                                    - Monstrosity                                     ,0.16366366366366364,0.9474474474474475,0.27127127127127126,0.3349611929885758,1.0,0.7732732732732732,0.19025634795286112,0.7857857857857857,0.8132377769474545,0.5385385385385385,0.25225225225225223,0.3233152385989526
Painkiller                                                                                                                                                                        - Death                                           ,0.3763763763763764,0.9904904904904905,0.7217217217217218,0.9811800125554231,1.0,0.7407407407407407,0.10291740208174747,0.7204976309270787,0.8393393393393394,0.5385385385385385,0.16816816816816815,0.3318500624682408
Incinerated                                                                                                                                                                       - Broken Hope                                     ,0.3838838838838839,0.6146146146146146,0.3383383383383384,0.1722001846450388,1.0,0.5405405405405406,0.14314314314314314,0.8342507226853022,0.039166985097439815,0.5385385385385385,0.20020020020020018,0.3859999120768799
Infecting the Crypts                                                                                                                                                              - Suffocation                                     ,0.17267267267267267,0.8748748748748749,0.6341341341341341,0.5443709927933229,1.0,0.9259259259259259,0.05298289619098868,0.6886264589404258,0.9129129129129129,0.5385385385385385,0.27627627627627627,0.500769147592273
Catatonia                                                                                                                                                                         - Suffocation                                     ,0.19569569569569567,0.8888888888888888,0.6341341341341341,0.5109541602943886,1.0,0.9009009009009009,0.13508787757714796,0.6325534526089421,0.9480320978219334,0.5385385385385385,0.2852852852852853,0.42360990289822176
Breeding the Spawn                                                                                                                                                                - Suffocation                                     ,0.30930930930930933,0.5855855855855856,0.6341341341341341,0.1304172403075257,1.0,0.5542041716407362,0.287770134726789,0.8011795242660206,0.6871871871871872,0.5385385385385385,0.5095095095095095,0.46593023234988723
Depths of Depravity                                                                                                                                                               - Suffocation                                     ,0.21571571571571574,0.6696696696696697,0.16616616616616617,0.29394727070181953,1.0,0.7632632632632632,0.03668082271629611,0.96996996996997,0.6601601601601601,0.5385385385385385,0.6721721721721721,0.3356361751739365
Thrones of Blood                                                                                                                                                                  - Suffocation                                     ,0.24924924924924924,0.7232232232232232,0.7217217217217218,0.27759178969321113,0.0,0.7047047047047047,0.020865354769464356,0.9464464464464464,0.43843843843843844,0.5385385385385385,0.7107107107107107,0.7747676590976461
Eaten                                                                                                                                                                             - Bloodbath                                       ,0.3483483483483483,0.9169169169169169,0.8883883883883883,0.8714145595442135,1.0,0.5185185185185185,0.1551005717418396,0.0,0.3353353353353353,0.5385385385385385,0.25225225225225223,0.8520990848984709
Chainsaw Dismemberment                                                                                                                                                            - Mortician                                       ,0.38038038038038036,0.3487756258840597,0.0,0.20345462117377752,1.0,0.8293293293293293,0.24226682408500588,0.5120622733987888,0.9569772212785544,0.5385385385385385,0.4984984984984985,0.596870572560841
Rabid                                                                                                                                                                             - Mortician                                       ,0.2857857857857858,0.5810810810810811,0.4664664664664665,0.21577877723578412,0.0,0.6666666666666666,0.24624624624624625,0.9004004004004005,0.507007007007007,0.5385385385385385,0.24974974974974976,0.1871345195725032
Scrolls Of The Megilloth                                                                                                                                                          - Mortification                                   ,0.14614614614614616,0.8938938938938938,0.3383383383383384,0.38122594644333774,1.0,0.9940373943164734,0.18418240114000714,0.7800203245070166,0.13113113113113112,0.5385385385385385,0.05193414536206665,0.2700815531852082
Until The End                                                                                                                                                                     - Mortification                                   ,0.2272272272272272,0.9639639639639639,0.16616616616616617,0.43127743127743134,1.0,0.5655655655655656,0.0990990990990991,0.9534534534534534,0.7957957957957957,0.5385385385385385,0.3688688688688689,0.3465006649243582
Blood Freak                                                                                                                                                                       - Necrophagia                                     ,0.15465465465465467,0.8998998998998999,0.7217217217217218,0.9259721492380452,1.0,0.8273273273273274,0.1484375,0.503984879838432,0.5855855855855856,0.5385385385385385,0.27627627627627627,0.421070419960921
Embalmed Yet I Breathe                                                                                                                                                            - Necrophagia                                     ,0.05655655655655656,0.8193193193193193,0.0,0.8213442782442386,1.0,0.8058058058058057,0.0980980980980981,0.5610674904153166,0.048656430281872,0.05005005005005005,0.05519011711856249,0.2530956837900787
Cannibal Holocaust                                                                                                                                                                - Necrophagia                                     ,0.04454454454454454,0.8493493493493494,0.16616616616616617,0.542822476364118,1.0,0.5205205205205206,0.09382276917821943,0.8743743743743744,0.516016016016016,0.5385385385385385,0.09279880587301081,0.9045408400500888
Bleeding Torment                                                                                                                                                                  - Necrophagia                                     ,0.17717717717717718,0.5510510510510511,0.16616616616616617,0.14298983978908983,0.0,0.6106106106106106,0.349685456733329,0.8433433433433433,0.7971584116085395,0.5385385385385385,0.4314314314314314,0.05467253703698507
Demented                                                                                                                                                                          - Obscurity                                       ,0.12712712712712712,0.9474474474474475,0.16616616616616617,0.5875875875875876,0.0,0.8928928928928929,0.22010380800657792,0.5590590590590591,0.9760719446319136,0.5385385385385385,0.035035035035035036,0.41988071244312086
Abnormally Deceased                                                                                                                                                               - Nihilist                                        ,0.04604604604604605,0.7147147147147147,0.0,0.6530877573131095,1.0,0.6912430942281688,0.13294264813364054,0.8923923923923924,0.7477477477477478,0.5385385385385385,0.3868868868868869,0.3683410528208708
Mass Genocide Ritual                                                                                                                                                              - Katalysator                                     ,0.04747792262045398,0.4774774774774775,0.27127127127127126,0.37062944030928946,1.0,0.5075075075075075,0.0029889759009397833,0.7445445445445446,0.7857857857857857,0.5385385385385385,0.40167364016736423,0.7265609420970642
Malevolent Creation                                                                                                                                                               - Raining Blood                                   ,0.08708708708708708,0.9589589589589589,0.27127127127127126,0.8619310375597433,1.0,0.9099099099099099,0.10397595733644613,0.6394376520820731,0.9209209209209209,0.5385385385385385,0.12146616935072165,0.1689453497931713
Benediction                                                                                                                                                                       - Necrophiliac                                    ,0.07707707707707707,0.9474474474474475,0.8058058058058057,0.8697200346885693,1.0,0.8118118118118118,0.18564729239405764,0.9534534534534534,0.92992992992993,0.5385385385385385,0.13413413413413414,0.42024250005475133
Slaughter Of The Soul                                                                                                                                                             - At The Gates                                    ,0.021628727108179164,0.934934934934935,0.6341341341341341,0.5114891103657152,1.0,0.8058058058058057,0.01337965725177093,0.9214214214214214,0.1991991991991992,0.5385385385385385,0.4754754754754755,0.0726741923763628
The Killchain                                                                                                                                                                     - Bolt Thrower                                    ,0.3433433433433433,0.6876876876876877,0.7217217217217218,0.4664201856766204,1.0,0.25075075075075076,0.008973565094833318,0.8903903903903905,0.3353353353353353,0.5385385385385385,0.5095095095095095,0.38365548639946373
Golgotha                                                                                                                                                                          - Incantation                                     ,0.009118541033434648,0.7972972972972974,0.16616616616616617,0.5638675385422596,1.0,0.6709542781579083,0.27261343639253766,0.9614614614614614,0.9709671032118994,0.5385385385385385,0.06058338013674979,0.9418125753931149
Midvinterblot                                                                                                                                                                     - Unleashed                                       ,0.4069069069069069,0.9194194194194194,0.5445445445445445,0.7659065517130034,1.0,0.6066066066066066,0.09400505135102293,0.6204984417824742,0.6196196196196196,0.5385385385385385,0.2327327327327327,0.33912723615032236
Roswell 47                                                                                                                                                                        - Hypocrisy                                       ,0.24724724724724725,0.6126126126126126,1.0,0.36414503651667496,0.0,0.5751211631663973,0.0,0.9424424424424425,0.1578244911578245,0.5385385385385385,0.32732732732732733,0.3712566178655296
So You Die                                                                                                                                                                        - Bloodbath                                       ,0.26226226226226224,0.8618618618618619,0.5445445445445445,0.6236089569422902,1.0,0.8058058058058057,0.0075185159584136565,0.9119119119119119,0.10710710710710711,0.5385385385385385,0.38488488488488487,0.9756119102891846
Last One On Earth                                                                                                                                                                 - Asphyx                                          ,0.08858858858858859,0.5545545545545546,0.8058058058058057,0.3104358118030526,1.0,0.43343343343343343,0.13024404457682875,0.8113056153630128,0.7782782782782782,0.5385385385385385,0.18568568568568566,0.9380865822477242
Icons of Evil                                                                                                                                                                     - Vital Remains                                   ,0.0069534167393494615,0.9054054054054055,0.27127127127127126,0.9014103982300885,1.0,0.8253253253253253,0.24124124124124124,0.8208208208208209,0.9089089089089089,0.5385385385385385,0.054076228560024545,0.9707962274090447
Eraser                                                                                                                                                                            - Hypocrisy                                       ,0.3713713713713714,0.8723723723723724,0.6341341341341341,0.786453119786453,1.0,0.5225225225225225,0.1971971971971972,0.7187792798822112,0.44494494494494496,0.5385385385385385,0.2327327327327327,0.297609542204361
Dead Forever                                                                                                                                                                      - Unleashed                                       ,0.15865865865865864,0.8173173173173174,0.5445445445445445,0.3354623096917934,1.0,0.5495495495495496,0.13896985529381667,0.5480205102700398,0.8327878547763823,0.5385385385385385,0.34134134134134136,0.20958540305863008
Black Breath                                                                                                                                                                      - Repulsion                                       ,0.34534534534534533,0.9984984984984986,0.7217217217217218,0.9933141983446862,1.0,0.8498498498498499,0.02452932973397854,0.8478478478478478,0.061607210706063786,0.5385385385385385,0.13113113113113112,0.4626068183106792
Gates to Hell                                                                                                                                                                     - Obituary                                        ,0.2810985460420033,0.9904904904904905,0.8883883883883883,0.6500049686490365,0.0,0.9109109109109109,0.10424006803547564,0.3437703141928494,0.7262262262262262,0.5385385385385385,0.03003003003003003,0.37869673234742396
The Process of Suffocation                                                                                                                                                        - Pestilence                                      ,0.19119119119119118,0.974974974974975,0.7217217217217218,0.7407407407407407,0.0,0.7461801745087865,0.016840962394501415,0.8011795242660206,0.12512512512512514,0.5385385385385385,0.2172172172172172,0.3688907579961006
Selected Killing                                                                                                                                                                  - Morgoth                                         ,0.12712712712712712,0.9639639639639639,0.16616616616616617,0.5784820300838214,1.0,0.9919800884955752,0.17677615202634034,0.441530033520021,0.07835218093699513,0.5385385385385385,0.03903903903903904,0.12024735914402783
Born Dead                                                                                                                                                                         - Death                                           ,0.0920920920920921,0.993993993993994,0.8883883883883883,0.7407407407407407,1.0,0.8848848848848849,0.016181005291713093,0.6888073367485132,0.7827827827827828,0.5385385385385385,0.07773226671817492,0.38607617445760084
Regurgitated Guts                                                                                                                                                                 - Death                                           ,0.08208208208208208,0.8128128128128128,1.0,0.4314314314314314,0.0,0.37787787787787785,0.0,0.7437437437437437,0.2962962962962963,0.5385385385385385,0.3983983983983984,0.2938479174627438
Eternal War                                                                                                                                                                       - Bolt Thrower                                    ,0.026026026026026026,0.9669669669669669,0.0,0.6088357564179209,1.0,0.9059059059059059,0.0866978566549382,0.7666872682323856,0.7977977977977978,0.5385385385385385,0.00888945151240234,0.14407798952890052
Dead Body Love - Pungent Stench / Disharmonic Orchestra Split                                                                                                                     - Pungent Stench                                  ,0.1506276150627616,0.7972972972972974,0.5445445445445445,0.3473447796493889,0.0,0.7088798341910375,0.029550674567471878,0.9169169169169169,0.7582582582582582,0.5385385385385385,0.46346346346346345,0.04333946242347025
Beginning of Sorrow                                                                                                                                                               - Suffocation                                     ,0.2912912912912913,0.5665665665665666,0.8058058058058057,0.13153136684806552,1.0,0.6051051051051052,0.3360584011343231,0.8958958958958959,0.6581581581581581,0.5385385385385385,0.6046046046046046,0.4107067819756758
Human Waste                                                                                                                                                                       - Suffocation                                     ,0.35621151973891696,0.9474474474474475,0.5445445445445445,0.54899741198842,0.0,0.6851851851851852,0.22922922922922923,0.8521809369951533,0.7807807807807807,0.5385385385385385,0.5615615615615616,0.42675359832444454
Bloodcraving                                                                                                                                                                      - Mortician                                       ,0.04104104104104104,0.3213213213213213,0.8883883883883883,0.23034530954551727,1.0,0.6571300849351813,0.17508826251557352,0.6896896896896897,0.7137137137137137,0.5385385385385385,0.12049795387326873,0.10700948574082897
Embalmed Alive                                                                                                                                                                    - Mortician                                       ,0.25075075075075076,0.7917917917917918,0.16616616616616617,0.30850059031877214,1.0,0.7507507507507507,0.1914006096582705,0.757940930093864,0.7877877877877878,0.5385385385385385,0.09919653893695919,0.46472122199207894
Zombie Apocalypse                                                                                                                                                                 - Mortician                                       ,0.1921921921921922,0.37987987987987987,0.8883883883883883,0.24723904524403273,1.0,0.5425425425425425,0.21989824759751272,0.8018018018018018,0.6746746746746747,0.5385385385385385,0.22822822822822822,0.1674180403738859
World Domination                                                                                                                                                                  - Mortician                                       ,0.2538198254912136,0.4044044044044044,0.7217217217217218,0.2904748340371296,1.0,0.48148148148148145,0.2222222222222222,0.8778778778778779,0.5785785785785786,0.5385385385385385,0.32732732732732733,0.5744153451989187
Stabwound                                                                                                                                                                         - Necrophagist                                    ,0.21171171171171171,0.8998998998998999,0.27127127127127126,0.5025025025025025,1.0,0.8778778778778779,0.12830977371014046,0.6803209793804064,0.7665619441097146,0.05005005005005005,0.10313212937544704,0.46263354889313857
Cancer of the Soul                                                                                                                                                                - Bloodbath                                       ,0.05905905905905906,0.9669669669669669,0.5445445445445445,0.8522161505768063,1.0,0.8118118118118118,0.08802015844269362,0.5199297012302284,0.028778778778778772,0.05005005005005005,0.36036036036036034,0.11995673349493212
Blinded By Fear                                                                                                                                                                   - At The Gates                                    ,0.16166166166166168,0.9904904904904905,0.6341341341341341,0.4148513197801011,1.0,0.9049049049049049,0.061268603059454425,0.9784784784784785,0.6431431431431431,0.5385385385385385,0.05370585309235617,0.5754967920437729
Grotesque Impalement                                                                                                                                                              - Dying Fetus                                     ,0.2857857857857858,0.7102102102102101,0.16616616616616617,0.48255687973997835,1.0,0.7917917917917918,0.1843071119287878,0.6988623793556529,0.23908785591028592,0.5385385385385385,0.4964964964964965,0.20837627221955846
Sacrifice Unto Sebek                                                                                                                                                              - Nile                                            ,0.013763763763763764,0.8938938938938938,1.0,0.5721471111399169,0.0,0.8833833833833833,0.08716655195528437,0.8724910669183115,0.2852852852852853,1.0,0.08343229982467396,0.9846892359222817
Flesh and the Power It Holds                                                                                                                                                      - Death                                           ,0.27427427427427425,0.9109109109109109,0.6341341341341341,0.8842568921068018,1.0,0.8603603603603603,0.15835680734369648,0.5505919699148762,0.130603983002507,0.5385385385385385,0.25225225225225223,0.23207418098099555
Deliverance                                                                                                                                                                       - Opeth                                           ,0.21571571571571574,0.92992992992993,0.3918918918918919,0.8932038788429406,0.0,0.37987987987987987,0.18518518518518517,0.7660692212608159,0.6871871871871872,0.5385385385385385,0.33783783783783783,0.26443358380531157
In The Mist She Was Standing                                                                                                                                                      - Opeth                                           ,0.07607607607607608,0.8998998998998999,0.8058058058058057,0.5814603328878629,0.0,0.9289289289289289,0.1633183895088657,0.6743434660380407,0.8343343343343343,0.5385385385385385,0.05884083692302871,0.8096536022637424
The Night And The Silent Water                                                                                                                                                    - Opeth                                           ,0.1816816816816817,0.6116116116116116,0.3918918918918919,0.432909941743864,0.0,0.6376376376376376,0.32565988537885493,0.7492057871399737,0.6771771771771772,0.05005005005005005,0.4544544544544544,0.872849804019228
Behind Space                                                                                                                                                                      - In Flames                                       ,0.30930930930930933,0.7417417417417418,0.6341341341341341,0.3444643754257166,0.0,0.6516516516516516,0.2173408876592565,0.5430489357568734,0.7987987987987988,0.05005005005005005,0.10828394774236168,0.475145197216042
Lunar Strain                                                                                                                                                                      - In Flames                                       ,0.08858858858858859,0.7812812812812813,0.8883883883883883,0.42554987628120794,1.0,0.7267267267267267,0.11810391864665949,0.38279215130996924,0.013419180567379074,0.5385385385385385,0.2782782782782783,0.06460550834468895
Heathen                                                                                                                                                                           - Master                                          ,0.04954954954954954,0.8558558558558558,0.6341341341341341,0.5897638026616944,1.0,0.7443004023245418,0.2022022022022022,0.5920889987639061,0.8258258258258259,0.5385385385385385,0.18568568568568566,0.9122177793570084
Pledge of Allegiance - Original Un-Triggered Mix                                                                                                                                  - Master                                          ,0.2197197197197197,0.9829829829829829,0.8058058058058057,0.6871461399373183,1.0,0.9059059059059059,0.19360029650526944,0.45995995995996,0.13461967121760937,0.5385385385385385,0.01778330054192121,0.257005050620881
What Kind of God                                                                                                                                                                  - Master                                          ,0.31981981981981983,0.9194194194194194,0.6341341341341341,0.4904904904904905,1.0,0.6306306306306306,0.0980980980980981,0.9844844844844844,0.7357357357357357,0.5385385385385385,0.5266647147578986,0.2893445979005056
Waiting For The Funeral                                                                                                                                                           - Post Mortem                                     ,0.34434434434434436,0.8218218218218218,0.7217217217217218,0.6504892301502472,0.0,0.7263344160166444,0.4032756489493202,0.2879654233136493,0.24424424424424424,0.5385385385385385,0.3898733273086944,0.3867190294100139
Armies Of The Dead                                                                                                                                                                - Post Mortem                                     ,0.5146443514644369,0.9994994994994995,0.16616616616616617,0.47641010131559053,0.0,0.6401133487822259,0.5875875875875876,0.49940968122786306,0.35235235235235235,0.5385385385385385,0.02002002002002002,0.24244526270770972
Nightfall by the Shore of Time                                                                                                                                                    - Dark Tranquillity                               ,0.07807807807807808,0.8558558558558558,0.5445445445445445,0.6071708136964502,0.0,0.9099099099099099,0.09682944898550648,0.7347910613851516,0.9099099099099099,0.5385385385385385,0.3933933933933934,0.7919036884791596
Crimson Winds                                                                                                                                                                     - Dark Tranquillity                               ,0.02702702702702703,0.8748748748748749,0.16616616616616617,0.652979414951246,0.0,0.7237237237237237,0.07547547547547548,0.8613613613613613,0.36936936936936937,0.5385385385385385,0.4144144144144144,0.9077900823811503
A Bolt of Blazing Gold                                                                                                                                                            - Dark Tranquillity                               ,0.2552552552552553,0.7122122122122122,0.5445445445445445,0.5097602511347252,0.0,0.37287287287287285,0.22122122122122123,0.7917917917917918,0.49199199199199195,0.5385385385385385,0.47347347347347346,0.6976491503050394
Skywards                                                                                                                                                                          - Dark Tranquillity                               ,0.11611611611611611,0.9274274274274275,0.5445445445445445,0.5410740625561696,0.0,0.8118118118118118,0.025030003499998912,0.9189189189189189,0.36936936936936937,0.5385385385385385,0.35535535535535534,0.8739082641186235
Punish My Heaven                                                                                                                                                                  - Dark Tranquillity                               ,0.09109109109109109,0.980980980980981,0.7217217217217218,0.872102672300374,0.0,0.8938938938938938,0.20026601089363727,0.5978812524608396,0.016057103957827844,0.5385385385385385,0.22822822822822822,0.7378016976137683
Dark Recollections                                                                                                                                                                - Carnage                                         ,0.16816816816816815,0.8423423423423424,0.5445445445445445,0.41924333827593546,1.0,0.6446446446446447,0.1061061061061061,0.9874476987447703,0.944944944944945,0.5385385385385385,0.3203203203203203,0.36018277929489356
Torn Apart                                                                                                                                                                        - Carnage                                         ,0.26726726726726724,0.8218218218218218,0.5445445445445445,0.4105025041199553,1.0,0.56006006006006,0.11275748158613602,0.9054054054054055,0.6936936936936937,0.5385385385385385,0.4064064064064064,0.21171611755926756
Blasphemies of the Flesh                                                                                                                                                          - Carnage                                         ,0.14914914914914915,0.34234234234234234,0.6341341341341341,0.1251351197486752,1.0,0.45245245245245247,0.1536771255670059,0.8038038038038038,0.7232232232232232,0.5385385385385385,0.4079079079079079,0.48238260722970844
Death Evocation                                                                                                                                                                   - Carnage                                         ,0.16716716716716717,0.4719925762135247,0.5445445445445445,0.15311097260782802,1.0,0.2127127127127127,0.15317694550218258,0.9951591759123133,0.8223223223223224,0.5385385385385385,0.3963963963963964,0.4634087357844609
Decomposed                                                                                                                                                                        - Gorefest                                        ,0.1015571429740367,0.8278278278278278,0.7217217217217218,0.6939797681162466,1.0,0.7782782782782782,0.029143466993411,0.7499999999999999,0.028028028028028028,0.5385385385385385,0.43243243243243246,0.5654682302215832
Burnt Identity                                                                                                                                                                    - Morgoth                                         ,0.17517517517517517,0.9874874874874875,0.27127127127127126,0.6721922338788554,1.0,0.9159159159159159,0.0980980980980981,0.5244923405771286,0.9402869212029518,0.5385385385385385,0.022689356022689365,0.5020532282437045
Born in a Casket                                                                                                                                                                  - Cannibal Corpse                                 ,0.30930930930930933,0.993993993993994,0.3918918918918919,0.37657154259042114,1.0,0.9706237784040987,0.09682944898550648,0.651730923470054,0.14714714714714713,0.5385385385385385,0.03803803803803804,0.8127055949600215
Deep In Your Subconcious                                                                                                                                                          - Atrocity                                        ,0.15215215215215216,0.9904904904904905,0.7217217217217218,0.8907131763005229,0.0,0.8903903903903905,0.15835680734369648,0.5766495508763549,0.27927927927927926,0.5385385385385385,0.0952212621402629,0.7722946147011086
Veil of Maya                                                                                                                                                                      - Cynic                                           ,0.26226226226226224,0.9829829829829829,0.8058058058058057,0.5203791327381923,0.0,0.7757757757757757,0.1848088680753006,0.6683134417965223,0.4244244244244244,0.5385385385385385,0.12712712712712712,0.7184515281317486
Christ Denied                                                                                                                                                                     - Deicide                                         ,0.23994545392850475,0.8838838838838838,0.16616616616616617,0.4801374211688573,1.0,0.6246246246246246,0.061560167138759864,0.7747747747747747,0.36036036036036034,0.5385385385385385,0.7042042042042043,0.5342444341689819
Serpents of the Light                                                                                                                                                             - Deicide                                         ,0.2872872872872873,0.977977977977978,0.16616616616616617,0.8035528491353424,1.0,0.938938938938939,0.2990268483975637,0.8208208208208209,0.6431431431431431,0.5385385385385385,0.12367020242752635,0.34752435926880837
Gelid Remains                                                                                                                                                                     - Demolition Hammer                               ,0.2272272272272272,0.6686686686686687,1.0,0.20645311442946998,1.0,0.5425425425425425,0.04106102757576729,0.5636588380716935,0.16716716716716717,0.5385385385385385,0.5605605605605606,0.13151080777657811
If The Truth Be Known                                                                                                                                                             - Napalm Death                                    ,0.26426426426426425,0.7892892892892893,0.16616616616616617,0.15332367927457,1.0,0.8393393393393394,0.050050050050050046,0.8069545654869889,0.35235235235235235,0.5385385385385385,0.2977977977977978,0.42339211867346127
'Til Death                                                                                                                                                                        - Obituary                                        ,0.10810810810810811,0.8723723723723724,1.0,0.49564025507465054,1.0,0.8368368368368369,0.05754565039252888,0.46239591391945967,0.044530906227564324,0.5385385385385385,0.05825375277430072,0.8230623596340564
The Secrecies of Horror                                                                                                                                                           - Pestilence                                      ,0.29979979979979976,0.9589589589589589,0.8883883883883883,0.5671152634115597,0.0,0.7080911935628073,0.07393681959704974,0.7371273613389585,0.6891891891891893,0.5385385385385385,0.3103103103103103,0.3683410528208708
I'm in Pain                                                                                                                                                                       - Obituary                                        ,0.16016016016016016,0.9384384384384384,0.0,0.5965965965965966,1.0,0.6536536536536537,0.08572081299354027,0.6102980129238335,0.7622622622622623,0.5385385385385385,0.18218218218218218,0.8496196574016291
Back to One                                                                                                                                                                       - Obituary                                        ,0.25075075075075076,0.9169169169169169,0.27127127127127126,0.5788135507365022,1.0,0.7371160994074497,0.1434351017684351,0.5405405405405406,0.49199199199199195,0.5385385385385385,0.1971971971971972,0.5295746836288756
Dead Silence                                                                                                                                                                      - Obituary                                        ,0.25075075075075076,0.8688688688688688,0.3383383383383384,0.5813388409670758,1.0,0.8553553553553553,0.1291617473435655,0.6363611556873824,0.08408408408408408,0.5385385385385385,0.21621621621621623,0.5050377635809568
Anti-Tank (Dead Armour)                                                                                                                                                           - Bolt Thrower                                    ,0.38538538538538536,0.7087087087087087,0.5445445445445445,0.4843645342054673,1.0,0.3563563563563564,0.015789104284679504,0.7747747747747747,0.3963963963963964,0.5385385385385385,0.5387722132471731,0.6045762540607905
Breeding the Spawn - Pierced Version                                                                                                                                              - Suffocation                                     ,0.22522522522522523,0.6776776776776776,0.16616616616616617,0.2932747420710738,1.0,0.8368368368368369,0.028704694318768976,0.9754754754754755,0.17791685292802858,0.5385385385385385,0.7507507507507507,0.3712368950694288
Awakening...                                                                                                                                                                      - Necrophobic                                     ,0.11411411411411411,0.9409409409409409,0.27127127127127126,0.7643078307917238,1.0,0.8538538538538538,0.21882642035408148,0.7835305043426872,0.6146146146146146,0.5385385385385385,0.11163290950524993,0.5634857978632751
Fermented Offal Discharge                                                                                                                                                         - Necrophagist                                    ,0.24474474474474472,0.9504504504504505,0.8883883883883883,0.8503078072533802,0.0,0.92992992992993,0.06406406406406406,0.7416881998277347,0.8853853853853855,0.5385385385385385,0.107285683325708,0.424704394793789
Lock up Your Children                                                                                                                                                             - Morbid Saint                                    ,0.23623623623623624,0.980980980980981,0.16616616616616617,0.43112343112343116,0.0,0.7107107107107107,0.12486629915970429,0.6513187304425571,0.6061061061061062,0.5385385385385385,0.056456247570063754,0.3702876783760162
Devoured by Vermin                                                                                                                                                                - Cannibal Corpse                                 ,0.050883383383383364,0.9614614614614614,0.6341341341341341,0.36714016719422127,1.0,0.943943943943944,0.17142857142857143,0.8168168168168168,0.5245245245245245,0.05005005005005005,0.06435262077720177,0.9689885032331014
Mass Appeal Madness                                                                                                                                                               - Napalm Death                                    ,0.19769769769769768,0.8153153153153153,0.16616616616616617,0.1679722778698888,1.0,0.7541732168410021,0.1422240958887968,0.96996996996997,0.516016016016016,0.5385385385385385,0.13913913913913914,0.370317055795063
Cold                                                                                                                                                                              - At The Gates                                    ,0.15865865865865864,0.9589589589589589,0.6341341341341341,0.5018007481165375,1.0,0.8198198198198198,0.023523210201562526,0.8078078078078078,0.9752948726077325,0.05005005005005005,0.33983983983983984,0.7087087087087087
Funeral Inception                                                                                                                                                                 - Suffocation                                     ,0.2197197197197197,0.7077077077077077,1.0,0.4434449590309939,0.0,0.8628628628628628,0.10411857611468837,0.8778778778778779,0.7062062062062062,0.5385385385385385,0.2122122122122122,0.3002004785617286
Dehydrated                                                                                                                                                                        - Pestilence                                      ,0.12512512512512514,0.9984984984984986,0.5445445445445445,0.8151888475894365,0.0,0.8428428428428428,0.10950950950950951,0.5095927276846524,0.44994994994994997,0.5385385385385385,0.022022022022022022,0.38438657419590305
Unfit Earth                                                                                                                                                                       - Napalm Death                                    ,0.26226226226226224,0.6796796796796797,0.6341341341341341,0.135391561829154,1.0,0.924924924924925,0.07995781370122312,0.8088088088088088,0.8448448448448449,0.5385385385385385,0.36036036036036034,0.3612085035506226
Gasping for Air - Studio                                                                                                                                                          - Autopsy                                         ,0.025043707754906153,0.7632632632632632,0.7217217217217218,0.465355558638308,1.0,0.7337337337337337,0.049929116442600535,0.7310507674144037,0.23223223223223222,0.5385385385385385,0.3983983983983984,0.10479417305129708
Black Seeds of Vengeance                                                                                                                                                          - Nile                                            ,0.14314314314314314,0.7257257257257257,0.0,0.39627134950381154,1.0,0.8568568568568569,0.22303369098067505,0.8478478478478478,0.8048048048048048,0.05005005005005005,0.0824643029038986,0.5317298025729452
Skull Fracturing Nightmare                                                                                                                                                        - Demolition Hammer                               ,0.1931931931931932,0.9589589589589589,0.7217217217217218,0.5850047019695143,1.0,0.8833833833833833,0.036181197435256884,0.7465259474533046,0.06606606606606606,0.5385385385385385,0.5095095095095095,0.21111891354002646
The Immortals                                                                                                                                                                     - Unleashed                                       ,0.44494494494494496,0.3993993993993994,0.5445445445445445,0.2606969669817945,1.0,0.05055055055055055,0.18762016773945206,0.5448308089694519,0.7022022022022022,0.5385385385385385,0.12074984304203448,0.3770240737339816
Lord of All Fevers & Plague                                                                                                                                                       - Morbid Angel                                    ,0.058058058058058054,0.9214214214214214,0.16616616616616617,0.5048061614630841,1.0,0.92992992992993,0.022397162699776183,0.5622288955622289,0.6706706706706707,0.5385385385385385,0.3173173173173173,0.9609570700323444
Lost                                                                                                                                                                              - God Macabre                                     ,0.23173173173173173,0.7187187187187187,0.27127127127127126,0.5739496548071199,1.0,0.6696696696696697,0.04260196841574586,0.6508717031738935,0.8448448448448449,0.5385385385385385,0.43993993993993996,0.4011709458972147
Phrenetic Tendencies                                                                                                                                                              - Fleshcrawl                                      ,0.14164164164164164,0.7752752752752752,0.5445445445445445,0.3078313378508019,1.0,0.5525525525525525,0.1837370858567866,0.747340923811512,0.08108108108108109,1.0,0.2727727727727728,0.7864857449189188
Black Label                                                                                                                                                                       - Lamb of God                                     ,0.23723723723723725,0.9029029029029029,0.27127127127127126,0.8595859993787643,1.0,0.6536536536536537,0.12648398951487178,0.8385130572841577,0.8628628628628628,0.5385385385385385,0.4124124124124124,0.16023068642561228
The Black Dahlia                                                                                                                                                                  - Lamb of God                                     ,0.36186186186186187,0.8583583583583583,0.27127127127127126,0.8870015356704922,1.0,0.7707707707707707,0.13599530365722373,0.7516239969430646,0.020145145145145142,0.5385385385385385,0.6906906906906907,0.15927457703149828
My Ending Quest - remastered 2012                                                                                                                                                 - Gorement                                        ,0.05305305305305305,0.5215215215215215,0.5445445445445445,0.6045211878545211,1.0,0.5667947700405197,0.09249031815403497,0.6781703169137722,0.0937655880493809,0.05005005005005005,0.2222222222222222,0.9558642961651759
Confessions of a Serial Killer                                                                                                                                                    - Gorefest                                        ,0.0990990990990991,0.8303303303303303,0.16616616616616617,0.6633884666964684,1.0,0.8118118118118118,0.07319564542111841,0.788356454264899,0.05266196975231001,0.05005005005005005,0.23523523523523523,0.5165526688688162
Bind Torture Kill                                                                                                                                                                 - Suffocation                                     ,0.32932932932932935,0.9854854854854855,1.0,0.646707292999609,1.0,0.8753753753753755,0.07116530529444257,0.6903971033852188,0.45545545545545546,0.5385385385385385,0.21521521521521522,0.37553562666567486
Transmogrified                                                                                                                                                                    - Solstice                                        ,0.2730210016155089,0.993993993993994,1.0,0.8141394406454647,1.0,0.9089089089089089,0.09289257076867695,0.579456906729634,0.6146146146146146,0.5385385385385385,0.3533533533533533,0.41154999727262215
Cleansed Of Impurity                                                                                                                                                              - Solstice                                        ,0.2702702702702703,0.993993993993994,0.7217217217217218,0.816171954747413,0.0,0.8675282714054926,0.11308016632314798,0.4702236502354709,0.8318318318318318,0.5385385385385385,0.2872872872872873,0.3731395675041449
To The Depths (In Degradation)                                                                                                                                                    - Infester                                        ,0.11261261261261261,0.3758758758758759,0.5445445445445445,0.20972359768346388,1.0,0.3088088088088088,0.1894384446459498,0.8613613613613613,0.0970970970970971,0.5385385385385385,0.4184184184184184,0.05096901634547299
Chamber Of Reunion                                                                                                                                                                - Infester                                        ,0.14464464464464466,0.5835835835835835,0.5445445445445445,0.24305379720894996,0.0,0.6276255903121575,0.24424424424424424,0.7627627627627628,0.5965965965965966,0.5385385385385385,0.26412682112163977,0.8707017465249356
Braded Into Palsy                                                                                                                                                                 - Infester                                        ,0.1041041041041041,0.44344344344344344,0.3918918918918919,0.16660400501166403,1.0,0.5495495495495496,0.25620940007642334,0.8803803803803805,0.3963963963963964,0.5385385385385385,0.2782782782782783,0.22699192301030113
Seasons                                                                                                                                                                           - Oppressor                                       ,0.23523523523523523,0.7387387387387387,0.8883883883883883,0.5025025025025025,0.0,0.8568568568568569,0.18057290867509843,0.9951591759123133,0.7622622622622623,0.005005005005005005,0.2852852852852853,0.30591850640650353
Eclipse into Eternity                                                                                                                                                             - Oppressor                                       ,0.22622622622622623,0.8558558558558558,0.0,0.4942026086079103,1.0,0.8833833833833833,0.1866885536899884,0.95995995995996,0.8193193193193193,0.5385385385385385,0.17317317317317318,0.7508857299889379
And the Angel Fell (The Suffering)                                                                                                                                                - Oppressor                                       ,0.29979979979979976,0.7652652652652652,0.16616616616616617,0.5237477007139928,1.0,0.7917917917917918,0.16556556556556556,0.96996996996997,0.5825825825825826,0.5385385385385385,0.20020020020020018,0.06163863455183155
Passage                                                                                                                                                                           - Oppressor                                       ,0.17717717717717718,0.7417417417417418,0.27127127127127126,0.26311692355597066,1.0,0.8143143143143143,0.11449567720684746,0.6044843786856758,0.7232232232232232,0.05005005005005005,0.12273883504225781,0.8957504009981986
Rage Within                                                                                                                                                                       - Resurrection                                    ,0.23823823823823823,0.9439439439439439,0.8058058058058057,0.7000104823293737,1.0,0.8393393393393394,0.1011011011011011,0.6656656656656657,0.8724910669183115,0.5385385385385385,0.17417417417417416,0.8473366234613932
Disembodied                                                                                                                                                                       - Resurrection                                    ,0.22322322322322322,0.8423423423423424,0.3918918918918919,0.5779079113560684,1.0,0.9029029029029029,0.11586523804285971,0.6493993993993994,0.8083083083083082,0.5385385385385385,0.44544544544544545,0.8681842667544633
Embalmed Existence                                                                                                                                                                - Resurrection                                    ,0.13213213213213212,0.9274274274274275,0.7217217217217218,0.6192980245078653,1.0,0.6802069715380943,0.09189758026523855,0.7327327327327328,0.22422422422422422,0.5385385385385385,0.33483483483483484,0.8582197451134657
Black Vision                                                                                                                                                                      - Purtenance                                      ,0.05655655655655656,0.980980980980981,0.5445445445445445,0.5619083673741329,1.0,0.9978311644978312,0.29287790013005094,0.7047047047047047,0.8178178178178178,0.05005005005005005,0.03303303303303303,0.9729399667509464
Deep Blue Darkness                                                                                                                                                                - Purtenance                                      ,0.006013480019596227,0.952952952952953,0.6341341341341341,0.6460773303385208,1.0,0.9129129129129129,0.22754345306274093,0.7508597630875047,0.7417417417417418,0.5385385385385385,0.15615615615615616,0.05164005120406814
A Dark Cloud Arises                                                                                                                                                               - Purtenance                                      ,0.03203203203203203,0.993993993993994,0.5445445445445445,0.7003612979757514,1.0,0.9903424222891777,0.2946848351389445,0.7741074407741074,0.8868868868868869,0.5385385385385385,0.03303303303303303,0.15816277343592228
Prevent Anemia                                                                                                                                                                    - Wombbath                                        ,0.16716716716716717,0.9169169169169169,1.0,0.6843959115427259,0.0,0.8978978978978979,0.0655905066951149,0.8128128128128128,0.5540540540540541,0.5385385385385385,0.2727727727727728,0.14939723186490442
Intestinal Bleeding                                                                                                                                                               - Wombbath                                        ,0.27127127127127126,0.9029029029029029,1.0,0.6384733692025357,1.0,0.8178178178178178,0.10716261061946902,0.8598598598598598,0.9109109109109109,0.5385385385385385,0.47997997997998,0.2119352451292939
Dog Days                                                                                                                                                                          - Comecon                                         ,0.1921921921921922,0.8558558558558558,0.4664664664664665,0.3898012416561639,0.0,0.5801487315431539,0.026507456538630764,0.7886407875034546,0.8758758758758759,0.5385385385385385,0.3963963963963964,0.21321431012428818
Democrator                                                                                                                                                                        - Comecon                                         ,0.3838838838838839,0.8108108108108109,0.4664664664664665,0.36300885777325564,0.0,0.7132132132132132,0.14117368576109496,0.7383799984956054,0.5405405405405406,0.5385385385385385,0.049669628529119915,0.32449190700888664
The Ethno-Surge                                                                                                                                                                   - Comecon                                         ,0.24224224224224225,0.6671671671671671,0.4664664664664665,0.3490795894088891,0.0,0.8728728728728729,0.08406060018963245,0.9754754754754755,0.05654281098546041,0.5385385385385385,0.25575575575575576,0.3676898563766101
Wash Away the Filth                                                                                                                                                               - Comecon                                         ,0.14614614614614616,0.7477477477477478,0.16616616616616617,0.4148513197801011,1.0,0.5985985985985985,0.03493684348385203,0.7714124473017753,0.6401401401401401,0.5385385385385385,0.28928928928928926,0.9959802559915362
Regurgitation of Giblets                                                                                                                                                          - Carcass                                         ,0.018018018018018018,0.6106106106106106,0.3383383383383384,0.17121612732563807,0.0,0.44244244244244246,0.12803722104349932,0.9504504504504505,0.7042042042042043,0.5385385385385385,0.062172400801993655,0.2658907908911542
Maggot Colony                                                                                                                                                                     - Carcass                                         ,0.09109109109109109,0.6186186186186187,0.5445445445445445,0.15145582926768814,1.0,0.6163455426229149,0.07507507507507508,0.992992992992993,0.8168168168168168,0.5385385385385385,0.15615615615615616,0.32231575222667586
Pyosisified (Rotten to the Gore)                                                                                                                                                  - Carcass                                         ,0.03303303303303303,0.6326326326326326,0.3918918918918919,0.16713196953244824,0.0,0.5625625625625625,0.16866866866866864,0.9844844844844844,0.7817817817817818,0.5385385385385385,0.13113113113113112,0.3107565723774047
Reek of Putrefaction                                                                                                                                                              - Carcass                                         ,0.009506564056133997,0.6026026026026026,0.27127127127127126,0.18018018018018017,1.0,0.8273273273273274,0.07010281127928186,0.7693276831207866,0.03303303303303303,0.5385385385385385,0.04523424878836833,0.07810022238369985
Exhume to Consume                                                                                                                                                                 - Carcass                                         ,0.09109109109109109,0.6186186186186187,1.0,0.18105473814816372,0.0,0.7477477477477478,0.012932464285792738,0.8508508508508509,0.7397397397397397,0.5385385385385385,0.23012552301255204,0.39837771465582483
Excoriating Abdominal Emanation                                                                                                                                                   - Carcass                                         ,0.07607607607607608,0.6951951951951951,0.5445445445445445,0.1957166180139153,1.0,0.7572572572572572,0.07707707707707707,0.7487487487487487,0.6706706706706707,0.5385385385385385,0.27427427427427425,0.09511300538796932
Inpropagation                                                                                                                                                                     - Carcass                                         ,0.16366366366366364,0.6656656656656657,0.8058058058058057,0.22202422496448426,1.0,0.6731731731731732,0.07807807807807808,0.6939930351425063,0.7917917917917918,0.5385385385385385,0.25125125125125125,0.8246423008194459
Symposium of Sickness                                                                                                                                                             - Carcass                                         ,0.08058058058058058,0.6796796796796797,0.16616616616616617,0.2230960416503152,1.0,0.6966966966966966,0.056289849500324764,0.7593912698277026,0.3033033033033033,0.5385385385385385,0.25125125125125125,0.09044176675324939
Buried Dreams                                                                                                                                                                     - Carcass                                         ,0.25075075075075076,0.8078078078078078,0.3918918918918919,0.22622622622622623,1.0,0.5365365365365365,0.033212258642034836,0.7147579693034238,0.6146146146146146,0.5385385385385385,0.4184184184184184,0.7760076733852524
Carnal Forge                                                                                                                                                                      - Carcass                                         ,0.16366366366366364,0.8838838838838838,0.16616616616616617,0.18178569919043658,0.0,0.4444444444444444,0.005953104118576113,0.7547547547547547,0.7964936325020066,0.5385385385385385,0.35435435435435436,0.25525316974872925
Heartwork                                                                                                                                                                         - Carcass                                         ,0.0920920920920921,0.8838838838838838,0.3918918918918919,0.1686932863403452,0.0,0.5165165165165165,0.004004004004004004,0.6929172961781658,0.8327878547763823,0.5385385385385385,0.36336336336336333,0.17070489828688523
Keep On Rotting in the Free World                                                                                                                                                 - Carcass                                         ,0.23523523523523523,0.5395395395395395,0.27127127127127126,0.2679931365284986,1.0,0.45809440013261676,0.06593143515695933,0.6872276355484455,0.5965965965965966,0.5385385385385385,0.8451882845188295,0.9133362339389421
Go to Hell                                                                                                                                                                        - Carcass                                         ,0.19456467817123554,0.7257257257257257,0.8058058058058057,0.24318859534873558,1.0,0.6596596596596597,0.06706071220081727,0.5600666589510404,0.496996996996997,0.5385385385385385,0.49702281228597006,0.9216373091364215
Living Dead                                                                                                                                                                       - Entombed                                        ,0.062062062062062065,0.8648648648648649,0.16616616616616617,0.5385887754560151,1.0,0.8603603603603603,0.01975920752923079,0.8613613613613613,0.7567567567567568,0.5385385385385385,0.3073073073073073,0.13844574167797036
Night Of The Vampire                                                                                                                                                              - Entombed                                        ,0.07917016197270975,0.8808808808808809,0.7217217217217218,0.572751205152521,1.0,0.743406347787215,0.0838162209129951,0.9094094094094094,0.9900345445934182,0.5385385385385385,0.25925925925925924,0.4931613770563754
Eyemaster                                                                                                                                                                         - Entombed                                        ,0.2062062062062062,0.9029029029029029,0.6341341341341341,0.6286961168507303,1.0,0.7862862862862863,0.02452932973397854,0.7997997997997998,0.08108108108108109,0.5385385385385385,0.2782782782782783,0.44447291987015203
Rapture                                                                                                                                                                           - Morbid Angel                                    ,0.3793793793793794,0.8913913913913913,0.8058058058058057,0.36228304568343045,1.0,0.7942942942942943,0.07507507507507508,0.6256817819354727,0.9259259259259259,0.5385385385385385,0.1061061061061061,0.8116464484189999
God of Emptiness                                                                                                                                                                  - Morbid Angel                                    ,0.3588588588588588,0.6951951951951951,0.5445445445445445,0.30430430430430433,1.0,0.6686686686686687,0.27909256089468104,0.5927367055771725,0.8508508508508509,0.5385385385385385,0.2927927927927928,0.4890087722672851
Twilight                                                                                                                                                                          - Edge Of Sanity                                  ,0.014787409218963746,0.8348348348348349,0.6341341341341341,0.6826826826826827,1.0,0.7381431461240869,0.1430665558719476,0.5215215215215215,0.9089089089089089,0.5385385385385385,0.06658350807286978,0.8735105028917546
Of Darksome Origin                                                                                                                                                                - Edge Of Sanity                                  ,0.04804804804804805,0.6586586586586587,0.6341341341341341,0.7747470097835061,1.0,0.6086086086086087,0.029143466993411,0.5725725725725725,0.632132132132132,0.5385385385385385,0.2097097097097097,0.4135527450689828
Blood-Coloured                                                                                                                                                                    - Edge Of Sanity                                  ,0.11261261261261261,0.7602602602602602,0.7217217217217218,0.751782635037517,1.0,0.47297297297297297,0.14550913357627232,0.0,0.8223223223223224,0.5385385385385385,0.47997997997998,0.08709587572455536
"Crimson, Pt. 1                                                                                                                                                                  - Edge Of Sanity                                  ",0.13763763763763764,0.7932932932932932,0.6341341341341341,0.4969097651421507,1.0,0.6922455573505654,0.2613318576412611,0.8788788788788788,0.9898684076773121,0.5385385385385385,0.26176176176176175,0.8758540728657435
"Crimson, Pt. 2                                                                                                                                                                  - Edge Of Sanity                                  ",0.1506276150627616,0.8598598598598598,0.27127127127127126,0.6368936069565646,1.0,0.6879311129311128,0.13056086120336532,0.8050961108627627,0.5930930930930931,0.5385385385385385,0.2698970156597275,0.1212293248043962
No Destiny                                                                                                                                                                        - Edge Of Sanity                                  ,0.07557557557557558,0.977977977977978,0.16616616616616617,0.6966564483120775,0.0,0.6751751751751751,0.03891490137262404,0.8342507226853022,0.8643643643643644,0.5385385385385385,0.4701130856219709,0.9099785430543021
Hell Written                                                                                                                                                                      - Edge Of Sanity                                  ,0.17517517517517517,0.9439439439439439,0.27127127127127126,0.7295693795248823,1.0,0.7812812812812813,0.0960960960960961,0.7061140356362896,0.8853853853853855,0.5385385385385385,0.32732732732732733,0.44999136204305656
Hell Is Where the Heart Is                                                                                                                                                        - Edge Of Sanity                                  ,0.24824824824824826,0.7452452452452452,0.4664664664664665,0.6096682756257225,0.0,0.6548667010205471,0.16916916916916916,0.5105083109111676,0.7407407407407407,0.5385385385385385,0.5165165165165165,0.5270768604101937
Darkday                                                                                                                                                                           - Edge Of Sanity                                  ,0.12112112112112113,0.9874874874874875,0.3918918918918919,0.5643322225571298,1.0,0.7967967967967968,0.19790318177414948,0.6450603486812696,0.5365365365365365,0.5385385385385385,0.05434971413366054,0.415401769715187
Tales...                                                                                                                                                                          - Edge Of Sanity                                  ,0.24474474474474472,0.4344344344344344,1.0,0.14905070584340302,0.0,0.39289289289289286,0.1011011011011011,0.9734734734734735,0.4764764764764765,0.5385385385385385,0.31431431431431434,0.7163095723216926
Maze of Existence                                                                                                                                                                 - Edge Of Sanity                                  ,0.1931931931931932,0.4114114114114114,0.16616616616616617,0.13175072522481351,1.0,0.3818818818818819,0.1111111111111111,0.8948948948948949,0.4629629629629629,0.5385385385385385,0.37559756017699925,0.8501250065231111
Lunatic of God's Creation                                                                                                                                                         - Deicide                                         ,0.23823823823823823,0.993993993993994,1.0,0.7235188509874327,1.0,0.8528528528528528,0.10153541163313148,0.6736736736736737,0.26926926926926925,0.5385385385385385,0.07935414440709448,0.8384200381890415
Deicide                                                                                                                                                                           - Deicide                                         ,0.37495814553607887,0.92992992992993,1.0,0.5595595595595596,1.0,0.7175066061321983,0.10050503513646766,0.7267267267267267,0.22622622622622623,0.5385385385385385,0.15165165165165168,0.5677837593750313
When Satan Rules His World                                                                                                                                                        - Deicide                                         ,0.17267267267267267,0.7917917917917918,0.16616616616616617,0.5084436884947151,1.0,0.6076076076076076,0.11184517851184518,0.738830030526856,0.06606606606606606,0.05005005005005005,0.5725725725725725,0.8749150028580744
Kill the Christian                                                                                                                                                                - Deicide                                         ,0.3505608375173591,0.8618618618618619,0.16616616616616617,0.4623658511057976,1.0,0.6296296296296297,0.15226698109906492,0.6816816816816816,0.2544426494345719,0.5385385385385385,0.5255255255255256,0.495066867645503
Repent to Die                                                                                                                                                                     - Deicide                                         ,0.2872872872872873,0.8053053053053053,0.16616616616616617,0.3948127122822845,1.0,0.6666666666666666,0.029041665099895784,0.6949707049507449,0.3963963963963964,0.005005005005005005,0.5965965965965966,0.7597221343406861
"With Their Flesh, He'll Create                                                                                                                                                  - Gorguts                                         ",0.14814814814814814,0.9169169169169169,0.8058058058058057,0.4814616278030913,1.0,0.8918918918918919,0.07224361736268842,0.7306273062730627,0.5690690690690691,0.5385385385385385,0.4209209209209209,0.5207001036229539
Condemned to Obscurity                                                                                                                                                            - Gorguts                                         ,0.17517517517517517,0.8668668668668669,0.16616616616616617,0.4629437024509521,1.0,0.8628628628628628,0.11754884278629191,0.7197162361129702,0.4764764764764765,0.05005005005005005,0.2247247247247247,0.8077689011065355
The Erosion of Sanity                                                                                                                                                             - Gorguts                                         ,0.11611611611611611,0.8348348348348349,0.8883883883883883,0.401405358649003,0.0,0.8253253253253253,0.10813955316573118,0.7193146834426449,0.5785785785785786,0.5385385385385385,0.23923923923923923,0.8733165885695658
Obscura                                                                                                                                                                           - Gorguts                                         ,0.04204204204204204,0.9409409409409409,0.7217217217217218,0.9756582803284063,1.0,0.9208400646203552,0.08572081299354027,0.6246246246246246,0.8343343343343343,0.5385385385385385,0.1831831831831832,0.01531609316807709
Malleus Maleficarum / Anthropomorphia                                                                                                                                             - Pestilence                                      ,0.2032032032032032,0.8218218218218218,1.0,0.5401190287440109,1.0,0.8498498498498499,0.006164547023856207,0.6396396396396397,0.0627317676143387,0.5385385385385385,0.3563563563563564,0.5974655212545128
Parricide                                                                                                                                                                         - Pestilence                                      ,0.1896896896896897,0.8598598598598598,1.0,0.5471260815822003,0.0,0.8998291314570387,0.031698365031698365,0.535036794705303,0.9879672709770575,0.5385385385385385,0.4774774774774775,0.7360580973031653
Commandments                                                                                                                                                                      - Pestilence                                      ,0.19456467817123554,0.8778778778778779,1.0,0.5083221965739279,1.0,0.9319319319319319,0.04007258430364433,0.5928664072632944,0.4764764764764765,0.5385385385385385,0.2932932932932933,0.5782113539518192
Chemotherapy                                                                                                                                                                      - Pestilence                                      ,0.12312312312312312,0.8863863863863863,1.0,0.5982672870206962,0.0,0.8818818818818819,0.004168153708534536,0.609091211531262,0.4629629629629629,0.5385385385385385,0.2872872872872873,0.6882503017206172
Praise Of The Almighty                                                                                                                                                            - Hate Eternal                                    ,0.15865865865865864,0.6831831831831832,0.16616616616616617,0.4490444257102905,1.0,0.6556556556556556,0.025422647960439988,0.8238238238238238,0.4629629629629629,0.5385385385385385,0.32432432432432434,0.49209699525405187
Dogma Condemned                                                                                                                                                                   - Hate Eternal                                    ,0.04804804804804805,0.647147147147147,0.3383383383383384,0.47357562895411504,0.0,0.6581086036531582,0.004742677674391397,0.958958958958959,0.6671671671671671,0.05005005005005005,0.2471628365303892,0.8488778925057788
Catacombs                                                                                                                                                                         - Hate Eternal                                    ,0.07007007007007007,0.6216216216216216,0.3383383383383384,0.40296695514799824,0.0,0.612064066260446,0.0035654075127759316,0.9669669669669669,0.7977977977977978,0.5385385385385385,0.24424424424424424,0.3124523490587088
Put them to Death                                                                                                                                                                 - Cannibal Corpse                                 ,0.32732732732732733,0.9719719719719719,0.8883883883883883,0.3794045424946712,0.0,0.8088088088088088,0.13905378311588967,0.6647108598095232,0.2112112112112112,0.5385385385385385,0.26676676676676675,0.39381664198901595
Bastard of Christ                                                                                                                                                                 - Deicide                                         ,0.2962962962962963,0.9854854854854855,0.16616616616616617,0.7514094958459637,1.0,0.8498498498498499,0.4042690273762665,0.8178178178178178,0.2782782782782783,0.05005005005005005,0.33783783783783783,0.32674089151413954
Blame It on God                                                                                                                                                                   - Deicide                                         ,0.2927927927927928,0.8323323323323324,0.16616616616616617,0.676343009676343,1.0,0.9239239239239239,0.33933933933933935,0.9554554554554555,0.6996996996996997,0.5385385385385385,0.29979979979979976,0.5775744385119385
Slave to the Cross                                                                                                                                                                - Deicide                                         ,0.3743743743743744,0.9589589589589589,0.8883883883883883,0.7946017113861994,0.0,0.8903903903903905,0.45345345345345345,0.7617086189758079,0.7582582582582582,0.05005005005005005,0.06557516517044935,0.27453008168732784
Holy Deception                                                                                                                                                                    - Deicide                                         ,0.31981981981981983,0.8668668668668669,0.8883883883883883,0.40540540540540543,0.0,0.6792091826574586,0.04980818283515103,0.7375342789381447,0.43843843843843844,0.05005005005005005,0.4158329858446545,0.19344823847825443
Valley Of The Dead                                                                                                                                                                - Baphomet                                        ,0.1896896896896897,0.6811811811811812,0.7217217217217218,0.34042036204592385,1.0,0.6193018566707794,0.19098529947758475,0.9824824824824825,0.5785785785785786,0.5385385385385385,0.48648648648648646,0.8448987355819572
Homage For Satan                                                                                                                                                                  - Deicide                                         ,0.0920920920920921,0.9719719719719719,1.0,0.9443959832848722,1.0,0.7987987987987988,0.11711711711711711,0.7214746790016959,0.6891891891891893,0.5385385385385385,0.14014014014014015,0.43542266536226854
Scars Of The Crucifix                                                                                                                                                             - Deicide                                         ,0.1931931931931932,0.9854854854854855,0.8883883883883883,0.8887033382251234,0.0,0.7047047047047047,0.2202314086764893,0.8598598598598598,0.26076076076076077,0.5385385385385385,0.13813813813813813,0.2722052098803526
Service for a Vacant Coffin                                                                                                                                                       - Autopsy                                         ,0.15215215215215216,0.6646646646646647,0.16616616616616617,0.3888883512943662,1.0,0.44994994994994997,0.030384618619912738,0.6569903236569903,0.6601601601601601,0.5385385385385385,0.34434434434434436,0.26826368930428307
Ridden with Disease                                                                                                                                                               - Autopsy                                         ,0.2197197197197197,0.8038038038038038,0.27127127127127126,0.41841666751636913,1.0,0.6896896896896897,0.016016016016016016,0.7277509034565804,0.7122122122122122,0.5385385385385385,0.1941941941941942,0.3963223664427035
Meat                                                                                                                                                                              - Autopsy                                         ,0.1111111111111111,0.7137137137137137,0.27127127127127126,0.3933933933933934,1.0,0.634243856987116,0.45585833627883565,0.699814889516382,0.961846793575126,0.5385385385385385,0.0868362831858407,0.6357234651821424
Necrocannibalistic Vomitorium                                                                                                                                                     - Autopsy                                         ,0.25075075075075076,0.7087087087087087,0.3918918918918919,0.40700705733385467,1.0,0.5525525525525525,0.4653418788926944,0.5032510054965144,0.5825825825825826,0.05005005005005005,0.21371371371371373,0.3205410731882111
In the Grip of Winter                                                                                                                                                             - Autopsy                                         ,0.26426426426426425,0.6891891891891893,0.0,0.5466625463535228,1.0,0.5929262595929262,0.665331998665332,0.79915129136919,0.8958958958958959,0.5385385385385385,0.14214214214214213,0.4496091348847351
Slaughterday                                                                                                                                                                      - Autopsy                                         ,0.16916916916916916,0.9874874874874875,0.7217217217217218,0.7115698172399204,1.0,0.8223223223223224,0.30724199916710154,0.7254737883951368,0.8653653653653655,0.5385385385385385,0.05236405427807076,0.36592941209177293
Chaos                                                                                                                                                                             - Vader                                           ,0.005561315863889148,0.8913913913913913,0.5445445445445445,0.47952102503160654,0.0,0.6802069715380943,0.025226325730219448,0.6096728175502792,0.7262262262262262,0.5385385385385385,0.10172771048847423,0.9812660179475644
Breath Of Centuries                                                                                                                                                               - Vader                                           ,0.16716716716716717,0.637137137137137,0.16616616616616617,0.2062585098416668,1.0,0.5185185185185185,0.11819337178609834,0.747578594637418,0.47047047047047047,0.5385385385385385,0.11564559456044815,0.23412771473256577
Final Massacre                                                                                                                                                                    - Vader                                           ,0.08058058058058058,0.5105105105105106,0.16616616616616617,0.2055014857828304,1.0,0.7147147147147147,0.1558638154947726,0.6213765340947386,0.6946946946946947,0.5385385385385385,0.18218218218218218,0.9953635574052934
Shadowfear                                                                                                                                                                        - Vader                                           ,0.17517517517517517,0.8218218218218218,0.16616616616616617,0.9983522352281037,0.0,0.6046046046046046,0.04885091757453859,0.6372786631844668,0.7647647647647647,0.5385385385385385,0.26326326326326327,0.5220666853794326
Predator                                                                                                                                                                          - Vader                                           ,0.6601601601601601,0.5795795795795796,0.8058058058058057,0.9669528881905817,1.0,0.03203203203203203,0.0895639589080487,0.5053496694450411,0.4764764764764765,0.5385385385385385,0.2962962962962963,0.29546835135463523
Dark Transmission                                                                                                                                                                 - Vader                                           ,0.3838838838838839,0.7617617617617618,0.16616616616616617,0.9029029029029029,1.0,0.16016016016016016,0.15915140408584985,0.5787485242030697,0.126587752801345,0.5385385385385385,0.3319870759289177,0.9032726463393908
Sothis                                                                                                                                                                            - Vader                                           ,0.25725725725725723,0.7257257257257257,0.8883883883883883,0.5794665053561561,1.0,0.6206206206206206,0.05105105105105105,0.7093654800209378,0.8148148148148149,0.5385385385385385,0.2247247247247247,0.6817521235829578
Testimony                                                                                                                                                                         - Vader                                           ,0.005419926477519087,0.952952952952953,0.27127127127127126,0.5981068506337237,1.0,0.6990372286828066,0.17699136778013352,0.6689475571828513,0.944944944944945,0.005005005005005005,0.03453453453453455,0.9488696830026957
Dominated Resurgency                                                                                                                                                              - Malevolent Creation                             ,0.15215215215215216,0.9214214214214214,0.27127127127127126,0.33014330884611615,1.0,0.9537545561593658,0.10636957600467019,0.7648170011806376,0.6481481481481481,0.5385385385385385,0.055831862666452736,0.21510653878219554
The Way of All Flesh                                                                                                                                                              - Malevolent Creation                             ,0.12712712712712712,0.9474474474474475,0.27127127127127126,0.6616450006074596,1.0,0.8428428428428428,0.0342793812879283,0.6823952029089377,0.7711787675067968,0.5385385385385385,0.09137895249501597,0.28650340690060544
Visions from Beyond the Grave                                                                                                                                                     - Nocturnus                                       ,0.04104104104104104,0.934934934934935,0.16616616616616617,0.4452990775249121,0.0,0.7707707707707707,0.07757757757757758,0.7577255871446228,0.5505505505505506,0.5385385385385385,0.023023023023023025,0.27864070683710074
Climate Controller                                                                                                                                                                - Nocturnus                                       ,0.22972972972972971,0.5260260260260261,0.16616616616616617,0.19512589389758425,1.0,0.666141456582633,0.20520520520520522,0.6127244936950706,0.2846179512846179,0.5385385385385385,0.6091091091091092,0.8828782668545301
Tribal Vodoun                                                                                                                                                                     - Nocturnus                                       ,0.28428428428428426,0.6226226226226226,1.0,0.18105473814816372,1.0,0.7782782782782782,0.1363566131025958,0.7757757757757757,0.06006006006006006,0.5385385385385385,0.4574574574574575,0.7507327871260856
Arctic Crypt                                                                                                                                                                      - Nocturnus                                       ,0.35435435435435436,0.7102102102102101,0.7217217217217218,0.2169876698178585,0.0,0.7707707707707707,0.1312478036314228,0.6528954265957324,0.002023792898317613,0.5385385385385385,0.6146146146146146,0.30932143497067793
Scavenger of Human Sorrow                                                                                                                                                         - Death                                           ,0.25075075075075076,0.974974974974975,0.6341341341341341,0.8976851439538005,1.0,0.9049049049049049,0.12312312312312312,0.5316024738309107,0.04204204204204204,0.5385385385385385,0.5010010010010011,0.27683307495707216
Your Treachery Will Die WIth You                                                                                                                                                  - Dying Fetus                                     ,0.2902902902902903,0.7232232232232232,0.27127127127127126,0.5875875875875876,1.0,0.4134134134134134,0.13010625737898465,0.8613613613613613,0.7567567567567568,0.5385385385385385,0.45145145145145144,0.4939544287809286
Pain Divine                                                                                                                                                                       - Morbid Angel                                    ,0.35235235235235235,0.9874874874874875,0.16616616616616617,0.2982982982982983,1.0,0.5465465465465466,0.020709688517907696,0.6430439610917831,0.9371820650163584,0.5385385385385385,0.25125125125125125,0.8118058482785288
Living Dissection                                                                                                                                                                 - Cannibal Corpse                                 ,0.22972972972972971,0.974974974974975,0.5445445445445445,0.46748189791804806,1.0,0.6516516516516516,0.18625813762112184,0.9464464464464464,0.5630630630630631,0.05005005005005005,0.6456456456456456,0.8907665081201548
The Cryptic Stench                                                                                                                                                                - Cannibal Corpse                                 ,0.16166166166166168,0.9829829829829829,0.7217217217217218,0.45967825390208056,0.0,0.6509818592872845,0.11151151151151151,0.7997997997997998,0.16750083416750083,0.5385385385385385,0.3908908908908909,0.8204566835851752
The Pick Axe Murders                                                                                                                                                              - Cannibal Corpse                                 ,0.08608608608608609,0.9589589589589589,0.7217217217217218,0.4013168225218163,0.0,0.6776776776776777,0.032188563299152644,0.9319319319319319,0.2772772772772773,0.5385385385385385,0.3893291221607308,0.9739876084938515
Defenstration                                                                                                                                                                     - Cryptopsy                                       ,0.2197197197197197,0.8528528528528528,0.5445445445445445,0.13319808173379655,1.0,0.42842842842842843,0.14314314314314314,0.8763763763763763,0.8343343343343343,0.5385385385385385,0.23723723723723725,0.3142055068702997
Abigor                                                                                                                                                                            - Cryptopsy                                       ,0.13763763763763764,0.8998998998998999,0.8058058058058057,0.16285571858947967,1.0,0.44244244244244246,0.18329177057356608,0.9534534534534534,0.9019019019019019,0.5385385385385385,0.2027463651050081,0.32066648750335924
Premature Burial                                                                                                                                                                  - Electrocution                                   ,0.28428428428428426,0.8688688688688688,0.7217217217217218,0.6831242487704072,1.0,0.9239239239239239,0.043873348916399345,0.6816816816816816,0.6561561561561562,0.5385385385385385,0.3083083083083083,0.7187756054413518
Rising of Infection                                                                                                                                                               - Electrocution                                   ,0.2197197197197197,0.8808808808808809,0.3383383383383384,0.8060319091020844,1.0,0.9219219219219219,0.024276676879001285,0.6743434660380407,0.35235235235235235,0.05005005005005005,0.33483483483483484,0.6352751976625209
They Died Without Crosses                                                                                                                                                         - Electrocution                                   ,0.2017017017017017,0.8423423423423424,0.3383383383383384,0.6446107616320383,1.0,0.9029029029029029,0.0231475998347164,0.7167167167167167,0.23165553096348948,0.5385385385385385,0.3213213213213213,0.6351396467156974
Purity of Sadness                                                                                                                                                                 - Illdisposed                                     ,0.12112112112112113,0.7277277277277278,0.5445445445445445,0.5132469179389999,1.0,0.6540601577186943,0.06457242016751454,0.8763763763763763,0.8278278278278278,0.5385385385385385,0.36036036036036034,0.8555353496846673
A Frame of Mind                                                                                                                                                                   - Illdisposed                                     ,0.2819063004846527,0.8723723723723724,0.16616616616616617,0.4014661785006025,0.0,0.6759259259259259,0.05672631894746347,0.8428428428428428,0.964964964964965,0.5385385385385385,0.18018018018018017,0.8667885530370204
The Hidden Ache                                                                                                                                                                   - Illdisposed                                     ,0.28928928928928926,0.8838838838838838,1.0,0.4536872621979005,0.0,0.6869592088998765,0.0626109409004146,0.8028028028028028,0.7022022022022022,0.05005005005005005,0.19269269269269268,0.7779838256553605
Forbidden Summer Poetry                                                                                                                                                           - Illdisposed                                     ,0.0516962843295638,0.7032032032032032,1.0,0.2704359741732456,1.0,0.7085382208314708,0.022022022022022022,0.8108108108108109,0.8613613613613613,0.5385385385385385,0.14564564564564564,0.36759682831314433
Reversed                                                                                                                                                                          - Illdisposed                                     ,0.008123574998953711,0.7812812812812813,0.16616616616616617,0.399282643687299,1.0,0.7917917917917918,0.06773187890721609,0.7177177177177178,0.09660069600501468,0.5385385385385385,0.052952982428836365,0.03504763789150668
Vision Conquest                                                                                                                                                                   - Napalm Death                                    ,0.22972972972972971,0.6931931931931932,0.16616616616616617,0.1361511485572123,1.0,0.7572572572572572,0.08904807136634249,0.8848848848848849,0.21171171171171171,0.5385385385385385,0.46096096096096095,0.3784530605051673
Mind Snare                                                                                                                                                                        - Napalm Death                                    ,0.15615615615615616,0.5545545545545546,0.8883883883883883,0.1699245705694946,0.0,0.5365365365365365,0.07607607607607608,0.6722028801710076,0.7082082082082082,0.5385385385385385,0.44344344344344344,0.14637855254013696
Inner Incineration                                                                                                                                                                - Napalm Death                                    ,0.2857857857857858,0.7432432432432432,0.7217217217217218,0.1482136610851984,0.0,0.6091091091091091,0.043202433116332255,0.980980980980981,0.7062062062062062,0.5385385385385385,0.482982982982983,0.21598257607969085
I Abstain                                                                                                                                                                         - Napalm Death                                    ,0.2177177177177177,0.9874874874874875,0.16616616616616617,0.7733983983983985,1.0,0.7942942942942943,0.08802015844269362,0.7212233595747042,0.10429960752541398,0.5385385385385385,0.3208208208208208,0.18899149933632695
Dementia Access                                                                                                                                                                   - Napalm Death                                    ,0.16016016016016016,0.9719719719719719,0.7217217217217218,0.8113369780036447,1.0,0.7987987987987988,0.07995781370122312,0.6272040605104469,0.010475487983520826,0.5385385385385385,0.09182466474318855,0.31189559122078403
Bloodlands                                                                                                                                                                        - Cannibal Corpse                                 ,0.24924924924924924,0.9439439439439439,0.16616616616616617,0.3610521228335138,1.0,0.7757757757757757,0.21429114788003142,0.8218218218218218,0.7715867642428229,0.5385385385385385,0.07907907907907907,0.44348330703806477
Remnants of Withered Decay                                                                                                                                                        - Malevolent Creation                             ,0.23823823823823823,0.7407407407407407,0.6341341341341341,0.23703544266521367,0.0,0.7179067008543254,0.1942465265407909,0.5605734192690716,0.11811811811811812,0.5385385385385385,0.4224224224224224,0.3811710635446499
Multiple Stab Wounds                                                                                                                                                              - Malevolent Creation                             ,0.21571571571571574,0.7342342342342343,0.3918918918918919,0.23603746815389637,1.0,0.5680977902610989,0.2174303170994282,0.5348693746483801,0.4074074074074074,0.5385385385385385,0.3738738738738739,0.2880502892311657
Coronation of Our Domain                                                                                                                                                          - Malevolent Creation                             ,0.39039039039039036,0.9139139139139139,0.8883883883883883,0.3608287789285689,0.0,0.8528528528528528,0.17895247321681235,0.592398022249691,0.10233239019366187,0.5385385385385385,0.27127127127127126,0.07671146387661236
Dying                                                                                                                                                                             - Obituary                                        ,0.24824824824824826,0.9139139139139139,0.16616616616616617,0.44775648736044765,1.0,0.6516516516516516,0.0418973227879772,0.7752752752752752,0.5855855855855856,0.5385385385385385,0.27427427427427425,0.750178521371343
Life Demise                                                                                                                                                                       - Unanimated                                      ,0.1921921921921922,0.9669669669669669,0.8058058058058057,0.7367367367367368,0.0,0.963963963963964,0.05231196307785903,0.3370141325570193,0.5245245245245245,0.5385385385385385,0.08004180772713297,0.5495111879957411
Birth of Ignorance                                                                                                                                                                - Brutal Truth                                    ,0.13913913913913914,0.9384384384384384,0.16616616616616617,0.1810167138886862,1.0,0.8653653653653655,0.017747607753332787,0.9942571518887308,0.8883883883883883,0.5385385385385385,0.03164458530595685,0.7632989253447239
Bleed for the Devil                                                                                                                                                               - Morbid Angel                                    ,0.2609547047047047,0.9829829829829829,0.3383383383383384,0.5472805933250928,1.0,0.7202185866509241,0.03203203203203203,0.6356559179408883,0.8488488488488488,0.5385385385385385,0.029029029029029027,0.2104259295219703
Miscarriage - Pungent Stench / Disharmonic Orchestra Split                                                                                                                        - Pungent Stench                                  ,0.2857857857857858,0.6981981981981982,0.16616616616616617,0.3245845845845845,0.0,0.5646292359775505,0.01725689048826368,0.9669669669669669,0.7932932932932932,0.5385385385385385,0.3883883883883884,0.14942056241801355
Molecular Disembowelment - Demo Recordings                                                                                                                                        - Pungent Stench                                  ,0.03753753753753754,0.6586586586586587,0.0,0.4889746000857112,0.0,0.5705705705705706,0.047489170543879355,0.9294294294294294,0.8083083083083082,0.5385385385385385,0.3013013013013013,0.11874647457696111
World Eater                                                                                                                                                                       - Bolt Thrower                                    ,0.07107107107107107,0.977977977977978,1.0,0.5685808845206846,0.0,0.9189189189189189,0.05717309198069217,0.7785352920488056,0.03757205481343414,0.5385385385385385,0.029029029029029027,0.10134079652454825
Inoculated Life                                                                                                                                                                   - Gorguts                                         ,0.1816816816816817,0.9074074074074074,0.8883883883883883,0.4125016025658194,0.0,0.6016016016016016,0.15298958971617269,0.7924591257924591,0.4074074074074074,0.5385385385385385,0.53003003003003,0.11633290008106986
Bodily Corrupted                                                                                                                                                                  - Gorguts                                         ,0.23723723723723725,0.8723723723723724,0.4664664664664665,0.37819603028194054,0.0,0.5856057219490388,0.10520429120361484,0.8408408408408409,0.6871871871871872,0.5385385385385385,0.6196196196196196,0.38827101086716476
Considered Dead                                                                                                                                                                   - Gorguts                                         ,0.13913913913913914,0.9194194194194194,0.16616616616616617,0.4612358374239315,1.0,0.7967967967967968,0.1502031808549282,0.7558714462299135,0.7637637637637638,0.5385385385385385,0.42492492492492495,0.11354345365162435
World Without God                                                                                                                                                                 - Convulse                                        ,0.03803803803803804,0.8998998998998999,0.0,0.5461625845715978,1.0,0.7183127097865221,0.14905973451327434,0.9004004004004005,0.2652652652652653,0.5385385385385385,0.14914914914914915,0.906983784879164
Destined to Fester                                                                                                                                                                - Autopsy                                         ,0.0940940940940941,0.6981981981981982,0.16616616616616617,0.4863520571056011,1.0,0.5971448422106317,0.12236772200512946,0.714521841794569,0.2982982982982983,0.5385385385385385,0.3258258258258258,0.05838497133775135
Legacy of Blood                                                                                                                                                                   - Sorcery                                         ,0.08058058058058058,0.6776776776776776,0.4664664664664665,0.15448058055420752,0.0,0.629060153547625,0.008047853454009435,0.7657615112160567,0.36936936936936937,0.5385385385385385,0.4184184184184184,0.9562608939673721
Spawn of Flesh                                                                                                                                                                    - God Macabre                                     ,0.1026026026026026,0.8278278278278278,0.16616616616616617,0.48065755382828546,1.0,0.6296296296296297,0.008973565094833318,0.7330304403838194,0.5560560560560561,0.5385385385385385,0.39539539539539537,0.910442580177272
Dying Remains                                                                                                                                                                     - Morta Skuld                                     ,0.22972972972972971,0.7702702702702702,0.27127127127127126,0.3809671472714952,1.0,0.2857857857857858,0.2022022022022022,0.7263496528202411,0.8958958958958959,0.5385385385385385,0.3963963963963964,0.7433717828196643
Spiritual Immolation                                                                                                                                                              - Sinister                                        ,0.15865865865865864,0.9169169169169169,0.27127127127127126,0.4488038676155106,1.0,0.8903903903903905,0.26209019940061395,0.9634634634634635,0.9034034034034033,0.5385385385385385,0.10329412516355656,0.6314597959635103
The Return                                                                                                                                                                        - Therion                                         ,0.13213213213213212,0.8173173173173174,0.6341341341341341,0.4142065351094106,1.0,0.7632632632632632,0.0,0.7867867867867868,0.17746982565936525,0.5385385385385385,0.1781781781781782,0.4080142301452336
Beyond the Flesh                                                                                                                                                                  - Disincarnate                                    ,0.03453453453453453,0.8098098098098098,0.27127127127127126,0.5477410490338248,1.0,0.7217217217217217,0.04812322146043584,0.7073275169781977,0.3353353353353353,0.05005005005005005,0.15965965965965967,0.9209448867232405
Dead                                                                                                                                                                              - Autopsy                                         ,0.17967967967967968,0.9324324324324325,0.6341341341341341,0.5677485521235522,1.0,0.7782782782782782,0.5445445445445445,0.7947947947947948,0.8883883883883883,0.5385385385385385,0.09764856768533238,0.3114171521801584
Rotting Ways to Misery                                                                                                                                                            - Sentenced                                       ,0.15465465465465467,0.6906906906906907,0.0,0.3483852827237076,1.0,0.6792091826574586,0.04007258430364433,0.79915129136919,0.6366366366366366,0.5385385385385385,0.3063063063063063,0.5359609457555744
Black Star                                                                                                                                                                        - Carcass                                         ,0.2952952952952953,0.8078078078078078,0.3918918918918919,0.9312991947715136,1.0,0.5565565565565566,0.11556418435495203,0.6344135326190791,0.6671671671671671,0.5385385385385385,0.47347347347347346,0.3663939596221211
Shadows in the Deep                                                                                                                                                               - Unleashed                                       ,0.34734734734734735,0.48848848848848847,0.8883883883883883,0.268699198010362,0.0,0.05055055055055055,0.23167577446306054,0.6916916916916916,0.7622622622622623,0.5385385385385385,0.5665665665665666,0.09659077269019917
Empty Words                                                                                                                                                                       - Death                                           ,0.2927927927927928,0.980980980980981,0.27127127127127126,0.5418969764512266,1.0,0.8818818818818819,0.10397595733644613,0.5840081218981664,0.4169169169169169,0.05005005005005005,0.03803803803803804,0.47443421961769344
Pure Hate                                                                                                                                                                         - Merciless                                       ,0.14814814814814814,0.8348348348348349,0.8058058058058057,0.7700472777481241,0.0,0.8553553553553553,0.03955853493330799,0.6052538163052361,0.7547547547547547,0.5385385385385385,0.3708708708708709,0.850799759515319
Open Casket                                                                                                                                                                       - Death                                           ,0.17117117117117117,0.9874874874874875,0.5445445445445445,0.7634376594787595,0.0,0.94994994994995,0.026011614651101595,0.6705809641532755,0.3868868868868869,0.5385385385385385,0.22022022022022023,0.47745423534270515
Annihilation of the Wicked                                                                                                                                                        - Nile                                            ,0.10010010010010009,0.6511511511511512,0.8058058058058057,0.6264893084382477,0.0,0.501001001001001,0.06244224994224996,0.9464464464464464,0.4074074074074074,0.5385385385385385,0.11008738133836933,0.4139217876670427
As I Behold I Despise                                                                                                                                                             - Demigod                                         ,0.03203203203203203,0.8558558558558558,1.0,0.2992151204031954,0.0,0.7037037037037037,0.08973933596872917,0.8883883883883883,0.9406339024659636,0.5385385385385385,0.10593231396151102,0.8140818846207457
The Glorious Dead                                                                                                                                                                 - Gorefest                                        ,0.17117117117117117,0.9139139139139139,0.16616616616616617,0.5452157079646018,0.0,0.9379379379379379,0.13113113113113112,0.7024103831891223,0.17746982565936525,0.005005005005005005,0.14914914914914915,0.5247497243794683
Monarch of the Sleeping Marches                                                                                                                                                   - Disincarnate                                    ,0.10810810810810811,0.7517517517517518,0.8058058058058057,0.47179797368819,1.0,0.7832832832832832,0.09415623861013243,0.7977977977977978,0.8118118118118118,0.5385385385385385,0.37787787787787785,0.7541785055664126
Suffocation                                                                                                                                                                       - Morbid Angel                                    ,0.23923923923923923,0.955955955955956,1.0,0.5645645645645646,0.0,0.5888354417766184,0.09944144760988308,0.5822002472187887,0.521021021021021,0.5385385385385385,0.4164164164164164,0.5307088080387018
Sacrificed                                                                                                                                                                        - Edge Of Sanity                                  ,0.34034034034034033,0.980980980980981,0.8058058058058057,0.3592972611317381,0.0,0.46646646646646645,0.11631631631631631,0.7232257408313747,0.02039539539539539,0.5385385385385385,0.48648648648648646,0.07566496145397636
Criminal Ecstasy                                                                                                                                                                  - Blackthorn                                      ,0.19769769769769768,0.637137137137137,0.6341341341341341,0.2581847874980203,1.0,0.5965965965965966,0.14823008849557523,0.6237436782365048,0.8613613613613613,0.5385385385385385,0.23423423423423423,0.8542082730894488
Thrones of Death                                                                                                                                                                  - Blackthorn                                      ,0.25875875875875876,0.7632632632632632,0.8883883883883883,0.27860450591682084,1.0,0.7037037037037037,0.15608506422259244,0.6859739531979373,0.959143290756194,0.5385385385385385,0.10810810810810811,0.37181599886226213
Slow Extincion of Life                                                                                                                                                            - Blackthorn                                      ,0.20870870870870872,0.6511511511511512,0.6341341341341341,0.31951484488529835,0.0,0.6056056056056056,0.1338947278616898,0.5835835835835835,0.3278278278278278,0.5385385385385385,0.17717717717717718,0.8592449947128639
Where Sinners Burn                                                                                                                                                                - Necrophobic                                     ,0.12112112112112113,0.9054054054054055,0.27127127127127126,0.7073511967903809,1.0,0.8498498498498499,0.13317650904435677,0.7697697697697697,0.7407407407407407,0.5385385385385385,0.13913913913913914,0.3689962791896264
City of Screaming Statues                                                                                                                                                         - At The Gates                                    ,0.14914914914914915,0.7307307307307307,0.3918918918918919,0.44244244244244246,0.0,0.6966966966966966,0.05538834043650829,0.964964964964965,0.7887887887887888,0.5385385385385385,0.3993993993993994,0.43531994955636044
Jesters of Recession                                                                                                                                                              - Rottrevore                                      ,0.037037037037037035,0.9589589589589589,0.5445445445445445,0.6516516516516516,1.0,0.8198198198198198,0.10785398230088496,0.9214214214214214,0.24924924924924924,0.5385385385385385,0.24424424424424424,0.8939117963513575
Omega Factor                                                                                                                                                                      - Killing Addiction                               ,0.060560560560560556,0.8748748748748749,0.5445445445445445,0.36719422124827533,0.0,0.6436436436436437,0.056871808763176365,0.9094094094094094,0.507007007007007,0.5385385385385385,0.44177309839960444,0.08416106508409911
Morbid Way to Die - remastered 2001                                                                                                                                               - Grave                                           ,0.16816816816816815,0.974974974974975,0.16616616616616617,0.8145736097543326,0.0,0.6966966966966966,0.025160884986812605,0.9464464464464464,0.005563921341854157,0.5385385385385385,0.07676199296238334,0.6343291419607462
Pestilential Mists                                                                                                                                                                - Abhorrence                                      ,0.07107107107107107,0.8583583583583583,0.16616616616616617,0.43543543543543545,1.0,0.8013013013013013,0.05021688355021689,0.7757757757757757,0.09450726978998382,0.5385385385385385,0.34434434434434436,0.7343316666863348
When the Sky Turns Black                                                                                                                                                          - Brutality                                       ,0.12512512512512514,0.7847847847847848,1.0,0.37155966582762556,0.0,0.7122122122122122,0.16816816816816815,0.6630453645379019,0.6996996996996997,0.5385385385385385,0.2727727727727728,0.4240002975290497
Morbid Death                                                                                                                                                                      - Interment                                       ,0.04454454454454454,0.8913913913913913,0.3918918918918919,0.2891957311035317,0.0,0.6639415988656769,0.1505743957883747,0.9319319319319319,0.6771771771771772,0.5385385385385385,0.017017017017017015,0.18464123008659472
Repulsive Odor of Descomposition                                                                                                                                                  - Cenotaph                                        ,0.20870870870870872,0.7727727727727728,0.8883883883883883,0.2532332317135718,0.0,0.6719919374786634,0.06647694103911266,0.9844844844844844,0.2082082082082082,0.5385385385385385,0.3083083083083083,0.5326821355159698
Ashes in the Rain                                                                                                                                                                 - Cenotaph                                        ,0.14314314314314314,0.7872872872872874,0.16616616616616617,0.28422910869719387,1.0,0.7862862862862863,0.04300958502321107,0.9754754754754755,0.24767661607507038,0.05005005005005005,0.3163163163163163,0.5345588082930138
Requiem For a Soul Request                                                                                                                                                        - Cenotaph                                        ,0.14814814814814814,0.6351351351351351,0.5445445445445445,0.3581695122736091,1.0,0.5305305305305306,0.03289295400119537,0.980980980980981,0.6646646646646647,0.5385385385385385,0.46196196196196193,0.0029360497885758427
Crying Frost                                                                                                                                                                      - Cenotaph                                        ,0.15615615615615616,0.7432432432432432,0.6341341341341341,0.3207185307797137,0.0,0.7207207207207207,0.13113113113113112,0.5715715715715716,0.7232232232232232,0.5385385385385385,0.1941941941941942,0.2716343743847639
The Ibex Moon                                                                                                                                                                     - Incantation                                     ,0.04854854854854855,0.8493493493493494,0.6341341341341341,0.4301862301862303,1.0,0.8013013013013013,0.13540471372350105,0.9259259259259259,0.13213213213213212,0.5385385385385385,0.02761630221854147,0.7484459674536935
Fading Survival                                                                                                                                                                   - Deceased…                                       ,0.13763763763763764,0.6721721721721721,0.8058058058058057,0.31788543482017895,1.0,0.7447495961227786,0.31184879922017433,0.8238238238238238,0.9385043263288009,0.5385385385385385,0.25725725725725723,0.10137404872251851
The Cemetary's Full                                                                                                                                                               - Deceased…                                       ,0.11411411411411411,0.8278278278278278,0.5445445445445445,0.372665179912223,0.0,0.8498498498498499,0.2602602602602603,0.8548548548548548,0.7547547547547547,0.5385385385385385,0.18568568568568566,0.10882342825826744
Experimenting With Failure                                                                                                                                                        - Deceased…                                       ,0.12312312312312312,0.7892892892892893,0.0,0.43955066177288393,1.0,0.7187187187187187,0.2524505006399157,0.8803803803803805,0.9289289289289289,0.5385385385385385,0.4444444444444444,0.8963271489916244
Morbid Shape in Black                                                                                                                                                             - Deceased…                                       ,0.11261261261261261,0.9214214214214214,0.7217217217217218,0.5394570571265891,1.0,0.8583583583583583,0.04419875757455375,0.98998998998999,0.6561561561561562,0.5385385385385385,0.3708708708708709,0.23714758230413807
The Triangle                                                                                                                                                                      - Deceased…                                       ,0.22322322322322322,0.8378378378378378,0.8058058058058057,0.5658982960506617,1.0,0.8338338338338338,0.12130737554466368,0.8703703703703705,0.8628628628628628,0.5385385385385385,0.5245245245245245,0.7423014099013363
Island of the Unknown                                                                                                                                                             - Deceased…                                       ,0.22622622622622623,0.9274274274274275,0.3383383383383384,0.5638675385422596,1.0,0.9019019019019019,0.08308308308308308,0.9424424424424425,0.026410398230088502,0.5385385385385385,0.3763763763763764,0.4092133744164998
The Silent Creature                                                                                                                                                               - Deceased…                                       ,0.2032032032032032,0.8528528528528528,0.27127127127127126,0.4434449590309939,1.0,0.7485078186877022,0.08423734008678058,0.7974641307974641,0.09635249545897351,0.5385385385385385,0.5440099614539913,0.42307622528747907
Devoid of Truth                                                                                                                                                                   - Suffocation                                     ,0.1831831831831832,0.7702702702702702,0.16616616616616617,0.47260617078483524,1.0,0.8498498498498499,0.04504504504504504,0.985985985985986,0.11511511511511512,0.5385385385385385,0.2652652652652653,0.28161855099839606
Back from the Dead                                                                                                                                                                - Cancer                                          ,0.26726726726726724,0.8053053053053053,0.8058058058058057,0.33719440274562895,1.0,0.8088088088088088,0.07507507507507508,0.6496496496496497,0.4314314314314314,0.05005005005005005,0.24574574574574576,0.7902432089011844
Souls of the Dead                                                                                                                                                                 - Merciless                                       ,0.13063063063063063,0.8248248248248249,0.8058058058058057,0.7417417417417418,0.0,0.8688688688688688,0.028028028028028028,0.7567985166872682,0.05405405405405406,0.5385385385385385,0.24824824824824826,0.8811949809357567
Wings of Funeral                                                                                                                                                                  - Morbid                                          ,0.27627627627627627,0.9254254254254255,0.16616616616616617,0.2990254330711477,0.0,0.5905905905905906,0.5365365365365365,0.9189189189189189,0.8688688688688688,0.5385385385385385,0.2698970156597275,0.5508469630545753
Mental Decay                                                                                                                                                                      - Necrophagia                                     ,0.2062062062062062,0.6146146146146146,0.3918918918918919,0.14460737396517212,1.0,0.5005005005005005,0.33158220024721885,0.8061389337641355,0.6911911911911912,0.5385385385385385,0.3663663663663664,0.829255464063117
Sacrificial Annihilation                                                                                                                                                          - Malevolent Creation                             ,0.25625625625625625,0.8648648648648649,0.27127127127127126,0.2303689161648133,1.0,0.6276255903121575,0.15203564529619254,0.6211951693248451,0.5690690690690691,0.5385385385385385,0.30937921161384835,0.717556141496291
Malevolent Creation                                                                                                                                                               - Malevolent Creation                             ,0.15865865865865864,0.8468468468468469,0.8058058058058057,0.2086621020347088,1.0,0.6206206206206206,0.14170134740821108,0.6943921570742565,0.4629629629629629,0.5385385385385385,0.11369539551357734,0.8380598400800816
Injected Sufferage                                                                                                                                                                - Malevolent Creation                             ,0.27127127127127126,0.7307307307307307,0.3383383383383384,0.21530963977850914,1.0,0.5095095095095095,0.1323843268197244,0.6526601878283836,0.16116116116116116,0.5385385385385385,0.5125125125125125,0.3874455142483988
Wings                                                                                                                                                                             - Sentenced                                       ,0.10560560560560561,0.8098098098098098,0.27127127127127126,0.4227255867172128,1.0,0.7732732732732732,0.049082581190453965,0.6960616416585934,0.9548922080398105,0.5385385385385385,0.3893291221607308,0.2379929673296114
Kadonneet jumalat                                                                                                                                                                 - Rippikoulu                                      ,0.13463463463463465,0.7752752752752752,0.3918918918918919,0.41110844231425936,1.0,0.6886886886886887,0.022022022022022022,0.9669669669669669,0.27227227227227224,0.5385385385385385,0.11878817976378951,0.7892873784265211
Kuolematon totuus                                                                                                                                                                 - Rippikoulu                                      ,0.07407407407407407,0.8153153153153153,0.3918918918918919,0.5083221965739279,1.0,0.7862862862862863,0.029957882141532752,0.988988988988989,0.11811811811811812,0.05005005005005005,0.24274274274274274,0.8759623947279591
Ikuinen piina                                                                                                                                                                     - Rippikoulu                                      ,0.060560560560560556,0.7477477477477478,0.16616616616616617,0.4235938102014094,1.0,0.7334834834834835,0.01376027130911678,0.9919126499771663,0.6286286286286287,0.5385385385385385,0.1891891891891892,0.8435442938030528
Into Nowhere                                                                                                                                                                      - God Macabre                                     ,0.024529329733978537,0.7972972972972974,0.27127127127127126,0.6817192915458813,1.0,0.8698698698698699,0.015789104284679504,0.7757757757757757,0.1655099981871635,0.5385385385385385,0.3563563563563564,0.9804780105163378
Teardrops                                                                                                                                                                         - God Macabre                                     ,0.037037037037037035,0.6586586586586587,1.0,0.7649642461132585,1.0,0.4369369369369369,0.09081263344269125,0.8678678678678678,0.6996996996996997,0.05005005005005005,0.08753090742225719,0.9149360999423146
The Lost Memories                                                                                                                                                                 - Purtenance                                      ,0.11611611611611611,0.9904904904904905,0.6341341341341341,0.5754312177201579,1.0,0.958958958958959,0.2696752703482179,0.7428175319499802,0.6821821821821822,0.5385385385385385,0.05005211486592443,0.567541115595394
Devour the Soul                                                                                                                                                                   - Oppressor                                       ,0.08058058058058058,0.9074074074074074,0.8058058058058057,0.622812651798159,0.0,0.8528528528528528,0.12951593860684768,0.997393979926731,0.061607210706063786,0.5385385385385385,0.15415415415415415,0.9687618465654084
In Exile                                                                                                                                                                          - Oppressor                                       ,0.31981981981981983,0.6646646646646647,0.16616616616616617,0.2631558461777985,1.0,0.629060153547625,0.16956956956956956,0.42625143293847917,0.8523523523523524,0.5385385385385385,0.28428428428428426,0.06326098002816935
Gone                                                                                                                                                                              - Oppressor                                       ,0.2652652652652653,0.7232232232232232,0.16616616616616617,0.27241988794774186,1.0,0.9038718951509653,0.06444533114165191,0.6363611556873824,0.9099099099099099,0.5385385385385385,0.11310466794337763,0.7146251956378533
Disembodied                                                                                                                                                                       - Rottrevore                                      ,0.031031031031031032,0.8303303303303303,0.6341341341341341,0.6335971821505576,1.0,0.6866579754280291,0.07907907907907907,0.9119119119119119,0.17069427918484525,0.5385385385385385,0.37787787787787785,0.9980046688169771
Spawn of Ignorance                                                                                                                                                                - Rottrevore                                      ,0.03453453453453453,0.8778778778778779,0.5445445445445445,0.5998953518793059,1.0,0.7832832832832832,0.07116530529444257,0.9259259259259259,0.8327878547763823,0.5385385385385385,0.3708708708708709,0.9329357407898783
Ceased By Failure                                                                                                                                                                 - Rottrevore                                      ,0.2132132132132132,0.8423423423423424,0.5445445445445445,0.6146950132838136,1.0,0.6816816816816816,0.10411857611468837,0.9464464464464464,0.05498169783884068,0.5385385385385385,0.3663663663663664,0.3823402533982542
Waiting For Arrival                                                                                                                                                               - Funebre                                         ,0.04954954954954954,0.6566566566566566,0.3918918918918919,0.17139758671275898,1.0,0.6883099008099007,0.11011011011011011,0.9464464464464464,0.934934934934935,0.5385385385385385,0.19569569569569567,0.8540115228894908
Spirits Bewail                                                                                                                                                                    - Funebre                                         ,0.3038038038038038,0.22570925233074315,0.8058058058058057,0.13513513513513514,0.0,0.021521521521521522,0.5954882571075402,0.5020190603946949,0.8223223223223224,0.05005005005005005,0.33983983983983984,0.21136853589646706
Walls That Held Screams                                                                                                                                                           - Funebre                                         ,0.11411411411411411,0.7277277277277278,0.4664664664664665,0.3090909090909092,0.0,0.8058058058058057,0.07134616982690775,0.9734734734734735,0.24864936922525405,0.5385385385385385,0.22322322322322322,0.4610183961613219
The Rite of Sacrifice                                                                                                                                                             - Sorcery                                         ,0.10810810810810811,0.5565565565565566,0.6341341341341341,0.1832331590681072,1.0,0.6912430942281688,0.03733785599070573,0.7937937937937938,0.11146927730022287,0.05005005005005005,0.14114114114114115,0.726741972223265
Death                                                                                                                                                                             - Sorcery                                         ,0.02194005961129249,0.7602602602602602,0.5445445445445445,0.19830456194092558,0.0,0.8013013013013013,0.010244218577551908,0.9734734734734735,0.13410589577904752,0.5385385385385385,0.049155885914170014,0.07548292901387935
Rivers of the Dead                                                                                                                                                                - Sorcery                                         ,0.10673228018249932,0.6406406406406406,0.3918918918918919,0.1632377339634108,0.0,0.7672672672672672,0.028028028028028028,0.8558558558558559,0.3073073073073073,0.5385385385385385,0.14914914914914915,0.5355356206856998
Omnious Bloodvomit                                                                                                                                                                - Bloodbath                                       ,0.19119119119119118,0.7322322322322322,0.16616616616616617,0.45637380916376835,1.0,0.6396396396396397,0.08457643808610238,0.45945945945945943,0.7517517517517518,0.5385385385385385,0.5165165165165165,0.7698748743708967
Succubus                                                                                                                                                                          - Massacre                                        ,0.36186186186186187,0.934934934934935,0.7217217217217218,0.3313313313313313,1.0,0.7107107107107107,0.1603817422563268,0.8083083083083084,0.7357357357357357,0.5385385385385385,0.5045045045045045,0.3874257023295484
Warhead                                                                                                                                                                           - Massacre                                        ,0.0940940940940941,0.5095095095095095,0.8058058058058057,0.36158337802556795,0.0,0.6466466466466466,0.2722507991388391,0.5739292690749002,0.27227227227227224,0.5385385385385385,0.5039024575448415,0.016050978717519964
Corpse Grinder                                                                                                                                                                    - Massacre                                        ,0.39789789789789787,0.9689689689689689,0.27127127127127126,0.30989612495075863,0.0,0.7832832832832832,0.25429881543752386,0.7310507674144037,0.11389927663512571,0.5385385385385385,0.1041041041041041,0.36817566959693154
Forever underground                                                                                                                                                               - Vital Remains                                   ,0.21171171171171171,0.9669669669669669,0.5445445445445445,0.904875406283857,0.0,0.8603603603603603,0.19360029650526944,0.6921598016975431,0.6871871871871872,0.5385385385385385,0.21371371371371373,0.8859031928155874
Stranger Aeons                                                                                                                                                                    - Entombed                                        ,0.25875875875875876,0.8323323323323324,0.16616616616616617,0.3516096945859452,1.0,0.7782782782782782,0.016510983843107254,0.8583583583583583,0.8743743743743744,0.5385385385385385,0.35235235235235235,0.11370502926901332
Killing On Adrenaline                                                                                                                                                             - Dying Fetus                                     ,0.2872872872872873,0.6391391391391392,0.16616616616616617,0.29798174242618686,1.0,0.8453453453453453,0.1234986394580837,0.7703926286922237,0.8613613613613613,0.5385385385385385,0.46196196196196193,0.2648698839798316
Turned Inside Out                                                                                                                                                                 - Obituary                                        ,0.2772772772772773,0.9589589589589589,0.3918918918918919,0.5005198533562818,0.0,0.7282282282282282,0.1113113113113113,0.5365663620266993,0.0597263930597264,0.5385385385385385,0.056717094452943505,0.6056056056056056
Extremely Rotten Flesh                                                                                                                                                            - Grave                                           ,0.2042042042042042,0.7617617617617618,0.5445445445445445,0.5025025025025025,1.0,0.6481481481481481,0.012932464285792738,0.9634634634634635,0.8548548548548548,0.5385385385385385,0.3203203203203203,0.5524682070734702
Don't Care                                                                                                                                                                        - Obituary                                        ,0.22322322322322322,0.7797797797797797,0.8883883883883883,0.6987000364475762,1.0,0.3563563563563564,0.04863260874030777,0.5556068441823026,0.3278278278278278,0.5385385385385385,0.45145145145145144,0.12050430635422345
The Suffering                                                                                                                                                                     - Baphomet                                        ,0.19569569569569567,0.7572572572572573,0.27127127127127126,0.3203477255142788,1.0,0.8638638638638638,0.23022030950673167,0.8092021998394934,0.6366366366366366,0.5385385385385385,0.1841841841841842,0.04506817914759843
Fatal Millennium                                                                                                                                                                  - Monstrosity                                     ,0.24578549375956185,0.7232232232232232,0.0,0.19009725906277622,0.0,0.5335335335335335,0.13527347151600713,0.93993993993994,0.6451451451451451,0.5385385385385385,0.3738738738738739,0.7471006616767175
Devious Instinct                                                                                                                                                                  - Monstrosity                                     ,0.29979979979979976,0.7847847847847848,0.27127127127127126,0.21763965507989985,1.0,0.6990372286828066,0.10872128673175795,0.944944944944945,0.7277277277277278,0.5385385385385385,0.4034034034034034,0.4990468892907918
Dream Messiah                                                                                                                                                                     - Monstrosity                                     ,0.34434434434434436,0.7322322322322322,0.27127127127127126,0.24842498107993022,1.0,0.6146146146146146,0.17827235532971195,0.8358358358358359,0.9183001070377305,0.005005005005005005,0.5135135135135135,0.4231664805406168
Deformed                                                                                                                                                                          - Grave                                           ,0.1026026026026026,0.8218218218218218,0.16616616616616617,0.42393458375738163,1.0,0.7707707707707707,0.0,0.9364364364364364,0.021271271271271274,0.5385385385385385,0.3191774698256593,0.7074853712969318
Open Face Surgery                                                                                                                                                                 - Cryptopsy                                       ,0.08058058058058058,0.8888888888888888,0.5445445445445445,0.1371509431973689,1.0,0.495961227786753,0.13068758785397994,0.8138138138138138,0.8988988988988988,0.5385385385385385,0.13263263263263264,0.8903352425653946
Shrunken And Mummified Bitch - remastered                                                                                                                                         - Pungent Stench                                  ,0.2177177177177177,0.8423423423423424,0.5445445445445445,0.7810750871264125,1.0,0.9515767129279662,0.11379197325462456,0.7697697697697697,0.4244244244244244,0.5385385385385385,0.5340340340340339,0.14185195814878568
Plague Rages                                                                                                                                                                      - Napalm Death                                    ,0.3038038038038038,0.9029029029029029,0.4664664664664665,0.5587026615304251,0.0,0.6138711201908228,0.05672631894746347,0.5990639718862717,0.1961961961961962,0.5385385385385385,0.2698970156597275,0.13138150618986283
Suicide Machine                                                                                                                                                                   - Death                                           ,0.2602602602602603,0.8493493493493494,0.27127127127127126,0.591091091091091,1.0,0.7832832832832832,0.0718887634243033,0.6162174786062026,0.5785785785785786,0.5385385385385385,0.5032310177705976,0.7733304328176958
Embers                                                                                                                                                                            - Bolt Thrower                                    ,0.014014014014014014,0.7167167167167168,0.27127127127127126,0.20119085954497426,1.0,0.6126126126126126,0.0,0.9504504504504505,0.08174841508174842,0.5385385385385385,0.24824824824824826,0.9073827428946999
Icon                                                                                                                                                                              - Bolt Thrower                                    ,0.008042783239713152,0.5935935935935935,1.0,0.20296524209489286,0.0,0.5315315315315315,0.0,0.7962421656265251,0.04204204204204204,0.5385385385385385,0.4314314314314314,0.9794010212026941
Streaks Of Blood                                                                                                                                                                  - Baphomet                                        ,0.27427427427427425,0.7032032032032032,0.7217217217217218,0.322411801601237,1.0,0.5615615615615616,0.21920675092473582,0.914914914914915,0.8731502848724266,0.5385385385385385,0.38038038038038036,0.8312695534821313
Isolated                                                                                                                                                                          - Morgoth                                         ,0.13213213213213212,0.8193193193193193,0.27127127127127126,0.646398203112466,1.0,0.5065065065065065,0.1289974265218764,0.3248875844233362,0.8828828828828829,0.05005005005005005,0.23923923923923923,0.40724687098458257
Viva La Muerte - remastered                                                                                                                                                       - Pungent Stench                                  ,0.27627627627627627,0.9139139139139139,0.0,0.8888551524045678,1.0,0.8168168168168168,0.1197438812020302,0.590439367311072,0.8148148148148149,0.5385385385385385,0.4209209209209209,0.3710544592054963
Vermin                                                                                                                                                                            - Asphyx                                          ,0.22322322322322322,0.9232633279483038,0.6341341341341341,0.3963963963963964,1.0,0.8498498498498499,0.1419448835530339,0.5846712302061281,0.7987987987987988,0.5385385385385385,0.15515515515515516,0.6318574448056172
The Quest of Absurdity                                                                                                                                                            - Asphyx                                          ,0.14164164164164164,0.0912777598445351,0.27127127127127126,0.05355341890811802,1.0,0.14164164164164164,0.5365365365365365,0.9719719719719719,0.3963963963963964,0.05005005005005005,0.12812812812812813,0.09194977843426881
Diabolical Existence                                                                                                                                                              - Asphyx                                          ,0.20870870870870872,0.7727727727727728,0.3383383383383384,0.37641290056614884,1.0,0.7862862862862863,0.08208208208208208,0.6436835891381346,0.5365365365365365,0.5385385385385385,0.45145145145145144,0.7174427885151075
Wasteland of Terror                                                                                                                                                               - Asphyx                                          ,0.2032032032032032,0.9074074074074074,0.0,0.30820564538186934,1.0,0.8728728728728729,0.0592123157640399,0.7057057057057057,0.5245245245245245,0.5385385385385385,0.2057057057057057,0.19716935754433088
Where Next To Conquer                                                                                                                                                             - Bolt Thrower                                    ,0.07607607607607608,0.5613856430688113,0.27127127127127126,0.21359405399247203,1.0,0.44094094094094094,0.0,0.8288288288288288,0.17702279839070184,0.5385385385385385,0.3613613613613614,0.33525283427589014
"Father, You're Not A Father                                                                                                                                                     - Immolation                                      ",0.043043043043043044,0.9639639639639639,0.16616616616616617,0.9348469972613975,1.0,0.7455573505654282,0.20515409613845678,0.8315438433085492,0.8168168168168168,0.05005005005005005,0.03203203203203203,0.12221369387016097
They Are the Children of the Underworld                                                                                                                                           - Deicide                                         ,0.21171171171171171,0.8968968968968969,0.16616616616616617,0.5487607816050789,1.0,0.45545545545545546,0.13958329670624067,0.7655253837072019,0.18618618618618618,0.05005005005005005,0.7497497497497497,0.19587632891595944
Impotent God                                                                                                                                                                      - Hypocrisy                                       ,0.20520520520520522,0.7407407407407407,0.5445445445445445,0.37062944030928946,1.0,0.7757757757757757,0.042485506527898655,0.6476476476476476,0.7547547547547547,0.5385385385385385,0.03903903903903904,0.6261665857474242
Crown of Horns                                                                                                                                                                    - Cryptopsy                                       ,0.21171171171171171,0.9639639639639639,1.0,0.808888604531758,1.0,0.9089089089089089,0.0838162209129951,0.8238238238238238,0.8578578578578578,0.05005005005005005,0.33483483483483484,0.38938154547954085
Ramses Bringer of War                                                                                                                                                             - Nile                                            ,0.13463463463463465,0.8423423423423424,0.8058058058058057,0.47654962178135374,1.0,0.8368368368368369,0.0743028743028743,0.8158158158158159,0.05905905905905906,0.5385385385385385,0.06463195038614034,0.8246039510852096
Through Deviant Eyes                                                                                                                                                              - Baphomet                                        ,0.15465465465465467,0.6281281281281281,0.7217217217217218,0.30897284533648167,1.0,0.6686686686686687,0.23243130861414743,0.8570314115768659,0.8923923923923924,1.0,0.37787787787787785,0.1452074266296681
BC/AD                                                                                                                                                                             - Nocturnus                                       ,0.2042042042042042,0.955955955955956,0.7217217217217218,0.211272663399695,1.0,0.8568568568568569,0.15636588380716934,0.5454827348672081,0.9691414695557196,0.005005005005005005,0.003399258343634119,0.6970735817512275
Christening the Afterbirth                                                                                                                                                        - Incantation                                     ,0.08858858858858859,0.6616616616616616,0.7217217217217218,0.4856059740416865,1.0,0.5195195195195195,0.3334334334334335,0.8373373373373374,0.487987987987988,1.0,0.38365445737708503,0.5821429353735452
Rot to Dead                                                                                                                                                                       - Sentenced                                       ,0.24724724724724725,0.6752827140549275,0.4664664664664665,0.35079678465660685,0.0,0.6496496496496497,0.09513257235211811,0.7437437437437437,0.96887484258452,0.5385385385385385,0.5425425425425425,0.5373945138069695
Rotting Spiritual Embodiment                                                                                                                                                      - Incantation                                     ,0.022446654146942333,0.8378378378378378,0.27127127127127126,0.5595595595595596,0.0,0.6816816816816816,0.26041566041566044,0.7852852852852852,0.964410794834735,0.05005005005005005,0.3258258258258258,0.18629183773756336
Cross Spells                                                                                                                                                                      - Viogression                                     ,0.15615615615615616,0.3683683683683684,0.7217217217217218,0.17522467930915367,1.0,0.48148148148148145,0.08308308308308308,0.7279094825875668,0.4824824824824825,0.05005005005005005,0.16816816816816815,0.31333123573064037
Maggot Synod                                                                                                                                                                      - Viogression                                     ,0.13463463463463465,0.28378378378378377,0.4664664664664665,0.17031280224705522,1.0,0.3838838838838839,0.16409142599618795,0.7093654800209378,0.6851851851851851,0.5385385385385385,0.13263263263263264,0.4796529950319914
Consumed by Darkness                                                                                                                                                              - God Macabre                                     ,0.24474474474474472,0.7752752752752752,0.5445445445445445,0.3973992180010699,1.0,0.8753753753753755,0.20107934964922902,0.9384384384384384,0.6936936936936937,0.5385385385385385,0.03403403403403403,0.5375468038715902
Killing Time                                                                                                                                                                      - Obituary                                        ,0.11611611611611611,0.9139139139139139,0.3383383383383384,0.5729156788367314,1.0,0.7632632632632632,0.11408721978547783,0.5429223374532908,0.3278278278278278,0.5385385385385385,0.2042042042042042,0.10668984269730533
Dark Eternity                                                                                                                                                                     - Therion                                         ,0.12512512512512514,0.6091091091091092,0.16616616616616617,0.36936936936936937,1.0,0.7063953608781197,0.01117568171658471,0.7486442227740441,0.0673942136206287,0.5385385385385385,0.3983983983983984,0.43242405855018473
Opportunity Is Gone                                                                                                                                                               - Morgoth                                         ,0.17717717717717718,0.8558558558558558,0.3383383383383384,0.6192176257299268,1.0,0.5925925925925926,0.159907443455586,0.3164628188921034,0.6516516516516516,0.5385385385385385,0.2097097097097097,0.4192147895818256
Forgotten Past                                                                                                                                                                    - Death                                           ,0.08608608608608609,0.92992992992993,0.5445445445445445,0.749281393096158,0.0,0.8058058058058057,0.011622708985248099,0.6266266266266266,0.1655099981871635,0.5385385385385385,0.48545535827089226,0.36027924665998395
"Fields of Blood, Harvester of Hate                                                                                                                                              - Sentenced                                       ",0.25625625625625625,0.7952952952952952,1.0,0.4822563300420374,0.0,0.5642466236728532,0.06721312983355372,0.6812179673297224,0.005364579171017918,0.5385385385385385,0.482982982982983,0.5660290850608551
Awaiting the Winter Frost                                                                                                                                                         - Sentenced                                       ,0.05655655655655656,0.8348348348348349,0.27127127127127126,0.5041171989242363,1.0,0.8428428428428428,0.06519275682296309,0.6152278768399627,0.3963963963963964,0.5385385385385385,0.38238238238238237,0.05406601611747754
Northern Lights                                                                                                                                                                   - Sentenced                                       ,0.16716716716716717,0.7727727727727728,0.27127127127127126,0.34830729072324706,1.0,0.7812812812812813,0.10520429120361484,0.5855855855855856,0.8293057208151549,0.5385385385385385,0.10541093752772583,0.7766233053057676
The War Ain't Over!                                                                                                                                                               - Sentenced                                       ,0.09009009009009009,0.974974974974975,0.16616616616616617,0.5756395658385126,1.0,0.9901205698210689,0.258557012068248,0.5938754013639214,0.3353353353353353,0.5385385385385385,0.12212212212212212,0.8776616511739699
Presence of the Dead                                                                                                                                                              - Pestilence                                      ,0.24474474474474472,0.8863863863863863,0.8058058058058057,0.5526825221238938,1.0,0.5125125125125125,0.0960960960960961,0.7898640067314766,0.050050050050050046,0.5385385385385385,0.3813813813813814,0.21401442840264234
Pits of Utumno                                                                                                                                                                    - Morgoth                                         ,0.24071082390953158,0.934934934934935,0.27127127127127126,0.6576092318886111,1.0,0.8143143143143143,0.13540471372350105,0.5647756761500837,0.4169169169169169,0.5385385385385385,0.10944069024115011,0.4672660416423312
Praise the Lord (Opium of the Masses)                                                                                                                                             - Dying Fetus                                     ,0.2952952952952953,0.9274274274274275,0.5445445445445445,0.6443689821349396,0.0,0.8778778778778779,0.13745660084433795,0.7154663518299882,0.529029029029029,0.5385385385385385,0.25425425425425424,0.44646418362396934
Unholy Wars                                                                                                                                                                       - Atheist                                         ,0.2177177177177177,0.9139139139139139,1.0,0.4270473438090313,0.0,0.9414414414414414,0.11243479684912407,0.586398483566889,0.7907907907907907,0.5385385385385385,0.19119119119119118,0.6892442379168044
Holy Laws of Pain                                                                                                                                                                 - Abhorrence                                      ,0.11011011011011011,0.9254254254254255,0.5445445445445445,0.4938538119563582,1.0,0.8038038038038038,0.07032905562317326,0.7857857857857857,0.22122122122122123,0.5385385385385385,0.3738738738738739,0.7723948296064057
Caught in a Vortex                                                                                                                                                                - Abhorrence                                      ,0.13463463463463465,0.9194194194194194,0.3383383383383384,0.47536494335819807,1.0,0.8583583583583583,0.08108108108108109,0.7967967967967968,0.3128128128128128,0.5385385385385385,0.07702224019725647,0.47841039358043547
My Dark Paradise                                                                                                                                                                  - Disgrace                                        ,0.06354485326447944,0.9964964964964964,0.27127127127127126,0.6084041126508717,1.0,0.8273273273273274,0.047168297769934225,0.8613613613613613,0.8758758758758759,0.5385385385385385,0.050486378246664854,0.2787699133913969
The Exile of the Sons of Uisliu                                                                                                                                                   - Amorphis                                        ,0.0990990990990991,0.8968968968968969,0.7217217217217218,0.6157448010678139,1.0,0.7892892892892893,0.10950950950950951,0.9019019019019019,0.6226226226226226,0.5385385385385385,0.31291908806437196,0.8306285569397375
Pulsating Cerebral Slime                                                                                                                                                          - Xysma                                           ,0.25075075075075076,0.9074074074074074,0.27127127127127126,0.9659929167664751,1.0,0.9109109109109109,0.1409902115423588,0.8018018018018018,0.2467467467467467,0.005005005005005005,0.3053053053053053,0.5665616115358929
Under the Masses                                                                                                                                                                  - Necropsy                                        ,0.1881881881881882,0.9639639639639639,0.5445445445445445,0.6025996462296637,0.0,0.9179179179179179,0.2822822822822823,0.8743743743743744,0.8278278278278278,0.5385385385385385,0.09919653893695919,0.8191910146675306
Inhuman Condition                                                                                                                                                                 - Massacre                                        ,0.23823823823823823,0.7727727727727728,0.5445445445445445,0.36879074937804873,0.0,0.7602602602602602,0.22015519810884424,0.7167167167167167,0.8428428428428428,0.05005005005005005,0.29479479479479476,0.34801264051880837
Cloak of Darkness                                                                                                                                                                 - Cancer                                          ,0.21465996813026236,0.9139139139139139,0.4664664664664665,0.4669344870210135,0.0,0.656683057666518,0.11907322318897252,0.8158158158158159,0.5115115115115114,0.05005005005005005,0.43243243243243246,0.8861104610206448
Electro-Convulsive Therapy                                                                                                                                                        - Cancer                                          ,0.10560560560560561,0.9639639639639639,0.7217217217217218,0.4876783398184175,1.0,0.8453453453453453,0.11308016632314798,0.6562211165869702,0.521021021021021,0.5385385385385385,0.18768768768768768,0.9265965970376246
C.F.C.                                                                                                                                                                            - Cancer                                          ,0.24724724724724725,0.8468468468468469,0.27127127127127126,0.21635873900024843,1.0,0.6429329115896282,0.09476369821406876,0.7435893751114498,0.6996996996996997,0.5385385385385385,0.2962962962962963,0.7227644208492654
Stormgods Unbound                                                                                                                                                                 - Angelcorpse                                     ,0.08308308308308308,0.934934934934935,0.5445445445445445,0.7913633761347837,1.0,0.8223223223223224,0.0,0.8133133133133132,0.8293057208151549,0.5385385385385385,0.16216216216216217,0.5374877452073051
Wolflust                                                                                                                                                                          - Angelcorpse                                     ,0.12712712712712712,0.9689689689689689,0.5445445445445445,0.6677942378268111,0.0,0.8393393393393394,0.005102660673065241,0.8693693693693694,0.9977593529945936,0.5385385385385385,0.15415415415415415,0.48117354124665423
The Angels Venom                                                                                                                                                                  - Monstrosity                                     ,0.21571571571571574,0.955955955955956,0.27127127127127126,0.42994202994202996,1.0,0.8793793793793794,0.2370518863234095,0.7703926286922237,0.7457457457457457,0.5385385385385385,0.03803803803803804,0.5625873659666779
In Love                                                                                                                                                                           - Grave                                           ,0.16516516516516516,0.7187187187187187,0.16616616616616617,0.4787113886915913,1.0,0.7247247247247247,0.003346109267161898,0.8803803803803805,0.03873151931404359,0.5385385385385385,0.5710823909531503,0.2814955043637214
Enshrined By Grace                                                                                                                                                                - Morbid Angel                                    ,0.22822822822822822,0.9874874874874875,0.5445445445445445,0.5436538701101807,1.0,0.8118118118118118,0.5795795795795796,0.6716716716716716,0.7302302302302301,0.5385385385385385,0.0550334280677505,0.38919232229636175
Tombs of Sleeping Darkness                                                                                                                                                        - Funebrarum                                      ,0.25625625625625625,0.8583583583583583,0.8058058058058057,0.346543176442976,1.0,0.7672672672672672,0.11036036036036036,0.9769769769769769,0.26326326326326327,0.5385385385385385,0.08780949775517265,0.46866150579021876
The One Made Of Dreams                                                                                                                                                            - Vader                                           ,0.060560560560560556,0.8128128128128128,0.27127127127127126,0.7531964178195194,0.0,0.7502502502502502,0.017911180175022492,0.9054054054054055,0.6386386386386387,0.5385385385385385,0.10944069024115011,0.7021436473313994
The Final Massacre                                                                                                                                                                - Vader                                           ,0.062062062062062065,0.8378378378378378,0.27127127127127126,0.6901840050628978,1.0,0.7967967967967968,0.03705778317177281,0.8833833833833833,0.5910910910910911,0.5385385385385385,0.1021021021021021,0.17032610488954544
Xeper                                                                                                                                                                             - Vader                                           ,0.25625625625625625,0.9904904904904905,0.8058058058058057,0.713482580002862,1.0,0.924924924924925,0.04459963058689173,0.9094094094094094,0.37887887887887883,0.5385385385385385,0.16466466466466467,0.8652263455332053
The Wrath                                                                                                                                                                         - Vader                                           ,0.11611611611611611,0.7187187187187187,0.6341341341341341,0.6884730785118884,1.0,0.5535535535535535,0.06611208406304728,0.7418418141592921,0.2085418752085419,1.0,0.3483483483483483,0.6905169501384284
Vision and the Voice                                                                                                                                                              - Vader                                           ,0.14714714714714713,0.8303303303303303,0.27127127127127126,0.7768051728174925,1.0,0.7156884245491841,0.07107487302820999,0.7081482229543883,0.924924924924925,0.5385385385385385,0.47092084006462037,0.5545960640860345
Constant Reminders                                                                                                                                                                - Master                                          ,0.04954954954954954,0.9474474474474475,0.0,0.38520497038671464,1.0,0.4169169169169169,0.14075425118369905,0.8373373373373374,0.3433433433433434,0.5385385385385385,0.5795795795795796,0.9860521441136537
Taste of Insanity                                                                                                                                                                 - Master                                          ,0.12512512512512514,0.92992992992993,0.7217217217217218,0.42342342342342343,1.0,0.5743300032256158,0.26245213927716826,0.7782918053188322,0.6266266266266266,0.5385385385385385,0.46096096096096095,0.9162063107563913
Follow Jesus                                                                                                                                                                      - Master                                          ,0.2132132132132132,0.7752752752752752,0.6341341341341341,0.3632581721586958,1.0,0.6922455573505654,0.062357904463167635,0.6562211165869702,0.23723723723723725,0.5385385385385385,0.33783783783783783,0.9339327608902499
Cast the First Stone                                                                                                                                                              - Master                                          ,0.14614614614614616,0.7752752752752752,0.16616616616616617,0.4285071847734329,1.0,0.7407407407407407,0.06872780711710996,0.7299855607251724,0.16816816816816815,0.5385385385385385,0.3883883883883884,0.9482341293267619
Latitudinarian                                                                                                                                                                    - Master                                          ,0.01750015162754676,0.8723723723723724,0.6341341341341341,0.49628298760609846,1.0,0.48348348348348347,0.16956956956956956,0.9189189189189189,0.9006609349075103,0.05005005005005005,0.43043043043043044,0.9257723824979389
Unknown Soldier                                                                                                                                                                   - Master                                          ,0.08708708708708708,0.9324324324324325,0.8883883883883883,0.6212887875394115,0.0,0.8393393393393394,0.17017017017017017,0.5590590590590591,0.016295748457072132,0.5385385385385385,0.04604200323101776,0.09293450946892927
Rabid Anger                                                                                                                                                                       - Master                                          ,0.1921921921921922,0.8153153153153153,0.8883883883883883,0.6214552045805166,0.0,0.8088088088088088,0.19996736025663153,0.31540024390054267,0.11631519249803131,0.5385385385385385,0.5365365365365365,0.908642573156033
Unknown Soldier - Original Un-Triggered Mix                                                                                                                                       - Master                                          ,0.020838328823119732,0.955955955955956,0.27127127127127126,0.47310177232120004,1.0,0.6806806806806807,0.01975920752923079,0.7273454109915234,0.07707707707707707,0.5385385385385385,0.14914914914914915,0.993326381163216
Mangled Dehumanization - Original Un-Triggered Mix                                                                                                                                - Master                                          ,0.23623623623623624,0.9109109109109109,0.8058058058058057,0.5125804290027164,1.0,0.7367367367367368,0.10496901956019924,0.8308308308308309,0.11511511511511512,0.5385385385385385,0.11211211211211211,0.19163618923840076
Brutal Warfare                                                                                                                                                                    - Mortification                                   ,0.22522522522522523,0.8778778778778779,0.6341341341341341,0.37237262338612276,1.0,0.4757411823588295,0.08332746235972043,0.7531524646541842,0.8478478478478478,0.5385385385385385,0.6146146146146146,0.34359504790903844
Satan's Doom                                                                                                                                                                      - Mortification                                   ,0.12712712712712712,0.9169169169169169,0.27127127127127126,0.3988989629097059,1.0,0.8793793793793794,0.15413729122664338,0.8521809369951533,0.1712439418416802,0.5385385385385385,0.3333333333333333,0.9878941428319916
The Majestic Infiltration Of Order                                                                                                                                                - Mortification                                   ,0.3363363363363363,0.8838838838838838,1.0,0.4394394394394394,0.0,0.7987987987987988,0.08082181221927139,0.8983983983983983,0.7637637637637638,0.5385385385385385,0.1831831831831832,0.3949394250972328
"Butchered Mutilation ( Bonus Track,1993)                                                                                                                                        - Mortification                                   ",0.2832832832832833,0.8583583583583583,0.16616616616616617,0.39240775554490004,1.0,0.6486486486486487,0.1091091091091091,0.7087087087087087,0.8318318318318318,0.5385385385385385,0.5745745745745746,0.24977377987902735
Nocturnal                                                                                                                                                                         - Mortification                                   ,0.27627627627627627,0.6811811811811812,1.0,0.26926926926926925,0.0,0.7782782782782782,0.27528995147374663,0.7369239025393655,0.11453540497018753,0.5385385385385385,0.14014014014014015,0.921513028190466
Terminate Damnation                                                                                                                                                               - Mortification                                   ,0.26926926926926925,0.9029029029029029,0.7217217217217218,0.3142960028590084,1.0,0.7017017017017017,0.17656093627254715,0.7947947947947948,0.43843843843843844,0.5385385385385385,0.3923923923923924,0.7014630922218772
Necromanicide                                                                                                                                                                     - Mortification                                   ,0.15615615615615616,0.8688688688688688,0.7217217217217218,0.2847795861617731,1.0,0.8553553553553553,0.13252390714820342,0.7877877877877878,0.25825825825825827,0.5385385385385385,0.12367020242752635,0.3217740009113661
From The Valley Of Shadows                                                                                                                                                        - Mortification                                   ,0.23173173173173173,0.8748748748748749,0.8058058058058057,0.5670238139373942,1.0,0.6006006006006006,0.050717384050717386,0.6157229187644618,0.6266266266266266,0.5385385385385385,0.29979979979979976,0.3313227496272779
Human Condition                                                                                                                                                                   - Mortification                                   ,0.36186186186186187,0.8598598598598598,0.5445445445445445,0.6503278096498435,1.0,0.7602602602602602,0.1106106106106106,0.5945818655108659,0.31931931931931934,0.5385385385385385,0.5425425425425425,0.2695515259925088
Grind Planetarium                                                                                                                                                                 - Mortification                                   ,0.20870870870870872,0.8378378378378378,0.6341341341341341,0.656343253434405,1.0,0.7400279823658301,0.042001859689503436,0.5073492034108472,0.8148148148148149,0.5385385385385385,0.16116116116116116,0.730740384765216
Celestial Completion                                                                                                                                                              - Extol                                           ,0.17517517517517517,0.7672672672672673,0.27127127127127126,0.6107343224351668,1.0,0.6696696696696697,0.12419335164961007,0.6513187304425571,0.8863863863863863,0.05005005005005005,0.35035035035035034,0.39541211399379034
Cold Black Piece of Flesh                                                                                                                                                         - Sacrificium                                     ,0.07807807807807808,0.8778778778778779,0.6341341341341341,0.734372053212633,1.0,0.8223223223223224,0.14214750861760128,0.9129129129129129,0.5445445445445445,0.5385385385385385,0.1247206079570854,0.4708062935677336
Come Closer                                                                                                                                                                       - Sacrificium                                     ,0.3113113113113113,0.8583583583583583,0.27127127127127126,0.7140473807140474,1.0,0.582082082082082,0.05394659072591478,0.8208208208208209,0.7647647647647647,0.5385385385385385,0.25925925925925924,0.29645896239363084
Death to Death                                                                                                                                                                    - Sacrificium                                     ,0.5105105105105106,0.8808808808808809,0.3383383383383384,0.5033965570398292,1.0,0.40290290290290287,0.14973073732810102,0.7014464807892037,0.7287287287287287,0.5385385385385385,0.31873044255699595,0.23162157668125471
Verify Error                                                                                                                                                                      - Sacrificium                                     ,0.2677403041641452,0.9054054054054055,0.0,0.5295727832632711,1.0,0.6429329115896282,0.14694279426924603,0.7981414404094817,0.4244244244244244,0.5385385385385385,0.2782782782782783,0.9358904178467959
Labyrinth                                                                                                                                                                         - Sacrificium                                     ,0.26226226226226224,0.7002002002002001,0.27127127127127126,0.8476312400319895,0.0,0.6163455426229149,0.053127973020383266,0.914914914914915,0.943943943943944,0.5385385385385385,0.2097097097097097,0.7136286674423515
Divine Light                                                                                                                                                                      - Pantokrator                                     ,0.3073073073073073,0.9589589589589589,0.16616616616616617,0.7257257257257257,0.0,0.6776776776776777,0.22591056966056966,0.5745117933467447,0.6481481481481481,0.5385385385385385,0.24974974974974976,0.7356914329477303
Come Let Us Flee                                                                                                                                                                  - Pantokrator                                     ,0.24578549375956185,0.952952952952953,0.5445445445445445,0.6482315648982316,0.0,0.5775775775775776,0.34534534534534533,0.6910601393360013,0.16216216216216217,0.5385385385385385,0.25575575575575576,0.8918267921364809
Open the Abscess                                                                                                                                                                  - Exhumed                                         ,0.14164164164164164,0.8348348348348349,0.16616616616616617,0.592533299850373,0.0,0.8223223223223224,0.028479138888521993,0.7912912912912913,0.7487487487487487,0.5385385385385385,0.3363363363363363,0.5215462496012077
Postmortem Procedures                                                                                                                                                             - Exhumed                                         ,0.16816816816816815,0.8528528528528528,0.16616616616616617,0.539196572625417,0.0,0.8118118118118118,0.03305007894693266,0.8693693693693694,0.7107107107107107,0.5385385385385385,0.3073073073073073,0.4665498192041055
Limb from Limb                                                                                                                                                                    - Exhumed                                         ,0.13913913913913914,0.8038038038038038,0.16616616616616617,0.4521884015360608,0.0,0.8863863863863863,0.07707707707707707,0.8308308308308309,0.9499321460472875,0.5385385385385385,0.2652652652652653,0.5070163092003745
Casketkrusher                                                                                                                                                                     - Exhumed                                         ,0.18618618618618618,0.7777777777777778,0.16616616616616617,0.4881971465629053,0.0,0.8058058058058057,0.006445367018239805,0.9129129129129129,0.7711787675067968,0.5385385385385385,0.16716716716716717,0.4710100987299985
Decrepit Crescendo                                                                                                                                                                - Exhumed                                         ,0.10560560560560561,0.9439439439439439,0.6341341341341341,0.8760604651015611,1.0,0.8168168168168168,0.007007007007007007,0.9054054054054055,0.507007007007007,0.5385385385385385,0.1211381929650214,0.5473659286365302
Forged in Fire (Formed in Flame)                                                                                                                                                  - Exhumed                                         ,0.060560560560560556,0.977977977977978,0.6341341341341341,0.9326933928498924,1.0,0.8313313313313313,0.004578527969860867,0.8743743743743744,0.4824824824824825,0.5385385385385385,0.04054054054054054,0.5103386969058603
Septicemia (Festering Sphinctral Malignancy Part II)                                                                                                                              - Exhumed                                         ,0.08608608608608609,0.955955955955956,1.0,0.44820653236494806,0.0,0.938938938938939,0.011622708985248099,0.8558558558558559,0.7612612612612613,0.5385385385385385,0.15315315315315314,0.2629008807874972
Horrendous Member Dismemberment                                                                                                                                                   - Exhumed                                         ,0.03953953953953954,0.9029029029029029,0.8058058058058057,0.5382305798147383,1.0,0.7987987987987988,0.11611611611611611,0.8833833833833833,0.8923923923923924,0.05005005005005005,0.25575575575575576,0.15148196004769693
Rottenatomy                                                                                                                                                                       - Gorguts                                         ,0.17967967967967968,0.9139139139139139,0.16616616616616617,0.45945945945945943,1.0,0.8253253253253253,0.07315663625396412,0.7561804697156984,0.31931931931931934,0.5385385385385385,0.24074074074074076,0.8836496989109651
Orphans of Sickness                                                                                                                                                               - Gorguts                                         ,0.1041041041041041,0.7952952952952952,0.16616616616616617,0.43043043043043044,1.0,0.7732732732732732,0.06227355898408532,0.690255620646113,0.7302302302302301,0.5385385385385385,0.45145145145145144,0.1411709398757998
A Path Beyond Premonition                                                                                                                                                         - Gorguts                                         ,0.11611611611611611,0.8403403403403403,0.16616616616616617,0.4851230219341283,1.0,0.8038038038038038,0.10702825075108041,0.7017923362175525,0.6146146146146146,0.05005005005005005,0.44544544544544545,0.2187914787033733
Marital Declimation                                                                                                                                                               - Suffocation                                     ,0.2782782782782783,0.592092092092092,0.3918918918918919,0.12447500876308572,0.0,0.2727727727727728,0.23283227092369033,0.8613613613613613,0.9200421862987767,0.5385385385385385,0.6696696696696697,0.3959883288467721
Importance Of The Dimensionless Mirage                                                                                                                                            - Xysma                                           ,0.01750015162754676,0.92992992992993,0.7217217217217218,0.9037443881243187,1.0,0.7389565562076997,0.03841383661000347,0.822426782499378,0.7097097097097097,0.5385385385385385,0.5010010010010011,0.07501130842624285
On The Hill Of Desecration                                                                                                                                                        - Xysma                                           ,0.16166166166166168,0.8558558558558558,0.0,0.9564226971245252,1.0,0.37987987987987987,0.11571471119890588,0.8416748691978051,0.9499321460472875,0.5385385385385385,0.41519383764122664,0.22422422422422422
Uranus Falls                                                                                                                                                                      - Xysma                                           ,0.6151151151151151,0.20020020020020018,0.16616616616616617,0.31524483607409476,0.0,0.06306306306306306,0.5885885885885885,0.7603131386915171,0.15315315315315314,0.5385385385385385,0.21921921921921922,0.5995659728138498
Twist The Knife (Slowly)                                                                                                                                                          - Napalm Death                                    ,0.13463463463463465,0.8998998998998999,0.7217217217217218,0.5185185185185185,1.0,0.6596596596596597,0.05105105105105105,0.6526601878283836,0.36936936936936937,0.5385385385385385,0.28428428428428426,0.17244933357152903
In Sufferance                                                                                                                                                                     - Disincarnate                                    ,0.023523523523523524,0.8648648648648649,0.8058058058058057,0.5302571121321732,1.0,0.8013013013013013,0.10153541163313148,0.6387306956305906,0.36936936936936937,0.5385385385385385,0.16116116116116116,0.13012745185593982
Deadspawn                                                                                                                                                                         - Disincarnate                                    ,0.03303303303303303,0.9139139139139139,1.0,0.5325325325325325,0.0,0.8538538538538538,0.0547698121850664,0.7496628255311985,0.2082082082082082,0.005005005005005005,0.2077077077077077,0.934948580437675
Soul Erosion                                                                                                                                                                      - Disincarnate                                    ,0.050883383383383364,0.8528528528528528,1.0,0.4933369679104316,0.0,0.8273273273273274,0.044065133237107756,0.7747747747747747,0.7147147147147147,0.5385385385385385,0.2652652652652653,0.9083338774610241
With Each Dawn I Die                                                                                                                                                              - Disfear                                         ,0.02702702702702703,0.9874874874874875,0.7217217217217218,0.6391785656987006,1.0,0.8393393393393394,0.03329334848958592,0.8143888569420483,0.8063063063063063,0.5385385385385385,0.09325204942397405,0.9449874120613196
Anthem Of Agony                                                                                                                                                                   - Disfear                                         ,0.11011011011011011,0.980980980980981,0.16616616616616617,0.6954802870631354,1.0,0.8638638638638638,0.024024024024024024,0.7646159724875812,0.12212212212212212,0.5385385385385385,0.36736736736736736,0.9251930513331115
A Brutal Sight of War                                                                                                                                                             - Disfear                                         ,0.15465465465465467,0.9689689689689689,0.7217217217217218,0.6384733692025357,1.0,0.8998291314570387,0.01799296638586734,0.644391971664699,0.13361951445609035,0.5385385385385385,0.03164458530595685,0.08808714897964896
Waste of Mortality                                                                                                                                                                - Gorguts                                         ,0.1881881881881882,0.7752752752752752,1.0,0.35609114456579793,1.0,0.7091564593639282,0.1177955431686775,0.8818818818818819,0.6116116116116116,0.5385385385385385,0.24074074074074076,0.0678042894200538
Drifting Remains                                                                                                                                                                  - Gorguts                                         ,0.16166166166166168,0.8838838838838838,0.8883883883883883,0.4427770584705502,0.0,0.6171243941841681,0.07807807807807808,0.7547547547547547,0.6976976976976977,0.5385385385385385,0.5165165165165165,0.8869188074106843
Decade of Therion                                                                                                                                                                 - Behemoth                                        ,0.14614614614614616,0.6906906906906907,0.3383383383383384,0.93020206795717,1.0,0.6846846846846847,0.08030327449565197,0.5875260028428542,0.6946946946946947,0.5385385385385385,0.22022022022022023,0.45431179371978714
Lam                                                                                                                                                                               - Behemoth                                        ,0.02702702702702703,0.7992992992992993,0.27127127127127126,0.9319747726007707,1.0,0.8743743743743744,0.06107422700658414,0.7447447447447447,0.7187187187187187,0.5385385385385385,0.17217217217217218,0.031026011244201863
Ceremony Of Shiva                                                                                                                                                                 - Behemoth                                        ,0.11411411411411411,0.7322322322322322,0.8883883883883883,0.894834112011355,1.0,0.6186663307730991,0.04075306215030999,0.7402599483949547,0.6821821821821822,0.5385385385385385,0.15315315315315314,0.13018503611970364
Artefacted Irreligion                                                                                                                                                             - Benediction                                     ,0.24578549375956185,0.974974974974975,0.5445445445445445,0.6438854231407424,1.0,0.8118118118118118,0.16227089852481003,0.795250791146824,0.5785785785785786,0.5385385385385385,0.3963963963963964,0.8300994781297999
Grizzled Finale                                                                                                                                                                   - Benediction                                     ,0.17117117117117117,0.977977977977978,0.5445445445445445,0.3979779217047735,0.0,0.7429593205185516,0.05565227392526912,0.944944944944945,0.6746746746746747,0.5385385385385385,0.43043043043043044,0.3503172804737008
Eternal Eclipse                                                                                                                                                                   - Benediction                                     ,0.04204204204204204,0.9904904904904905,0.27127127127127126,0.37490989086642595,1.0,0.8528528528528528,0.07995781370122312,0.7714124473017753,0.5785785785785786,0.5385385385385385,0.15515515515515516,0.9894268096579206
Graveworm                                                                                                                                                                         - Benediction                                     ,0.11961961961961962,0.6846846846846847,0.27127127127127126,0.34541826307366924,1.0,0.640983200272501,0.3770487543080379,0.8818818818818819,0.941676505312869,0.5385385385385385,0.3688688688688689,0.30419867279723733
Vision in the Shroud                                                                                                                                                              - Benediction                                     ,0.0990990990990991,0.5445445445445445,0.8058058058058057,0.28617590676644755,1.0,0.5675675675675675,0.5013153999069492,0.8045461943012057,0.7397397397397397,0.5385385385385385,0.2042042042042042,0.35703939205857477
The Grotesque                                                                                                                                                                     - Benediction                                     ,0.2652652652652653,0.8648648648648649,0.5445445445445445,0.27825037045167667,0.0,0.7085382208314708,0.23561435819744933,0.9344344344344344,0.8003003003003002,0.5385385385385385,0.4144144144144144,0.2651048148430348
Paradox Alley                                                                                                                                                                     - Benediction                                     ,0.08208208208208208,0.8648648648648649,0.8883883883883883,0.47347347347347346,1.0,0.719706861011209,0.05282806547257414,0.8288288288288288,0.6516516516516516,0.5385385385385385,0.3063063063063063,0.3764654295205151
Certified...?                                                                                                                                                                     - Benediction                                     ,0.3793793793793794,0.9274274274274275,0.27127127127127126,0.38855785472326815,1.0,0.7545926799282504,0.043202433116332255,0.7289823008849557,0.8423423423423424,0.5385385385385385,0.15165165165165168,0.4835969168363533
Where Flies Are Born                                                                                                                                                              - Benediction                                     ,0.41357619144710506,0.7702702702702702,0.27127127127127126,0.36506208285049213,1.0,0.6872682323856613,0.05838351379752653,0.7113386931815575,0.9049049049049049,0.5385385385385385,0.3303303303303303,0.04077883942708986
Left Behind                                                                                                                                                                       - Desultory                                       ,0.1816816816816817,0.7527527527527528,1.0,0.5046732887551384,1.0,0.7967967967967968,0.10131825636711629,0.711678078893419,0.7622622622622623,0.5385385385385385,0.5135135135135135,0.5004613550921937
Bleeding                                                                                                                                                                          - Desultory                                       ,0.0940940940940941,0.7777777777777778,0.8883883883883883,0.49063915621560755,1.0,0.7707707707707707,0.0364310100757765,0.7583498444263114,0.8703703703703705,0.5385385385385385,0.29979979979979976,0.8929911113182024
Depression                                                                                                                                                                        - Desultory                                       ,0.13213213213213212,0.9474474474474475,0.16616616616616617,0.7476819155664776,1.0,0.8428428428428428,0.09582080359781667,0.5539228398969374,0.7022022022022022,0.5385385385385385,0.2822822822822823,0.3128854322864782
Taste The Dying                                                                                                                                                                   - Decomposed                                      ,0.22322322322322322,0.7872872872872874,0.5445445445445445,0.14612307691007367,1.0,0.7167167167167167,0.21183670853627273,0.6520414824762651,0.7847847847847848,1.0,0.14414414414414414,0.4215379475430196
At Rest                                                                                                                                                                           - Decomposed                                      ,0.15215215215215216,0.4344344344344344,0.5445445445445445,0.1436188465481975,1.0,0.49199199199199195,0.2084611628043554,0.7518150554069545,0.6341341341341342,0.5385385385385385,0.3738738738738739,0.23257700190626276
Inscriptions                                                                                                                                                                      - Decomposed                                      ,0.1026026026026026,0.27227227227227224,1.0,0.14004154792103807,0.0,0.3688688688688689,0.1615112160566706,0.7426714601769911,0.14414414414414414,0.5385385385385385,0.3708708708708709,0.19533291394099533
Inevitale Demise                                                                                                                                                                  - Necrosanct                                      ,0.06606606606606606,0.9689689689689689,0.8058058058058057,0.47322567270529114,1.0,0.7057057057057057,0.09364048700541591,0.8958958958958959,0.8968968968968969,0.5385385385385385,0.14214214214214213,0.2642379415922091
Ritual Acts                                                                                                                                                                       - Necrosanct                                      ,0.037037037037037035,0.8838838838838838,0.3383383383383384,0.6476476476476476,1.0,0.6706706706706707,0.1816101816101816,0.9234234234234233,0.3128128128128128,1.0,0.02702702702702703,0.2672857173342216
Solace                                                                                                                                                                            - Necrosanct                                      ,0.023523523523523524,0.9439439439439439,0.8883883883883883,0.4695538580308756,1.0,0.8198198198198198,0.07757757757757758,0.8935030210197996,0.4629629629629629,0.5385385385385385,0.024529329733978554,0.2927667373002688
Circle of the Tyrants                                                                                                                                                             - Obituary                                        ,0.15215215215215216,0.9689689689689689,0.16616616616616617,0.5305631317182736,1.0,0.9208400646203552,0.17966438053774295,0.39507741014991077,0.09309309309309309,0.5385385385385385,0.3083083083083083,0.9126397562218364
Immortal Visions                                                                                                                                                                  - Obituary                                        ,0.13763763763763764,0.7387387387387387,0.16616616616616617,0.38250483103424276,1.0,0.6946946946946947,0.030384618619912738,0.6607349167349164,0.934934934934935,0.5385385385385385,0.06491127999507888,0.8071629541072811
Deadly Intentions                                                                                                                                                                 - Obituary                                        ,0.17117117117117117,0.9474474474474475,1.0,0.8451580054179286,1.0,0.9728059332509271,0.1603817422563268,0.5932555123216602,0.0993537964458804,0.5385385385385385,0.03403403403403403,0.34531318513756104
Rotting Ways                                                                                                                                                                      - Obituary                                        ,0.22622622622622623,0.9639639639639639,0.6341341341341341,0.6449464229766032,1.0,0.7967967967967968,0.04899645679735914,0.6277875822236483,0.07007007007007007,0.5385385385385385,0.1174527821234408,0.4944536300588838
Sickness                                                                                                                                                                          - Obituary                                        ,0.24071082390953158,0.9854854854854855,1.0,0.7962726109994519,1.0,0.8883883883883883,0.15015015015015015,0.5025025025025025,0.3433433433433434,0.5385385385385385,0.15815815815815815,0.3272878754643493
World Demise                                                                                                                                                                      - Obituary                                        ,0.20870870870870872,0.9169169169169169,0.8883883883883883,0.6263095169963202,0.0,0.6386386386386387,0.018541409147095168,0.6122134852459048,0.8508508508508509,0.5385385385385385,0.17917917917917917,0.7211503920396882
Burned In                                                                                                                                                                         - Obituary                                        ,0.2722041070921669,0.7687687687687688,0.27127127127127126,0.6766766766766766,1.0,0.4314314314314314,0.07032905562317326,0.5130193050193049,0.45545545545545546,0.5385385385385385,0.41004184100418395,0.05343758147214763
Final Thoughts                                                                                                                                                                    - Obituary                                        ,0.2872872872872873,0.48098098098098097,0.27127127127127126,0.44244244244244246,1.0,0.5405405405405406,0.12607299242370335,0.5870997453833486,0.6146146146146146,0.5385385385385385,0.5190190190190189,0.753059618483476
Threatening Skies                                                                                                                                                                 - Obituary                                        ,0.14814814814814814,0.8038038038038038,0.8058058058058057,0.6106246612881112,1.0,0.3376413570274638,0.017005951670198496,0.7310507674144037,0.9109109109109109,0.5385385385385385,0.7152152152152151,0.8716421099311267
By the Light                                                                                                                                                                      - Obituary                                        ,0.17517517517517517,0.4674674674674675,0.6341341341341341,0.4574574574574575,1.0,0.07407407407407407,0.16347299680633015,0.6689475571828513,0.6671671671671671,0.5385385385385385,0.5485485485485485,0.13004797870991586
Platonic Disease                                                                                                                                                                  - Obituary                                        ,0.3883883883883884,0.6631631631631631,0.8058058058058057,0.531525750040109,1.0,0.16966966966966968,0.12745319417826353,0.6872276355484455,0.7792792792792793,0.5385385385385385,0.4089498269249217,0.694368343718993
Foetal Carnage                                                                                                                                                                    - Gorefest                                        ,0.14614614614614616,0.9439439439439439,0.16616616616616617,0.8408446573467592,1.0,0.8143143143143143,0.028817472033892465,0.7997997997997998,0.004374758114823565,0.5385385385385385,0.3173173173173173,0.4611275831549672
Mental Misery                                                                                                                                                                     - Gorefest                                        ,0.12112112112112113,0.952952952952953,0.8058058058058057,0.7918971238938053,1.0,0.8473473473473474,0.018541409147095168,0.7179998847606072,0.048656430281872,0.5385385385385385,0.25425425425425424,0.6004566671409876
State of Mind                                                                                                                                                                     - Gorefest                                        ,0.16166166166166168,0.8348348348348349,0.5445445445445445,0.515228825281819,1.0,0.6751751751751751,0.14797879523226976,0.8408408408408409,0.5245245245245245,0.05005005005005005,0.29479479479479476,0.8845496783384983
Reality - When You Die                                                                                                                                                            - Gorefest                                        ,0.19119119119119118,0.8598598598598598,0.6341341341341341,0.47157114773930137,1.0,0.7632632632632632,0.1558638154947726,0.5812957858444913,0.3128128128128128,0.5385385385385385,0.32432432432432434,0.3273125143810254
Get - A - Life                                                                                                                                                                    - Gorefest                                        ,0.0990990990990991,0.8348348348348349,0.0,0.4743928727992473,1.0,0.6486486486486487,0.20334735575029383,0.6296296296296297,0.8003003003003002,0.5385385385385385,0.2172172172172172,0.8658690597799711
Crawl                                                                                                                                                                             - Entombed                                        ,0.16716716716716717,0.8888888888888888,0.3918918918918919,0.4993086283185841,0.0,0.8088088088088088,0.06011966178745673,0.8818818818818819,0.7377377377377378,0.5385385385385385,0.12449709432275369,0.1463404475036037
Forsaken                                                                                                                                                                          - Entombed                                        ,0.17517517517517517,0.934934934934935,0.7217217217217218,0.4898667379954805,1.0,0.8143143143143143,0.05125173337093867,0.7627627627627628,0.5910910910910911,0.5385385385385385,0.2172172172172172,0.45148058632922483
Bitter Loss                                                                                                                                                                       - Entombed                                        ,0.11811811811811812,0.9169169169169169,0.3918918918918919,0.43343343343343343,0.0,0.7707707707707707,0.023648413657177902,0.7710531228317788,0.5630630630630631,0.5385385385385385,0.21521521521521522,0.84407325791269
Inborn Evil                                                                                                                                                                       - Necrophobic                                     ,0.05955955955955956,0.9474474474474475,0.3383383383383384,0.9365812173490462,1.0,0.8143143143143143,0.19124017327129791,0.9129129129129129,0.8108108108108109,0.5385385385385385,0.1971971971971972,0.5994894701745088
The Nocturnal Silence                                                                                                                                                             - Necrophobic                                     ,0.11611611611611611,0.9324324324324325,0.0,0.7900347799788295,0.0,0.8728728728728729,0.17357570270640557,0.8342507226853022,0.24724724724724725,0.05005005005005005,0.057773886418387696,0.4318123357162397
The Call                                                                                                                                                                          - Necrophobic                                     ,0.05305305305305305,0.8018018018018018,0.8883883883883883,0.4613787660310922,1.0,0.9764764764764764,0.12387415579304428,0.8298298298298298,0.0805431574662344,0.5385385385385385,0.012012012012012012,0.7533171065585597
Ultimate Antichrist                                                                                                                                                               - Massacra                                        ,0.24071082390953158,0.9384384384384384,0.7217217217217218,0.5421734104526088,1.0,0.8638638638638638,0.08876740900316539,0.6095119098905384,0.7417417417417418,0.5385385385385385,0.22822822822822822,0.9228319868448357
Gods of Hate                                                                                                                                                                      - Massacra                                        ,0.3483483483483483,0.952952952952953,0.7217217217217218,0.5247575504970272,1.0,0.8088088088088088,0.09513257235211811,0.47187920356829177,0.6746746746746747,0.5385385385385385,0.23423423423423423,0.7007220325064842
Apocalyptic Warriors                                                                                                                                                              - Massacra                                        ,0.33183183183183185,0.8378378378378378,1.0,0.4071327486360166,0.0,0.7217217217217217,0.08802015844269362,0.8508508508508509,0.6996996996996997,0.5385385385385385,0.4209209209209209,0.599763499129523
Researchers of Tortures                                                                                                                                                           - Massacra                                        ,0.058058058058058054,0.9109109109109109,0.3918918918918919,0.4457600123487974,0.0,0.8453453453453453,0.039990799133186955,0.9634634634634635,0.22622622622622623,0.5385385385385385,0.31192069583294446,0.9148131209826055
Sentenced for Life                                                                                                                                                                - Massacra                                        ,0.03565576749934292,0.9324324324324325,1.0,0.47273007116892646,0.0,0.8088088088088088,0.03775796521910512,0.9234234234234233,0.8818818818818819,0.5385385385385385,0.41519383764122664,0.13654178236904022
Evidence of Abominations                                                                                                                                                          - Massacra                                        ,0.11961961961961962,0.9639639639639639,1.0,0.4459060403861805,1.0,0.7862862862862863,0.20529683064042603,0.6220896750012762,0.516016016016016,0.05005005005005005,0.4064064064064064,0.9814033467111477
Defying Man's Creation                                                                                                                                                            - Massacra                                        ,0.10560560560560561,0.9054054054054055,0.7217217217217218,0.49130815197863437,1.0,0.7987987987987988,0.2667326794344863,0.5911286938919832,0.6196196196196196,0.5385385385385385,0.2272272272272272,0.8678137966601892
Excruciating Commands                                                                                                                                                             - Massacra                                        ,0.37037037037037035,0.9614614614614614,0.7217217217217218,0.5544442886785229,0.0,0.7632632632632632,0.2607264607264607,0.4996098699340595,0.3278278278278278,0.5385385385385385,0.47847847847847846,0.27774455931429537
Sentenced For Life                                                                                                                                                                - Massacra                                        ,0.12312312312312312,0.934934934934935,0.8058058058058057,0.6242232458481695,0.0,0.9605594803436529,0.3084287322004085,0.7179998847606072,0.8778778778778779,0.5385385385385385,0.1941941941941942,0.9262441275482647
Certain Accuracy                                                                                                                                                                  - Opprobrium                                      ,0.14314314314314314,0.9984984984984986,0.7217217217217218,0.5404051927159668,0.0,0.8753753753753755,0.10080306811878438,0.5754427390791027,0.8033033033033032,0.5385385385385385,0.013013013013013013,0.7213599023094326
The Deceived Ones                                                                                                                                                                 - Opprobrium                                      ,0.14164164164164164,0.9964964964964964,0.7217217217217218,0.5669323644632287,0.0,0.8638638638638638,0.1257570366575106,0.4917455550788884,0.6911911911911912,0.5385385385385385,0.04204204204204204,0.7687374346422344
Discerning Forces                                                                                                                                                                 - Opprobrium                                      ,0.3818818818818819,0.5015015015015015,0.5445445445445445,0.6921749391143721,0.0,0.46996996996997,0.1965532821939776,0.684751978869626,0.7477477477477478,0.5385385385385385,0.7022022022022022,0.5234472795288742
Ancient Rebellion                                                                                                                                                                 - Opprobrium                                      ,0.1816816816816817,0.8618618618618619,0.8883883883883883,0.6250946631814656,0.0,0.8473473473473474,0.07995781370122312,0.5766495508763549,0.8758758758758759,0.5385385385385385,0.24974974974974976,0.7629519659705125
The Battle of Armageddon                                                                                                                                                          - Opprobrium                                      ,0.011095421727869025,0.9474474474474475,0.6341341341341341,0.8448448448448448,1.0,0.9426761563325439,0.019426871204870532,0.8336025848142167,0.7847847847847848,0.5385385385385385,0.15815815815815815,0.9469208225834732
Voices from the Grave                                                                                                                                                             - Opprobrium                                      ,0.016016016016016016,0.952952952952953,1.0,0.8578578578578578,1.0,0.9289289289289289,0.07097546803429156,0.7467467467467468,0.6091091091091092,0.5385385385385385,0.2727727727727728,0.08257747825383278
Sadistic Sinner                                                                                                                                                                   - Opprobrium                                      ,0.13463463463463465,0.980980980980981,0.7217217217217218,0.8406572411157816,0.0,0.9189189189189189,0.06104279551876327,0.7247247247247247,0.06106106106106106,0.5385385385385385,0.1971971971971972,0.40873056347147135
Excursion Demis                                                                                                                                                                   - Invocator                                       ,0.2722041070921669,0.7892892892892893,0.4664664664664665,0.32214175133429807,1.0,0.6731731731731732,0.15226698109906492,0.5675675675675675,0.8638638638638638,0.5385385385385385,0.5895895895895896,0.5415169347740715
To a Twisted Recess of Mind                                                                                                                                                       - Invocator                                       ,0.3063063063063063,0.19953286619953287,0.0,0.10202051530464815,0.0,0.16016016016016016,0.9009009009009009,0.8538538538538538,0.507007007007007,1.0,0.5655655655655656,0.11715585884336219
Paralytic Disease                                                                                                                                                                 - Agressor                                        ,0.021628727108179164,0.7727727727727728,0.6341341341341341,0.2530434639892663,1.0,0.8088088088088088,0.11858441685404243,0.7957067874988532,0.5025025025025025,0.5385385385385385,0.3868868868868869,0.9899705687570385
The Unknown Spell                                                                                                                                                                 - Agressor                                        ,0.09759759759759759,0.8423423423423424,0.8058058058058057,0.2962962962962963,0.0,0.8603603603603603,0.14008510880548797,0.7731064397731064,0.521021021021021,0.05005005005005005,0.31247206079570855,0.4532203896309502
Primeval Transubstantation                                                                                                                                                        - Agressor                                        ,0.12312312312312312,0.8053053053053053,0.4664664664664665,0.2074046016012064,1.0,0.5790790790790791,0.12549374018568332,0.8263263263263263,0.3023023023023023,0.5385385385385385,0.29979979979979976,0.2765157060627501
Deliver the Suffering                                                                                                                                                             - Devastation                                     ,0.31431431431431434,0.6891891891891893,0.8883883883883883,0.17667157603463335,0.0,0.8863863863863863,0.14279850042276326,0.738830030526856,0.4074074074074074,0.5385385385385385,0.18568568568568566,0.526822213096723
Freewill                                                                                                                                                                          - Devastation                                     ,0.2977838950061172,0.6176176176176176,0.8883883883883883,0.162485599534517,0.0,0.5715715715715716,0.06350897108599024,0.743126269214568,0.6116116116116116,0.5385385385385385,0.4444444444444444,0.34864064007782775
Eye For An Eye                                                                                                                                                                    - Devastation                                     ,0.16366366366366364,0.7287287287287287,0.3383383383383384,0.6186548342843566,0.0,0.6156156156156156,0.0037847057583899704,0.5628337122371829,0.8018018018018018,0.5385385385385385,0.5710823909531503,0.6890201984858645
Desolation                                                                                                                                                                        - Devastation                                     ,0.22122122122122123,0.8078078078078078,0.3383383383383384,0.5186582223464035,0.0,0.5105105105105106,0.005102660673065241,0.5985728837225727,0.5910910910910911,0.5385385385385385,0.45245245245245247,0.7848892840590952
Delirium Tremens                                                                                                                                                                  - Protector                                       ,0.14464464464464466,0.9474474474474475,0.8883883883883883,0.46603887013801226,1.0,0.8743743743743744,0.12512512512512514,0.47309607054335134,0.3433433433433434,0.5385385385385385,0.0970970970970971,0.696078946095422
Apocalyptic Revelations                                                                                                                                                           - Protector                                       ,0.19769769769769768,0.9139139139139139,0.0,0.4134524631206714,1.0,0.7217217217217217,0.10397595733644613,0.5719469469469469,0.43843843843843844,0.5385385385385385,0.26876876876876876,0.7541250143065025
Cursed                                                                                                                                                                            - Morgoth                                         ,0.1111111111111111,0.0980980980980981,0.8058058058058057,0.043080343848816406,1.0,0.3943943943943944,0.8011344678011344,0.8308308308308309,0.575075075075075,0.05005005005005005,0.08856828016491881,0.5775307322182323
Dictated Deliverance                                                                                                                                                              - Morgoth                                         ,0.22122122122122123,0.9614614614614614,0.4664664664664665,0.7310507674144037,0.0,0.9409409409409409,0.1386341440055246,0.0,0.7487487487487487,0.5385385385385385,0.18018018018018017,0.5595595595595596
Sunrise Over Locus Mortis - Studio                                                                                                                                                - Darkthrone                                      ,0.03453453453453453,0.8278278278278278,0.3918918918918919,0.4460520684235637,0.0,0.7507507507507507,0.009834599910594544,0.8055431381314259,0.8778778778778779,0.05005005005005005,0.1981981981981982,0.7862084583510986
Soulside Journey - Studio                                                                                                                                                         - Darkthrone                                      ,0.03953953953953954,0.8938938938938938,0.3918918918918919,0.5312048772661639,0.0,0.8368368368368369,0.004086078856269271,0.9464464464464464,0.7147147147147147,0.5385385385385385,0.14914914914914915,0.3655017498945952
Grave with a View - Studio                                                                                                                                                        - Darkthrone                                      ,0.000978384997673159,0.6966966966966966,0.5445445445445445,0.5256098848875277,0.0,0.7632632632632632,0.011622708985248099,0.8398398398398398,0.03303303303303303,0.05005005005005005,0.2822822822822823,0.01154520328485197
Asphyxiate with Fear                                                                                                                                                              - Therion                                         ,0.0920920920920921,0.8323323323323324,0.6341341341341341,0.34385075259308395,1.0,0.8568568568568569,0.02008702351168104,0.714521841794569,0.6891891891891893,0.5385385385385385,0.17217217217217218,0.33450680422153667
Morbid Reality                                                                                                                                                                    - Therion                                         ,0.10810810810810811,0.6776776776776776,0.6341341341341341,0.42393458375738163,1.0,0.5832605486842775,0.006164547023856207,0.7263496528202411,0.5855855855855856,0.5385385385385385,0.4894894894894895,0.33139284726055956
Future Consciousness                                                                                                                                                              - Therion                                         ,0.01880449068809273,0.6406406406406406,0.16616616616616617,0.43543543543543545,1.0,0.45245245245245247,0.04446600624944574,0.8968968968968969,0.7342342342342343,0.5385385385385385,0.4124124124124124,0.014321836274037195
Pandemonic Outbreak                                                                                                                                                               - Therion                                         ,0.13213213213213212,0.507007007007007,0.0,0.47149553908967184,0.0,0.14164164164164164,0.1220523932388339,0.8958958958958959,0.8223223223223224,0.5385385385385385,0.3303303303303303,0.04493939759044579
Cthulhu                                                                                                                                                                           - Therion                                         ,0.03003003003003003,0.6351351351351351,0.0,0.47455549985060946,0.0,0.3153153153153153,0.07244042901393817,0.9769769769769769,0.8828828828828829,0.5385385385385385,0.43543543543543545,0.9735970416912859
Baal Reginon                                                                                                                                                                      - Therion                                         ,0.19119119119119118,0.44044044044044045,0.0,0.6179158018411157,1.0,0.11946609788336406,0.09464220629328149,0.8028028028028028,0.6646646646646647,0.5385385385385385,0.5575575575575575,0.4416688297222927
Emaciate                                                                                                                                                                          - Cryptopsy                                       ,0.07107107107107107,0.9689689689689689,0.27127127127127126,0.8890633959065639,1.0,0.9733541072453207,0.033942067269994616,0.8178178178178178,0.37887887887887883,0.5385385385385385,0.08262473929087118,0.8989508792472543
Cold Hate Warm Blood                                                                                                                                                              - Cryptopsy                                       ,0.19769769769769768,0.9214214214214214,0.6341341341341341,0.7827633967984845,1.0,0.9259259259259259,0.06327768234512614,0.8263263263263263,0.6251251251251251,0.5385385385385385,0.4724724724724725,0.3854279442214733
Slit Your Guts                                                                                                                                                                    - Cryptopsy                                       ,0.16516516516516516,0.9409409409409409,0.8883883883883883,0.938938938938939,0.0,0.9346245416687402,0.046989203531536274,0.8693693693693694,0.8938938938938938,0.05005005005005005,0.3793793793793794,0.3921972684000475
Church of Lies                                                                                                                                                                    - Blasphereion                                    ,0.18518518518518517,0.46346346346346345,0.27127127127127126,0.11688038340531118,1.0,0.4904904904904905,0.11359514223405573,0.990990990990991,0.6061061061061062,0.5385385385385385,0.17617617617617617,0.5835835835835835
Dells of Pain                                                                                                                                                                     - Blasphereion                                    ,0.2042042042042042,0.5135135135135135,0.6341341341341341,0.13513513513513514,1.0,0.5888354417766184,0.1270813253968382,0.992992992992993,0.8998998998998999,0.5385385385385385,0.22322322322322322,0.7358800986018965
Demon's Blood                                                                                                                                                                     - Blasphereion                                    ,0.26426426426426425,0.45645645645645644,0.8058058058058057,0.12908693546432415,1.0,0.6096096096096096,0.16816816816816815,0.95995995995996,0.7302302302302301,0.5385385385385385,0.13263263263263264,0.718908731033021
Sweet Lobotomy                                                                                                                                                                    - Avulsed                                         ,0.10560560560560561,0.8448448448448448,0.0,0.26159446131457326,1.0,0.48148148148148145,0.11521295505239308,0.9484484484484484,0.8423423423423424,0.5385385385385385,0.3688688688688689,0.844192351609656
Hidden Perversions                                                                                                                                                                - Avulsed                                         ,0.2132132132132132,0.934934934934935,0.6341341341341341,0.33110213123965127,1.0,0.5795795795795796,0.12112112112112113,0.9169169169169169,0.007007007007007007,0.5385385385385385,0.28928928928928926,0.7948495451903907
Stabwound Orgasm                                                                                                                                                                  - Avulsed                                         ,0.06299576887812183,0.8938938938938938,0.0,0.7417417417417418,0.0,0.8223223223223224,0.27005981178255745,0.9464464464464464,0.8593593593593594,0.5385385385385385,0.3613613613613614,0.8799565913173534
Blessed by Gore                                                                                                                                                                   - Avulsed                                         ,0.05405405405405406,0.8808808808808809,0.3383383383383384,0.7367367367367368,1.0,0.7812812812812813,0.2247715695991558,0.9129129129129129,0.8003003003003002,0.5385385385385385,0.3793793793793794,0.8954225262391505
A Suburb to Hell - 1989 EP Version                                                                                                                                                - Therion                                         ,0.03753753753753754,0.7212212212212212,0.16616616616616617,0.3867926427341419,1.0,0.7602602602602602,0.0,0.8983983983983983,0.126587752801345,0.5385385385385385,0.2247247247247247,0.2098024797590642
Time Shall Tell - Unreleased Version                                                                                                                                              - Therion                                         ,0.14914914914914915,0.9109109109109109,0.6341341341341341,0.5729156788367314,1.0,0.8338338338338338,0.012932464285792738,0.6937934741766313,0.6851851851851851,0.5385385385385385,0.07773226671817492,0.39843206937150505
Son of the Mourning                                                                                                                                                               - Dissection                                      ,0.16366366366366364,0.993993993993994,0.8058058058058057,0.8292705706547119,1.0,0.9469469469469469,0.19950965245729066,0.7927927927927928,0.8268268268268268,0.5385385385385385,0.08392113801923154,0.5788135507365023
Carnivoracity                                                                                                                                                                     - Avulsed                                         ,0.15215215215215216,0.7232232232232232,0.8883883883883883,0.13809916067166236,1.0,0.8368368368368369,0.2835700258635892,0.9484484484484484,0.5025025025025025,0.5385385385385385,0.10071089035490328,0.5280646161456904
Cradle of Bones                                                                                                                                                                   - Avulsed                                         ,0.27627627627627627,0.8618618618618619,0.27127127127127126,0.16109282323728744,1.0,0.6606606606606606,0.2771816704127044,0.9344344344344344,0.6871871871871872,0.5385385385385385,0.1941941941941942,0.5347021903164926
Phantasm                                                                                                                                                                          - Possessed                                       ,0.16366366366366364,0.8218218218218218,0.0,0.7021589490725293,1.0,0.9289289289289289,0.4124124124124124,0.5830624788415304,0.572072072072072,0.5385385385385385,0.5415415415415415,0.9263902168760915
The Heretic                                                                                                                                                                       - Possessed                                       ,0.21571571571571574,0.9232633279483038,1.0,0.8302695177695179,1.0,0.9521959506819462,0.24424424424424424,0.4665630501026541,0.6026026026026026,0.5385385385385385,0.124273580688422,0.26593438350365944
March to Die                                                                                                                                                                      - Possessed                                       ,0.3113113113113113,0.9054054054054055,0.5445445445445445,0.8328328328328328,1.0,0.9259259259259259,0.17917917917917917,0.6421720049405015,0.3033033033033033,0.5385385385385385,0.17317317317317318,0.16316573199909357
Seven Churches                                                                                                                                                                    - Possessed                                       ,0.028528528528528527,0.9409409409409409,0.5445445445445445,0.7685222498424039,1.0,0.7537537537537538,0.14577139426339533,0.5051938333845768,0.7247247247247247,0.5385385385385385,0.01077075554063,0.317819468762865
Confessions                                                                                                                                                                       - Possessed                                       ,0.07557557557557558,0.9589589589589589,0.6341341341341341,0.9441692259152575,1.0,0.8393393393393394,0.42542542542542544,0.7162114961037157,0.933933933933934,0.05005005005005005,0.23723723723723725,0.19736308202380803
Skinless                                                                                                                                                                          - Avulsed                                         ,0.05655655655655656,0.5935935935935935,0.7217217217217218,0.25461736246049965,0.0,0.6690023356690024,0.12759920089457247,0.8724910669183115,0.26326326326326327,0.5385385385385385,0.4744744744744745,0.8692451666965352
Addicted to Carrion                                                                                                                                                               - Avulsed                                         ,0.07257257257257257,0.8968968968968969,0.8058058058058057,0.3133133133133133,0.0,0.7425376032618372,0.14499793283144405,0.8613613613613613,0.7232232232232232,0.5385385385385385,0.4079079079079079,0.8706038848974391
Devourer of the Dead                                                                                                                                                              - Avulsed                                         ,0.10010010010010009,0.7342342342342343,0.16616616616616617,0.30275899120120225,1.0,0.5405405405405406,0.056871808763176365,0.8983983983983983,0.36936936936936937,0.05005005005005005,0.3213213213213213,0.8748679487936589
Satanic Lust                                                                                                                                                                      - Sarcófago                                       ,0.08308308308308308,0.8468468468468469,0.0,0.33435074561785993,1.0,0.6046046046046046,0.04266019935966946,0.7450335117098039,0.0961042949129323,0.5385385385385385,0.13563563563563563,0.1795104536382882
Nightmare                                                                                                                                                                         - Sarcófago                                       ,0.29404235696370534,0.5185185185185185,0.0,0.29579579579579596,1.0,0.43043043043043044,0.07507507507507508,0.8078078078078078,0.5445445445445445,0.5385385385385385,0.3213213213213213,0.715462760615031
The Black Vomit                                                                                                                                                                   - Sarcófago                                       ,0.32732732732732733,0.977977977977978,0.27127127127127126,0.4044044044044044,1.0,0.7037037037037037,0.041270101378819764,0.8663663663663663,0.8358358358358359,0.5385385385385385,0.2907907907907908,0.7270792388547257
Rotting                                                                                                                                                                           - Sarcófago                                       ,0.11261261261261261,0.8913913913913913,0.4664664664664665,0.8055240567827475,1.0,0.7371160994074497,0.21148423481158676,0.6446280991735538,0.14664664664664664,0.5385385385385385,0.11838614277638668,0.758435816395
Severed Survival - Studio                                                                                                                                                         - Autopsy                                         ,0.08408408408408408,0.7917917917917918,0.16616616616616617,0.5104147625886756,1.0,0.6596596596596597,0.022772303377530338,0.5715715715715716,0.05305305305305305,0.5385385385385385,0.49149149149149146,0.23921711472710155
In Torment in Hell                                                                                                                                                                - Deicide                                         ,0.2810985460420033,0.9384384384384384,0.27127127127127126,0.3676359600543486,1.0,0.5977460836795877,0.24820184329988254,0.8693693693693694,0.36036036036036034,0.005005005005005005,0.3036416137807788,0.19033203239139884
Chamber of Ages                                                                                                                                                                   - Massacre                                        ,0.22122122122122123,0.8128128128128128,0.6341341341341341,0.2818002093792299,1.0,0.9200323101777058,0.20580077053414053,0.7827419354063618,0.5025025025025025,0.5385385385385385,0.20020020020020018,0.25723976273744253
Malicious Intent                                                                                                                                                                  - Napalm Death                                    ,0.3103103103103103,0.6846846846846847,0.27127127127127126,0.16011687615521727,1.0,0.8143143143143143,0.10833346435440677,0.7811144477811144,0.7657657657657657,0.5385385385385385,0.5153473344103392,0.4406273555641623
Imperial Doom                                                                                                                                                                     - Monstrosity                                     ,0.2042042042042042,0.7632632632632632,0.6341341341341341,0.3223192136235615,1.0,0.933933933933934,0.02702702702702703,0.6795069681080044,0.9019019019019019,0.5385385385385385,0.3588588588588588,0.4843570330894274
Faces                                                                                                                                                                             - Polluted Inheritance                            ,0.2826309675624744,0.6931931931931932,0.6341341341341341,0.22220242249644845,1.0,0.7892892892892893,0.17498800183781132,0.7250992565599307,0.2272272272272272,0.5385385385385385,0.3258258258258258,0.4085876908448813
Dissolved                                                                                                                                                                         - Polluted Inheritance                            ,0.19769769769769768,0.8193193193193193,0.6341341341341341,0.24622026047985826,1.0,0.8863863863863863,0.16082490644866004,0.7204976309270787,0.03803803803803804,0.5385385385385385,0.23523523523523523,0.8606585460865541
Forgotten Cause                                                                                                                                                                   - Polluted Inheritance                            ,0.3073073073073073,0.46346346346346345,0.16616616616616617,0.12913510335915804,1.0,0.5751211631663973,0.14557469874805307,0.7492057871399737,0.6706706706706707,0.5385385385385385,0.3708708708708709,0.7545109155387119
Substance of Existence                                                                                                                                                            - Polluted Inheritance                            ,0.3103103103103103,0.7952952952952952,0.5445445445445445,0.2497940877829146,0.0,0.8338338338338338,0.11036036036036036,0.8923923923923924,0.4314314314314314,0.5385385385385385,0.19119119119119118,0.4664032335769484
God in the Flesh                                                                                                                                                                  - Eternal Solstice                                ,0.25725725725725723,0.6606606606606606,0.27127127127127126,0.18149733667756326,1.0,0.6751751751751751,0.11275748158613602,0.7247247247247247,0.8268268268268268,0.5385385385385385,0.5095095095095095,0.7481204183608908
Torn Apart                                                                                                                                                                        - Eternal Solstice                                ,0.27127127127127126,0.7417417417417418,0.6341341341341341,0.17062889355228653,1.0,0.48648648648648646,0.052724844993631115,0.7547547547547547,0.7612612612612613,0.5385385385385385,0.47847847847847846,0.38858012964489963
Culpable Homicide                                                                                                                                                                 - Eternal Solstice                                ,0.19569569569569567,0.8998998998998999,0.3918918918918919,0.7357357357357357,0.0,0.7632632632632632,0.15015015015015015,0.9294294294294294,0.496996996996997,0.5385385385385385,0.4114114114114114,0.363902270134271
Eternal Solstice - Thrall to the Gallows                                                                                                                                          - Eternal Solstice                                ,0.16516516516516516,0.46646646646646645,1.0,0.14104393852874927,1.0,0.4264264264264264,0.046989203531536274,0.8538538538538538,0.47047047047047047,0.5385385385385385,0.4164164164164164,0.3111911584776028
Eternal Solstice – Obscuration                                                                                                                                                    - Eternal Solstice                                ,0.11961961961961962,0.8128128128128128,0.8058058058058057,0.17653003321793126,1.0,0.44094094094094094,0.0655336852848075,0.8358358358358359,0.05498169783884068,0.5385385385385385,0.5365365365365365,0.3023553671362702
Unchallenged Hate                                                                                                                                                                 - Napalm Death                                    ,0.14714714714714713,0.5810810810810811,0.27127127127127126,0.16935884771711998,1.0,0.44094094094094094,0.020865354769464356,0.9189189189189189,0.6996996996996997,0.5385385385385385,0.6256256256256256,0.34221717582617356
Blood Brothers                                                                                                                                                                    - Malevolent Creation                             ,0.2902902902902903,0.974974974974975,0.3918918918918919,0.3203477255142788,0.0,0.7942942942942943,0.14414414414414414,0.7867867867867868,0.7302302302302301,0.5385385385385385,0.05126489091152455,0.17767246615211163
Chaos Fury                                                                                                                                                                        - Vomitory                                        ,0.24224224224224225,0.7752752752752752,0.8883883883883883,0.5450774336283186,0.0,0.6441441441441441,0.06162495915638329,0.8883883883883883,0.8223223223223224,1.0,0.09801621474415592,0.49968217807159815
Mind Reflections (Original)                                                                                                                                                       - Pestilence                                      ,0.2042042042042042,0.9829829829829829,1.0,0.7716361290994853,1.0,0.7707707707707707,0.4471676349651252,0.2932932932932933,0.8853853853853855,0.05005005005005005,0.14914914914914915,0.8878715948100704
Games Of Humilation - remastered                                                                                                                                                  - Pungent Stench                                  ,0.12312312312312312,0.6156156156156156,0.5445445445445445,0.9175054057946114,1.0,0.44844844844844844,0.16016016016016016,0.800519224260231,0.8368328448089166,0.5385385385385385,0.4174174174174174,0.39791747755436646
I am god                                                                                                                                                                          - Vital Remains                                   ,0.10810810810810811,0.9719719719719719,0.3918918918918919,0.8578578578578578,0.0,0.8833833833833833,0.1951371571072319,0.6687693040634217,0.47047047047047047,0.5385385385385385,0.24574574574574576,0.06724242402694869
"No Jesus, No Beast                                                                                                                                                              - Immolation                                      ",0.2527527527527528,0.9214214214214214,0.6341341341341341,0.6550711477825181,1.0,0.7237237237237237,0.45045045045045046,0.6213311929022652,0.96996996996997,0.5385385385385385,0.1021021021021021,0.11093095345063844
Siege Of Power                                                                                                                                                                    - Napalm Death                                    ,0.27127127127127126,0.7232232232232232,0.3383383383383384,0.16214034543668127,1.0,0.5913105329951983,0.05809399439972688,0.7747747747747747,0.7327327327327328,0.5385385385385385,0.3738738738738739,0.7716422861136388
The Holocaust Incarnate                                                                                                                                                           - Aborted                                         ,0.3183183183183183,0.6336336336336337,0.8883883883883883,0.5888108067334138,0.0,0.6466466466466466,0.1445710384877941,0.7357663786235216,0.26926926926926925,0.5385385385385385,0.5913105329951983,0.4656765940107385
Premature Autopsy                                                                                                                                                                 - Entombed                                        ,0.018018018018018018,0.8998998998998999,0.6341341341341341,0.5801696229224905,1.0,0.7892892892892893,0.01823238566131025,0.8336025848142167,0.0993537964458804,0.5385385385385385,0.2471628365303892,0.9467280514991359
Body's Decay                                                                                                                                                                      - Electrocution                                   ,0.2177177177177177,0.934934934934935,0.3918918918918919,0.6562322286758838,1.0,0.8653653653653655,0.039644987773283784,0.625555847186817,0.8798798798798799,0.5385385385385385,0.5365365365365365,0.7620488187738181
Growing Into the Flesh                                                                                                                                                            - Electrocution                                   ,0.3113113113113113,0.8723723723723724,0.7217217217217218,0.6416416416416416,1.0,0.8653653653653655,0.015108369090669973,0.8548548548548548,0.6726726726726726,0.5385385385385385,0.5387722132471731,0.7199398049279624
Beyond                                                                                                                                                                            - Atheist                                         ,0.10810810810810811,0.9589589589589589,0.7217217217217218,0.37196619350054505,0.0,0.9208400646203552,0.08491553608542418,0.8633633633633633,0.269655071738405,0.05005005005005005,0.16466466466466467,0.8229136709538398
Elemental Decay                                                                                                                                                                   - Agressor                                        ,0.007523720960248527,0.8618618618618619,0.8058058058058057,0.28565330420569507,1.0,0.6586586586586587,0.1619834710743802,0.735958908465647,0.5785785785785786,0.5385385385385385,0.15965965965965967,0.9895637958550392
Bloodfeast                                                                                                                                                                        - Agressor                                        ,0.043043043043043044,0.8018018018018018,0.8058058058058057,0.3173961681086628,0.0,0.7229350801906005,0.17917917917917917,0.8458458458458459,0.17069427918484525,0.5385385385385385,0.2077077077077077,0.838619713227704
The Forteress                                                                                                                                                                     - Agressor                                        ,0.17967967967967968,0.7872872872872874,0.4664664664664665,0.26727317684624075,0.0,0.6466466466466466,0.08862707782157683,0.8570314115768659,0.35235235235235235,0.5385385385385385,0.5375375375375375,0.35515593407266705
Epilpetic Aura                                                                                                                                                                    - Agressor                                        ,0.2609547047047047,0.7277277277277278,0.0,0.3290101993074764,1.0,0.5275275275275275,0.04797047970479705,0.8283283283283283,0.09552923194497515,0.5385385385385385,0.6256256256256256,0.30655062524084753
Perpetual Dawn                                                                                                                                                                    - Fleshcrawl                                      ,0.14814814814814814,0.6011011011011012,0.5445445445445445,0.29982201873821424,1.0,0.5245245245245245,0.1949590309939437,0.6486486486486487,0.496996996996997,0.5385385385385385,0.27127127127127126,0.8593381927587114
Lost in Grave                                                                                                                                                                     - Fleshcrawl                                      ,0.16816816816816815,0.6296296296296297,0.5445445445445445,0.3259111974378128,1.0,0.3208208208208208,0.19098529947758475,0.7627627627627628,0.5405405405405406,0.5385385385385385,0.07832832832832834,0.13703067506995797
Never to Die Again                                                                                                                                                                - Fleshcrawl                                      ,0.08608608608608609,0.5260260260260261,0.5445445445445445,0.26169442133056686,1.0,0.4229229229229229,0.22527925652925654,0.715702479338843,0.2752752752752753,0.5385385385385385,0.3303303303303303,0.13094244529168433
From the Dead to the Living                                                                                                                                                       - Fleshcrawl                                      ,0.13063063063063063,0.92992992992993,0.5445445445445445,0.5077147369699915,1.0,0.9359359359359359,0.014014014014014014,0.9824824824824825,0.7607607607607607,0.5385385385385385,0.11923633753063714,0.029994874084362685
Reincarantion                                                                                                                                                                     - Fleshcrawl                                      ,0.2062062062062062,0.9689689689689689,0.5445445445445445,0.4876783398184175,1.0,0.8638638638638638,0.04544404753881063,0.8648648648648649,0.14814814814814814,0.5385385385385385,0.16716716716716717,0.8051168202246026
Withering Life                                                                                                                                                                    - Fleshcrawl                                      ,0.11611611611611611,0.9254254254254255,0.16616616616616617,0.49752848726154664,1.0,0.8653653653653655,0.03891490137262404,0.7456110456399224,0.05038371705038372,0.5385385385385385,0.2977977977977978,0.8913147404889036
Bloodsoul                                                                                                                                                                         - Fleshcrawl                                      ,0.011324569298904772,0.8053053053053053,0.6341341341341341,0.42845813390768517,1.0,0.8013013013013013,0.049929116442600535,0.8883883883883883,0.6771771771771772,0.5385385385385385,0.03657657657657656,0.9178984219957947
In the Dead of Night                                                                                                                                                              - Fleshcrawl                                      ,0.012512512512512512,0.7087087087087087,0.16616616616616617,0.41826233065043644,1.0,0.6481481481481481,0.03921272357340482,0.9784784784784785,0.8378378378378378,0.5385385385385385,0.1781781781781782,0.916242576601776
Dark Dimension                                                                                                                                                                    - Fleshcrawl                                      ,0.07507507507507508,0.9409409409409409,0.6341341341341341,0.720459474121258,1.0,0.6504486908002688,0.0029889759009397833,0.914914914914915,0.8743743743743744,0.5385385385385385,0.3134190591665973,0.2179183950492444
Awaiting the End                                                                                                                                                                  - Fleshcrawl                                      ,0.004552723333793126,0.9689689689689689,0.6341341341341341,0.8334420317362747,1.0,0.8013013013013013,0.03668082271629611,0.8713713713713713,0.6451451451451451,0.5385385385385385,0.05713450022912938,0.9648832346106377
Smashing the Antiu                                                                                                                                                                - Nile                                            ,0.2017017017017017,0.8688688688688688,1.0,0.4923949115044248,0.0,0.9144144144144144,0.01823238566131025,0.8308308308308309,0.5115115115115114,0.5385385385385385,0.06373208651689663,0.4228675100145979
Beneath Eternal Oceans of Sand                                                                                                                                                    - Nile                                            ,0.17117117117117117,0.6721721721721721,0.4664664664664665,0.2952952952952953,0.0,0.8948948948948949,0.20428524200373324,0.8923923923923924,0.8293057208151549,0.05005005005005005,0.017017017017017015,0.8865365123310405
Divine Intent                                                                                                                                                                     - Nile                                            ,0.2730210016155089,0.6981981981981982,1.0,0.14394706514178082,0.0,0.5642466236728532,0.3683683683683684,0.7317544505961645,0.9459459459459459,0.5385385385385385,0.044044044044044044,0.48865839451627247
Defiling the Gates of Ishtar                                                                                                                                                      - Nile                                            ,0.2431240764574099,0.7992992992992993,0.27127127127127126,0.4422756089422756,1.0,0.7358731788783606,0.12512512512512514,0.8247072160499723,0.9529529529529529,0.5385385385385385,0.12612612612612611,0.5554955873387105
Ruins                                                                                                                                                                             - Nile                                            ,0.06406406406406406,0.6981981981981982,0.6341341341341341,0.8457060364208253,1.0,0.5773273273273273,0.30344878654037377,0.9119119119119119,0.5930930930930931,0.5385385385385385,0.29479479479479476,0.5946542200114642
User Maat Re                                                                                                                                                                      - Nile                                            ,0.06406406406406406,0.4854854854854855,0.8058058058058057,0.5610288207601332,1.0,0.5075075075075075,0.12266988245232693,0.8478478478478478,0.3278278278278278,0.005005005005005005,0.16953200807699859,0.19807387568560908
It's Alive!                                                                                                                                                                       - Deceased…                                       ,0.09009009009009009,0.7847847847847848,0.27127127127127126,0.5125804290027164,1.0,0.8013013013013013,0.02616107621303326,0.7555172404581479,0.9432766099432766,0.5385385385385385,0.45045045045045046,0.6980704915765507
Zombie Attack                                                                                                                                                                     - Deceased…                                       ,0.03803803803803804,0.8688688688688688,0.0,0.46976567756063625,0.0,0.6836836836836837,0.0541812999440118,0.6476476476476476,0.7162162162162162,0.5385385385385385,0.6256256256256256,0.976278849062528
Ashes of Mourning Life                                                                                                                                                            - God Macabre                                     ,0.03453453453453453,0.7322322322322322,0.27127127127127126,0.6510510510510512,1.0,0.6976976976976977,0.006726187012623409,0.8538538538538538,0.03896267973937878,0.5385385385385385,0.5615615615615616,0.9459271985955212
In Grief                                                                                                                                                                          - God Macabre                                     ,0.09759759759759759,0.6351351351351351,0.27127127127127126,0.642042042042042,1.0,0.4229229229229229,0.04075306215030999,0.7010853395829919,0.17517517517517517,0.5385385385385385,0.19119119119119118,0.14674055038720235
Suffering Souls                                                                                                                                                                   - Hypocrisy                                       ,0.025043707754906153,0.8838838838838838,0.16616616616616617,0.44820653236494806,1.0,0.8978978978978979,0.04283489219144026,0.7608382969566606,0.6976976976976977,0.5385385385385385,0.07007007007007007,0.9350311977542646
Exclamation Of A Necrofag                                                                                                                                                         - Hypocrisy                                       ,0.11261261261261261,0.9439439439439439,0.8058058058058057,0.5523824803465425,1.0,0.8688688688688688,0.19313912726338578,0.7535345815819641,0.13679034421099687,0.5385385385385385,0.025043707754906153,0.765035271231495
Pleasure Of Molestation                                                                                                                                                           - Hypocrisy                                       ,0.13763763763763764,0.7432432432432432,0.27127127127127126,0.2752752752752753,1.0,0.9724969097651421,0.1643248290307114,0.7623523379731055,0.16316316316316315,0.5385385385385385,0.018477013598964812,0.7172765374760387
Night Stalker                                                                                                                                                                     - MACABRE                                         ,0.23823823823823823,0.9669669669669669,0.16616616616616617,0.8808115214181366,1.0,0.9928806965303316,0.23283227092369033,0.4176092534583102,0.1111111111111111,0.5385385385385385,0.04878441238748818,0.3658790988921048
Dog Guts                                                                                                                                                                          - MACABRE                                         ,0.3023023023023023,0.9639639639639639,0.3918918918918919,0.9489946308128127,1.0,0.7632632632632632,0.05905905905905906,0.5685685685685685,0.8488488488488488,1.0,0.2471628365303892,0.3702142348283991
Hitchhiker                                                                                                                                                                        - MACABRE                                         ,0.3433433433433433,0.8808808808808809,0.5445445445445445,0.9662608157685514,1.0,0.6886886886886887,0.1627179257934734,0.6010784622147025,0.5365365365365365,0.5385385385385385,0.4984984984984985,0.7929470225542277
Nekromantik (Prelude) _ Uncontrollable Proliferation of Neoplasm                                                                                                                  - Haemorrhage                                     ,0.18618618618618618,0.5430430430430431,0.3383383383383384,0.32632714875705526,1.0,0.7263344160166444,0.3014443014443014,0.7775519421860884,0.7622622622622623,0.5385385385385385,0.27177177177177175,0.7227644208492654
Enshrouded In Putrilage                                                                                                                                                           - Haemorrhage                                     ,0.2062062062062062,0.993993993993994,0.6341341341341341,0.6075293651485836,1.0,0.9629629629629629,0.061657355165195,0.8358358358358359,0.7887887887887888,0.05005005005005005,0.08808808808808809,0.17120805009045892
Putritorium                                                                                                                                                                       - Haemorrhage                                     ,0.23173173173173173,0.9904904904904905,1.0,0.7022503985466948,1.0,0.9359359359359359,0.07807807807807808,0.6042842025306594,0.03403403403403403,0.05005005005005005,0.19269269269269268,0.39622215516392406
Evocation                                                                                                                                                                         - Asphyx                                          ,0.09009009009009009,0.7477477477477478,0.27127127127127126,0.3918089279258381,1.0,0.8808808808808809,0.11681681681681681,0.5338650411178865,0.7547547547547547,0.5385385385385385,0.22822822822822822,0.0031559470319796625
The Sickening Dwell                                                                                                                                                               - Asphyx                                          ,0.11411411411411411,0.8018018018018018,0.5445445445445445,0.3460095358869453,0.0,0.7892892892892893,0.06995915336056442,0.7097534674235942,0.13313313313313313,0.5385385385385385,0.14914914914914915,0.9179532645207314
Serenade In Lead                                                                                                                                                                  - Asphyx                                          ,0.09509509509509509,0.977977977977978,0.8058058058058057,0.39466695031158255,1.0,0.8903903903903905,0.13800799034588185,0.9259259259259259,0.36036036036036034,0.5385385385385385,0.02102102102102102,0.3088468694828129
Streams of Ancient Wisdom                                                                                                                                                         - Asphyx                                          ,0.16366366366366364,0.5,0.8058058058058057,0.2720056271204673,0.0,0.4797677221055696,0.15608506422259244,0.8443443443443444,0.4824824824824825,0.5385385385385385,0.34634634634634637,0.957476113187764
Depths of Eternity                                                                                                                                                                - Asphyx                                          ,0.15465465465465467,0.8778778778778779,0.6341341341341341,0.4000241743597738,1.0,0.7017017017017017,0.09208827439185945,0.8198198198198198,0.18274429572911866,0.5385385385385385,0.0675461472331482,0.8380363488990624
Emperors of Salvation                                                                                                                                                             - Asphyx                                          ,0.12512512512512514,0.8998998998998999,0.6341341341341341,0.44498189411360456,1.0,0.6993684641912531,0.10010765782671205,0.8803803803803805,0.7457457457457457,0.005005005005005005,0.07907907907907907,0.761740487668382
Til Death Do Us Apart                                                                                                                                                             - Asphyx                                          ,0.06299576887812183,0.8618618618618619,0.6341341341341341,0.4434449590309939,1.0,0.6996996996996997,0.06995915336056442,0.8443443443443444,0.047627261726478444,0.5385385385385385,0.13363363363363362,0.8589623941867459
Embrace the Death                                                                                                                                                                 - Asphyx                                          ,0.1026026026026026,0.7387387387387387,0.6341341341341341,0.5353455435728468,1.0,0.4874874874874875,0.22147147147147148,0.5869576595635135,0.9916497641494013,0.5385385385385385,0.6626626626626626,0.2809938085998016
Streams of Ancient Wisdom                                                                                                                                                         - Asphyx                                          ,0.19769769769769768,0.6861861861861862,0.8058058058058057,0.3747384995114059,1.0,0.666141456582633,0.20742818694296364,0.8743743743743744,0.8488488488488488,0.5385385385385385,0.28928928928928926,0.41841836044818537
My Beloved Enemy                                                                                                                                                                  - Asphyx                                          ,0.028528528528528527,0.6106106106106106,0.16616616616616617,0.46316173362941054,0.0,0.7122122122122122,0.15235730717620338,0.7971304637971305,0.4244244244244244,0.5385385385385385,0.14014014014014015,0.32107856311027494
Frozen Soul                                                                                                                                                                       - Asphyx                                          ,0.09759759759759759,0.7972972972972974,0.8058058058058057,0.4090789548393074,1.0,0.7602602602602602,0.19987581869676335,0.7247247247247247,0.7342342342342343,0.5385385385385385,0.23523523523523523,0.7740401747385599
Cut Throat Urges                                                                                                                                                                  - Asphyx                                          ,0.06906906906906907,0.8508508508508509,0.16616616616616617,0.4894924864984745,1.0,0.9208400646203552,0.13651112484548827,0.7480170669258157,0.8378378378378378,0.05005005005005005,0.11054067062409753,0.4962547700538969
Neolithic                                                                                                                                                                         - Nocturnus                                       ,0.12112112112112113,0.6831831831831832,0.16616616616616617,0.22740352208770553,0.0,0.6941941941941943,0.07995781370122312,0.6751798169136879,0.02282282282282282,0.5385385385385385,0.17067067067067065,0.7584268457737844
Biohazard                                                                                                                                                                         - Massacre                                        ,0.26226226226226224,0.8218218218218218,0.8883883883883883,0.30649117112915647,1.0,0.6932845283909114,0.15365711836441298,0.8143888569420483,0.6146146146146146,0.5385385385385385,0.5113085621970921,0.42197448352605715
Sea of Silence - remastered 2012                                                                                                                                                  - Gorement                                        ,0.17967967967967968,0.43843843843843844,0.6341341341341341,0.5304526346661453,1.0,0.12762762762762764,0.10291740208174747,0.7666872682323856,0.060560560560560556,0.5385385385385385,0.2822822822822823,0.6240979074180455
Cries of the Forsaken                                                                                                                                                             - Brutality                                       ,0.12312312312312312,0.7452452452452452,1.0,0.24285159999927142,1.0,0.6686686686686687,0.08082181221927139,0.8385130572841577,0.12394234759062724,0.5385385385385385,0.18768768768768768,0.7018305537581666
Dead Red                                                                                                                                                                          - Cemetary                                        ,0.17267267267267267,0.7752752752752752,0.16616616616616617,0.27030269059911327,1.0,0.7812812812812813,0.014014014014014014,0.6727273760630752,0.3433433433433434,0.5385385385385385,0.2932932932932933,0.3336859042161067
Where the Rivers of the Madness Stream                                                                                                                                            - Cemetary                                        ,0.08858858858858859,0.6531531531531531,0.7217217217217218,0.3274026279119658,1.0,0.7387387387387387,0.034410873727113045,0.9384384384384384,0.5630630630630631,0.5385385385385385,0.48848848848848847,0.8698747198298187
Nightmare Lake                                                                                                                                                                    - Cemetary                                        ,0.2730210016155089,0.56006006006006,0.4664664664664665,0.25928763288313855,0.0,0.46996996996997,0.08508508508508508,0.7406926615061616,0.2587682021644286,0.5385385385385385,0.3868868868868869,0.49932723692185427
Now She Walks with the Shadows                                                                                                                                                    - Cemetary                                        ,0.26426426426426425,0.8128128128128128,0.6341341341341341,0.5325325325325325,1.0,0.6816816816816816,0.1337510840982232,0.6175751196630929,0.8278278278278278,0.5385385385385385,0.7452452452452452,0.8552218237430985
And Julie Is No More                                                                                                                                                              - Cemetary                                        ,0.27927927927927926,0.7212212212212212,0.27127127127127126,0.5715715715715716,1.0,0.19569569569569567,0.21435503543792953,0.4644605408544294,0.8378378378378378,0.5385385385385385,0.5415415415415415,0.2770387770182068
Blood Runs from the Altar                                                                                                                                                         - Grotesque                                       ,0.15215215215215216,0.9232633279483038,0.27127127127127126,0.39054722458403024,1.0,0.7187187187187187,0.014193129185069004,0.41550770628784817,0.5965965965965966,0.5385385385385385,0.08794879292163035,0.18987442796423867
Submit to Death                                                                                                                                                                   - Grotesque                                       ,0.0990990990990991,0.8913913913913913,1.0,0.4344344344344344,0.0,0.6690023356690024,0.007007007007007007,0.5600666589510404,0.31931931931931934,0.5385385385385385,0.2042042042042042,0.28532700887814066
Angels Blood                                                                                                                                                                      - Grotesque                                       ,0.10560560560560561,0.9139139139139139,0.27127127127127126,0.3785074003305419,1.0,0.8808808808808809,0.02616107621303326,0.6987022256080552,0.5365365365365365,0.5385385385385385,0.08711302192288403,0.736199837009731
Ripped from the Cross                                                                                                                                                             - Grotesque                                       ,0.03303303303303303,0.9984984984984986,0.7217217217217218,0.6263095169963202,1.0,0.8453453453453453,0.14249215133798115,0.6893955720426309,0.8318318318318318,0.5385385385385385,0.04281964701871389,0.8884967205989124
Corporation Pull-In                                                                                                                                                               - Terrorizer                                      ,0.21171171171171171,0.9324324324324325,0.27127127127127126,0.15613974574496187,1.0,0.7247247247247247,0.11810391864665949,0.8923923923923924,0.7547547547547547,0.5385385385385385,0.07207207207207207,0.42910693134989153
The Rack                                                                                                                                                                          - Asphyx                                          ,0.03453453453453453,0.7632632632632632,0.0,0.25255006790607215,1.0,0.7967967967967968,0.0630326682958262,0.7574165636588379,0.14914914914914915,0.5385385385385385,0.10223309502848409,0.02104567559526383
Pedigree Butchery                                                                                                                                                                 - Carcass                                         ,0.10010010010010009,0.5810810810810811,1.0,0.18447904947993765,1.0,0.725942105306562,0.08626867210558198,0.6958499566458923,0.4314314314314314,0.5385385385385385,0.34234234234234234,0.054497684159289225
Crucifixation                                                                                                                                                                     - Deicide                                         ,0.10810810810810811,0.7972972972972974,1.0,0.2556413889718447,0.0,0.8793793793793794,0.030600089423618835,0.6966966966966966,0.0970970970970971,0.5385385385385385,0.09367550908944093,0.858008956976622
Carnage in the Temple of the Damned                                                                                                                                               - Deicide                                         ,0.2032032032032032,0.8378378378378378,0.8883883883883883,0.25247416081635005,0.0,0.8293293293293293,0.029143466993411,0.6763939512031115,0.7746284746284747,0.5385385385385385,0.10478453050464843,0.4827985701029425
Exit to Temptation                                                                                                                                                                - Morgoth                                         ,0.19456467817123554,0.8078078078078078,0.5445445445445445,0.6031012593303283,0.0,0.6509818592872845,0.2727036728119565,0.2777405579531915,0.8108108108108109,0.5385385385385385,0.07324649779312992,0.40841033172221775
The Stench Of Redemption                                                                                                                                                          - Deicide                                         ,0.1881881881881882,0.980980980980981,0.7217217217217218,0.8294573643410853,0.0,0.9009009009009009,0.12660345669126508,0.8283283283283283,0.25525040387722125,0.5385385385385385,0.2247247247247247,0.47473234939174996
Storm Of Stress                                                                                                                                                                   - Terrorizer                                      ,0.13763763763763764,0.8938938938938938,0.7217217217217218,0.13903324631075614,1.0,0.8583583583583583,0.18654508166703287,0.944944944944945,0.45545545545545546,0.5385385385385385,0.07676199296238334,0.48312942038817547
Resistance                                                                                                                                                                        - Morgoth                                         ,0.19769769769769768,0.8968968968968969,0.7217217217217218,0.49675525339925836,1.0,0.7527968159547107,0.11611611611611611,0.6776943530870229,0.9379174492546228,0.5385385385385385,0.050269246556294646,0.4148977676991789
The Art of Sinking                                                                                                                                                                - Morgoth                                         ,0.2952952952952953,0.8348348348348349,0.27127127127127126,0.38230726868844145,1.0,0.5856057219490388,0.1413766325484473,0.6339241362079862,0.30930930930930933,0.5385385385385385,0.124273580688422,0.4163041242139712
Unholy Prophecies                                                                                                                                                                 - Necrophobic                                     ,0.08408408408408408,0.952952952952953,0.27127127127127126,0.8669503431456739,1.0,0.8728728728728729,0.19062082371522293,0.6952558489484638,0.7792792792792793,0.5385385385385385,0.23123123123123124,0.16819959895176972
Impending Diabolical Conquest                                                                                                                                                     - Incantation                                     ,0.03003003003003003,0.9854854854854855,0.3383383383383384,0.6294976843605273,0.0,0.8753753753753755,0.00522415259385251,0.9364364364364364,0.8488488488488488,0.5385385385385385,0.006517051103038372,0.8761235617854126
Nervegasclouds                                                                                                                                                                    - Vomitory                                        ,0.016016016016016016,0.9984984984984986,0.5445445445445445,0.9448494980241012,0.0,0.9847593686365281,0.12730718746195457,0.5111765031363021,0.7757757757757757,0.5385385385385385,0.004756093990692623,0.23611818689206382
Raped in Their Own Blood                                                                                                                                                          - Vomitory                                        ,0.04454454454454454,0.9994994994994995,0.8058058058058057,0.9786347280224831,1.0,0.8833833833833833,0.15753636428282783,0.6664846664846668,0.3278278278278278,0.5385385385385385,0.0019913016155971696,0.12437579189261981
Pure Death                                                                                                                                                                        - Vomitory                                        ,0.10810810810810811,0.9964964964964964,0.8058058058058057,0.9856865179275053,1.0,0.7757757757757757,0.15476807887658237,0.5615615615615616,0.8118118118118118,0.5385385385385385,0.006843688372350799,0.09911508912497766
The Voyage                                                                                                                                                                        - Vomitory                                        ,0.17967967967967968,0.993993993993994,0.6341341341341341,0.7669208499716975,1.0,0.975975975975976,0.21238105478200095,0.6987022256080552,0.6891891891891893,0.5385385385385385,0.07553379067140535,0.4276990797674015
Forty Seconds Bloodbath                                                                                                                                                           - Vomitory                                        ,0.1506276150627616,0.9904904904904905,0.6341341341341341,0.7196112245477548,1.0,0.9837959249157708,0.16316378221140126,0.9574574574574575,0.5785785785785786,0.5385385385385385,0.0627240945016516,0.4701128793192285
Forever in Gloom                                                                                                                                                                  - Vomitory                                        ,0.17267267267267267,0.9614614614614614,0.6341341341341341,0.6622348225633005,1.0,0.9229229229229229,0.18037015117307084,0.7714124473017753,0.3353353353353353,0.5385385385385385,0.10301905258677593,0.36714918325222934
Revelation Nausea                                                                                                                                                                 - Vomitory                                        ,0.062062062062062065,0.9904904904904905,0.27127127127127126,0.8052843061234333,1.0,0.6581086036531582,0.02135468802135469,0.8158158158158159,0.8278278278278278,0.5385385385385385,0.0020856730306433495,0.5244205646251838
The Corpsegrinder Experience                                                                                                                                                      - Vomitory                                        ,0.14464464464464466,0.9874874874874875,0.27127127127127126,0.7304007688287164,1.0,0.7237237237237237,0.00938757264193115,0.9344344344344344,0.7877877877877878,0.5385385385385385,0.005522201798384899,0.4909781410245191
Beneath The Soil                                                                                                                                                                  - Vomitory                                        ,0.004030750774636237,0.993993993993994,0.5445445445445445,0.7501871950690846,0.0,0.7942942942942943,0.02452932973397854,0.8868868868868869,0.9365552575476239,0.5385385385385385,0.014014014014014014,0.9666301705829092
Return to the Eve                                                                                                                                                                 - Sadistic Intent                                 ,0.0990990990990991,0.9874874874874875,0.0,0.8195610429717218,1.0,0.9645793485793489,0.14495524339707905,0.6133931983186856,0.7232232232232232,0.5385385385385385,0.06592709196967511,0.8547471975502036
Immense Intense Suspense Barricade                                                                                                                                                - Phlebotomized                                   ,0.08058058058058058,0.4787662047384891,0.4664664664664665,0.40787031132650303,0.0,0.493545727891079,0.22106894236818556,0.8724910669183115,0.08658658658658655,0.05005005005005005,0.4339339339339339,0.9739876084938515
Desecration of Alleged Christian History                                                                                                                                          - Phlebotomized                                   ,0.11611611611611611,0.4224224224224224,0.4664664664664665,0.16921741700402637,0.0,0.5655655655655656,0.2932820805099805,0.7937937937937938,0.8368328448089166,0.5385385385385385,0.17617617617617617,0.6876255506498976
Fate of a Devotee & Devoted to God                                                                                                                                                - Phlebotomized                                   ,0.16916916916916916,0.6511511511511512,0.0,0.19864188695357524,1.0,0.8553553553553553,0.5395395395395395,0.95995995995996,0.9269269269269269,0.5385385385385385,0.16816816816816815,0.4527385110458198
Feces for Jesus                                                                                                                                                                   - Severe Torture                                  ,0.2677403041641452,0.8968968968968969,0.8883883883883883,0.7417417417417418,0.0,0.9254254254254255,0.19204235520616078,0.9754754754754755,0.06506506506506507,0.5385385385385385,0.20020020020020018,0.4885270028596426
Blood                                                                                                                                                                             - Severe Torture                                  ,0.25075075075075076,0.8863863863863863,0.16616616616616617,0.7421740433153194,1.0,0.8753753753753755,0.1963923034431727,0.992992992992993,0.4629629629629629,0.05005005005005005,0.12712712712712712,0.2606140704357783
Decomposing Bitch                                                                                                                                                                 - Severe Torture                                  ,0.2017017017017017,0.9194194194194194,0.16616616616616617,0.7109970795537807,1.0,0.9169169169169169,0.12815696197419912,0.9824824824824825,0.6791791791791792,0.05005005005005005,0.15815815815815815,0.807867438646352
Vomit Floods of Christian Remains                                                                                                                                                 - Imprecation                                     ,0.11011011011011011,0.47597597597597596,0.8058058058058057,0.0991152736180656,1.0,0.3943943943943944,0.6736736736736737,0.9319319319319319,0.6026026026026026,0.5385385385385385,0.13263263263263264,0.10321698761668371
Emperor of the Infernal Spirits                                                                                                                                                   - Imprecation                                     ,0.17267267267267267,0.5415415415415415,0.8058058058058057,0.1342065622160775,1.0,0.6256256256256256,0.2077552369518832,0.6886264589404258,0.44994994994994997,0.5385385385385385,0.11591419515136946,0.7507572661029909
The Throne Is Lost                                                                                                                                                                - Imprecation                                     ,0.08408408408408408,0.7952952952952952,0.16616616616616617,0.13890172504815204,1.0,0.8338338338338338,0.23072438885920893,0.7669421487603305,0.0719707561812825,0.05005005005005005,0.03203203203203203,0.13401400950152034
Nocturnal Feast of the Luciferians                                                                                                                                                - Imprecation                                     ,0.0960960960960961,0.7812812812812813,0.3918918918918919,0.21291416021437617,1.0,0.7672672672672672,0.23574073251818736,0.6343319665505636,0.06773114084434839,0.5385385385385385,0.09981458590852904,0.08214276764689395
The Sixteenth Six-Tooth Son of Fourteen Four Regional Dimensions                                                                                                                  - Demilich                                        ,0.043043043043043044,0.7452452452452452,0.27127127127127126,0.8535132086401123,1.0,0.6616616616616616,0.17243510506798518,0.8613613613613613,0.18218218218218218,0.5385385385385385,0.4934934934934935,0.14524602415016333
Inherited Rowel Levitation - Reduced Without Any Effort                                                                                                                           - Demilich                                        ,0.10560560560560561,0.8938938938938938,0.16616616616616617,0.8786924350021232,0.0,0.7502502502502502,0.2037251102098951,0.9054054054054055,0.9109109109109109,0.5385385385385385,0.23823823823823823,0.18977081605301346
The Echo (Replacement)                                                                                                                                                            - Demilich                                        ,0.14464464464464466,0.9074074074074074,0.27127127127127126,0.8929645298721411,1.0,0.6500491702249592,0.17990698121702484,0.9019019019019019,0.9145152368243167,0.05005005005005005,0.25225225225225223,0.19810854854716026
The Faces Right Below the Skin of the Earth                                                                                                                                       - Demilich                                        ,0.03303303303303303,0.8723723723723724,0.16616616616616617,0.4688360537815339,0.0,0.7572572572572572,0.014551359527178976,0.985985985985986,0.12162162162162163,0.5385385385385385,0.08947397431421904,0.14726182458067905
Emptiness of Vanishing                                                                                                                                                            - Demilich                                        ,0.03003003003003003,0.9274274274274275,0.16616616616616617,0.4473174778761062,0.0,0.8568568568568569,0.0,0.7947947947947948,0.8883883883883883,0.05005005005005005,0.05434971413366054,0.1792924122727262
Immortal Coil                                                                                                                                                                     - Morpheus Descends                               ,0.019669199821189084,0.8128128128128128,0.16616616616616617,0.2604853566269945,1.0,0.9728059332509271,0.06457242016751454,0.9504504504504505,0.6626626626626626,0.5385385385385385,0.09611766516761623,0.0008552059797667098
Subordinate to the Domination                                                                                                                                                     - Pestilence                                      ,0.07407407407407407,0.9409409409409409,0.3918918918918919,0.7497497497497497,1.0,0.9259259259259259,0.11211211211211211,0.5680680680680681,0.6961961961961962,0.5385385385385385,0.28428428428428426,0.2745063821968668
Tears                                                                                                                                                                             - Desultory                                       ,0.12862862862862862,0.8348348348348349,0.7217217217217218,0.6307959247825617,1.0,0.8978978978978979,0.07807807807807808,0.5759316413267367,0.8653653653653655,0.5385385385385385,0.4724724724724725,0.38523179167367466
Ineffectual Condition                                                                                                                                                             - Desecrator                                      ,0.08408408408408408,0.9214214214214214,0.0,0.3532936770213704,1.0,0.7707707707707707,0.24044044044044044,0.9074074074074074,0.6431431431431431,0.5385385385385385,0.29979979979979976,0.933826734498979
Nothing Changes Anything                                                                                                                                                          - Desecrator                                      ,0.23423423423423423,0.7557557557557557,0.0,0.32490204490204483,1.0,0.7632632632632632,0.338870955264398,0.9004004004004005,0.9412042502951594,0.5385385385385385,0.3533533533533533,0.9461571525185984
Subconscious Release                                                                                                                                                              - Desecrator                                      ,0.15465465465465467,0.7367367367367368,0.0,0.2381509924717507,1.0,0.5525525525525525,0.3163163163163163,0.9169169169169169,0.9289289289289289,0.5385385385385385,0.17417417417417416,0.887330689463544
Killing Joke                                                                                                                                                                      - Desecrator                                      ,0.19569569569569567,0.8193193193193193,0.0,0.28632940517972244,1.0,0.5428868951596224,0.19887599197944023,0.7907907907907907,0.8193193193193193,0.5385385385385385,0.5435435435435435,0.887424975716608
Suspended Animation                                                                                                                                                               - Pestilence                                      ,0.15465465465465467,0.9874874874874875,0.6341341341341341,0.7785008435767654,0.0,0.7707707707707707,0.053127973020383266,0.6219566644402377,0.009342347661576163,0.5385385385385385,0.2057057057057057,0.3574123913273646
Ominous Lamentation                                                                                                                                                               - General Surgery                                 ,0.028528528528528527,0.7147147147147147,0.3383383383383384,0.6977413028989957,0.0,0.6536536536536537,0.05886604612719262,0.98998998998999,0.5405405405405406,0.05005005005005005,0.11298059846446944,0.09268636621525181
Slithering Maceration of Ulcerous Facial Tissue                                                                                                                                   - General Surgery                                 ,0.008285158517434825,0.8598598598598598,0.3918918918918919,0.8009445100354189,1.0,0.8675282714054926,0.04899645679735914,0.9029029029029029,0.16316316316316315,0.5385385385385385,0.04770756526551799,0.9967670376985731
Grotesque Laceration of Mortified Flesh                                                                                                                                           - General Surgery                                 ,0.1041041041041041,0.9474474474474475,0.3918918918918919,0.9130848030415039,1.0,0.7032032032032032,0.03558635709357509,0.8983983983983983,0.6116116116116116,0.5385385385385385,0.14914914914914915,0.08506691127606116
Overlord                                                                                                                                                                          - Liers In Wait                                   ,0.12512512512512514,0.955955955955956,0.7217217217217218,0.3215206333218758,1.0,0.8118118118118118,0.13627935723114956,0.7063182006015817,0.496996996996997,0.5385385385385385,0.04281964701871389,0.782778929771492
Bleeding Shrines of Stone                                                                                                                                                         - Liers In Wait                                   ,0.1041041041041041,0.9719719719719719,0.16616616616616617,0.35449959556316313,1.0,0.8058058058058057,0.1091091091091091,0.7127127127127127,0.7097097097097097,0.005005005005005005,0.11211211211211211,0.7783934389059768
Impaled Existence                                                                                                                                                                 - Malevolent Creation                             ,0.24724724724724725,0.7777777777777778,1.0,0.25106227826938543,0.0,0.6516516516516516,0.12312312312312312,0.6981545770144343,0.5595595595595595,0.5385385385385385,0.16216216216216217,0.41958556991784324
Blind                                                                                                                                                                             - Sororicide                                      ,0.24224224224224225,0.3663663663663664,1.0,0.13813610420962183,1.0,0.4757411823588295,0.18790417796382014,0.7587587587587588,0.6401401401401401,0.5385385385385385,0.19119119119119118,0.5665725876559117
Martyr                                                                                                                                                                            - Fear Factory                                    ,0.24224224224224225,0.5905905905905906,0.16616616616616617,0.2637414139443909,0.0,0.7447495961227786,0.15468495566026805,0.6841471294026039,0.529029029029029,0.5385385385385385,0.4184184184184184,0.062085962206058234
Leechmaster                                                                                                                                                                       - Fear Factory                                    ,0.16516516516516516,0.8508508508508509,0.27127127127127126,0.3510083204061485,1.0,0.7862862862862863,0.07657657657657657,0.7587587587587588,0.8168168168168168,0.5385385385385385,0.03803803803803804,0.19165146177684922
Scapegoat                                                                                                                                                                         - Fear Factory                                    ,0.14464464464464466,0.7892892892892893,0.6341341341341341,0.2890857079986798,1.0,0.5085085085085085,0.14103740361409073,0.7761152190887425,0.8703703703703705,0.5385385385385385,0.46596596596596596,0.23536947668695496
Demanufacture                                                                                                                                                                     - Fear Factory                                    ,0.5146443514644369,0.952952952952953,0.16616616616616617,0.7846348372664161,1.0,0.7297297297297297,0.12481453396662011,0.44072138709492314,0.12812812812812813,0.5385385385385385,0.23523523523523523,0.24657111472527105
Demon Of The Fall                                                                                                                                                                 - Opeth                                           ,0.29404235696370534,0.8808808808808809,0.27127127127127126,0.6859285365729642,0.0,0.8038038038038038,0.10368500592533178,0.8050961108627627,0.26926926926926925,0.05005005005005005,0.14914914914914915,0.3313694003268324
April Ethereal                                                                                                                                                                    - Opeth                                           ,0.1716716716716717,0.9074074074074074,0.5445445445445445,0.6916916916916916,0.0,0.7147147147147147,0.08056254335746167,0.7380588681166715,0.9587116790380885,0.05005005005005005,0.2810966068108926,0.2583748206902369
Unholy Blasphemies                                                                                                                                                                - Morbid Angel                                    ,0.21571571571571574,0.6906906906906907,0.8058058058058057,0.28002616416622605,1.0,0.8293293293293293,0.05236357331733053,0.7037037037037037,0.25525040387722125,0.5385385385385385,0.32232232232232233,0.573898026012981
The Ancient Ones                                                                                                                                                                  - Morbid Angel                                    ,0.2431240764574099,0.7287287287287287,0.16616616616616617,0.45196912733367073,1.0,0.5860527492177022,0.191106791398372,0.5245570616469332,0.5365365365365365,0.5385385385385385,0.5841670141553456,0.8110188114721049
Vengeance Is Mine                                                                                                                                                                 - Morbid Angel                                    ,0.4264264264264264,0.9074074074074074,0.16616616616616617,0.4206439487610663,1.0,0.7862862862862863,0.08508508508508508,0.5725725725725725,0.6091091091091092,0.5385385385385385,0.48545535827089226,0.4827785185705041
Dominate                                                                                                                                                                          - Morbid Angel                                    ,0.4124124124124124,0.8688688688688688,0.8883883883883883,0.4896172369974765,0.0,0.6246246246246246,0.14704063684054877,0.6216906433181605,0.3963963963963964,0.5385385385385385,0.3333333333333333,0.34290222105090007
Nothing but Fear                                                                                                                                                                  - Morbid Angel                                    ,0.26726726726726724,0.8038038038038038,0.6341341341341341,0.37138543968208876,1.0,0.8833833833833833,0.15722546734516268,0.7002626507104118,0.021271271271271274,0.5385385385385385,0.2077077077077077,0.7667667667667668
Heaving Earth                                                                                                                                                                     - Morbid Angel                                    ,0.2819063004846527,0.952952952952953,0.16616616616616617,0.40812538083294364,1.0,0.8863863863863863,0.26460940347466894,0.7353565922772766,0.9469469469469469,0.5385385385385385,0.27427427427427425,0.7010424907617895
Prayer of Hatred                                                                                                                                                                  - Morbid Angel                                    ,0.2602602602602603,0.9169169169169169,0.16616616616616617,0.39627134950381154,1.0,0.6861718305568574,0.16127508854781583,0.8253080934934417,0.924924924924925,0.5385385385385385,0.07507507507507508,0.8152313910337906
Nothing Is Not                                                                                                                                                                    - Morbid Angel                                    ,0.36436436436436437,0.6966966966966966,0.5445445445445445,0.4843645342054673,1.0,0.47147147147147145,0.2725231999731188,0.684610575121524,0.10557362474295379,0.5385385385385385,0.5985985985985985,0.18982262200862607
Summoning Redemption                                                                                                                                                              - Morbid Angel                                    ,0.38238238238238237,0.8668668668668669,0.3918918918918919,0.391451039467741,0.0,0.5929262595929262,0.14129545383350636,0.6396396396396397,0.9941660056373274,0.5385385385385385,0.055671426279480185,0.15826486667669104
"Ageless, Still I Am                                                                                                                                                             - Morbid Angel                                    ",0.11811811811811812,0.9109109109109109,0.5445445445445445,0.6014520443255637,1.0,0.7812812812812813,0.17119244391971666,0.4747697018931851,0.49199199199199195,0.5385385385385385,0.044044044044044044,0.577611419490878
Sold Baptism                                                                                                                                                                      - Morgoth                                         ,0.17267267267267267,0.8913913913913913,0.8058058058058057,0.6209559534572016,1.0,0.6776776776776777,0.11611611611611611,0.0,0.8413413413413413,0.5385385385385385,0.2882882882882883,0.7756563164191804
Ceremonial Void                                                                                                                                                                   - Monstrosity                                     ,0.1896896896896897,0.7847847847847848,0.6341341341341341,0.3602962365831492,1.0,0.8948948948948949,0.035341678845471354,0.6573239906573239,0.44994994994994997,1.0,0.35035035035035034,0.6011251680264879
Wolf Among Sheep                                                                                                                                                                  - Broken Hope                                     ,0.33891213389121405,0.5,0.8883883883883883,0.34042036204592385,1.0,0.8143143143143143,0.5695695695695696,0.7154663518299882,0.954758267509406,0.5385385385385385,0.2882882882882883,0.3385841380981114
Severe Burns - Drowned Demo '89                                                                                                                                                   - Nihilist                                        ,0.03803803803803804,0.8938938938938938,0.3383383383383384,0.5466625463535228,0.0,0.8883883883883883,0.4615478070708298,0.7525792892625144,0.7457457457457457,0.5385385385385385,0.08195489558751504,0.1995497541714112
Vermin - Remixed & Remastered                                                                                                                                                     - Asphyx                                          ,0.2017017017017017,0.9854854854854855,0.6341341341341341,0.838909048785592,0.0,0.9043959990524877,0.23652208499890623,0.27322374705819047,0.8393393393393394,0.5385385385385385,0.044044044044044044,0.6974548959181279
At Horizon's End                                                                                                                                                                  - Runemagick                                      ,0.4144144144144144,0.955955955955956,1.0,0.6770949817047031,1.0,0.7987987987987988,0.0634164555896446,0.8088088088088088,0.10765176941647532,0.5385385385385385,0.15965965965965967,0.21637766445132087
The Black Wall                                                                                                                                                                    - Runemagick                                      ,0.13213213213213212,0.8648648648648649,1.0,0.4710464822120596,0.0,0.7632632632632632,0.007390638720561995,0.9784784784784785,0.11911911911911911,0.5385385385385385,0.4904904904904905,0.6297614142851793
Enter the Realm of Death                                                                                                                                                          - Runemagick                                      ,0.43593593593593594,0.9254254254254255,0.5445445445445445,0.7798440978595513,1.0,0.39289289289289286,0.04544404753881063,0.8416748691978051,0.1626626626626627,0.5385385385385385,0.29479479479479476,0.4785595073327799
Longing for Hades                                                                                                                                                                 - Runemagick                                      ,0.36436436436436437,0.8838838838838838,0.5445445445445445,0.6204971424978946,1.0,0.5050557724207116,0.06277963185857924,0.8763763763763763,0.47047047047047047,0.5385385385385385,0.39539539539539537,0.09504886863657096
Devoured Fears                                                                                                                                                                    - Morta Skuld                                     ,0.18618618618618618,0.8688688688688688,0.4664664664664665,0.32428210269633245,0.0,0.5305305305305306,0.17119244391971666,0.6709328464038474,0.4629629629629629,0.05005005005005005,0.13713713713713713,0.6070938173252413
"And Here I Die, Satisfied - remastered 2001                                                                                                                                     - Grave                                           ",0.25725725725725723,0.92992992992993,0.6341341341341341,0.6006878104700039,1.0,0.7088798341910375,0.04097988809919855,0.7482261188752252,0.7317317317317317,0.5385385385385385,0.44344344344344344,0.8918022136573971
The Rack - Remixed & Remastered                                                                                                                                                   - Asphyx                                          ,0.01880449068809273,0.9409409409409409,0.0,0.7028868567330105,1.0,0.9259259259259259,0.12251880222872819,0.6067087021169565,0.2982982982982983,0.5385385385385385,0.06818518262180234,0.019970701009045966
Christhammer                                                                                                                                                                      - Angelcorpse                                     ,0.06606606606606606,0.9109109109109109,0.4664664664664665,0.336279242480505,1.0,0.7277277277277278,0.009834599910594544,0.9214214214214214,0.7442457517758723,0.5385385385385385,0.015015015015015015,0.4312155112676936
Wartorn                                                                                                                                                                           - Angelcorpse                                     ,0.010228944842892074,0.9054054054054055,0.4664664664664665,0.42651522674327685,1.0,0.7527968159547107,0.05429900239222272,0.9004004004004005,0.632132132132132,0.5385385385385385,0.03003003003003003,0.036517232094776524
Into The Storm Of Steel                                                                                                                                                           - Angelcorpse                                     ,0.16166166166166168,0.9324324324324325,0.5445445445445445,0.45956885668076997,0.0,0.6581086036531582,0.057918208804365594,0.714521841794569,0.6791791791791792,0.5385385385385385,0.06738645384445448,0.7638214199311942
Consecration                                                                                                                                                                      - Angelcorpse                                     ,0.08408408408408408,0.9614614614614614,0.4664664664664665,0.7176669257627067,0.0,0.8338338338338338,0.13346379657128998,0.7469844175726529,0.7877877877877878,0.5385385385385385,0.04701737334467258,0.5483270207645563
Funeral Bitch - Original Un-Triggered Mix                                                                                                                                         - Master                                          ,0.2272272272272272,0.9109109109109109,0.8058058058058057,0.5175604019020389,1.0,0.8793793793793794,0.04524454629192784,0.8143888569420483,0.15215215215215216,0.05005005005005005,0.12514380785500628,0.25591763835436965
Darkest Dream                                                                                                                                                                     - Monstrosity                                     ,0.2730210016155089,0.7972972972972974,0.6341341341341341,0.35845704267493933,1.0,0.8938938938938938,0.07632632632632633,0.6493993993993994,0.4824824824824825,0.05005005005005005,0.2122122122122122,0.4888773806106556
Battle ground                                                                                                                                                                     - Vital Remains                                   ,0.1816816816816817,0.9964964964964964,0.6341341341341341,0.9100959786174219,1.0,0.9089089089089089,0.13560157703474196,0.663428066413141,0.7877877877877878,0.5385385385385385,0.15415415415415415,0.7209558467892111
Pulsating Protoplasma                                                                                                                                                             - Pungent Stench                                  ,0.16166166166166168,0.7322322322322322,0.4664664664664665,0.3183135431927555,1.0,0.9038718951509653,0.0342793812879283,0.9074074074074074,0.5910910910910911,1.0,0.19269269269269268,0.18289229024487996
A Mental Sequence                                                                                                                                                                 - Disharmonic Orchestra                           ,0.17117117117117117,0.4974974974974975,1.0,0.2172253520650487,0.0,0.48148148148148145,0.13980632430590612,0.8373373373373374,0.5785785785785786,0.5385385385385385,0.5153473344103392,0.10333069622287465
Turning Back - remastered 2003                                                                                                                                                    - Grave                                           ,0.1896896896896897,0.6256256256256256,0.3383383383383384,0.6681643888484279,0.0,0.7832832832832832,0.031031031031031032,0.790172934751248,0.43843843843843844,0.5385385385385385,0.5945945945945946,0.7681269946995873
Burning Casket                                                                                                                                                                    - Cancer                                          ,0.14314314314314314,0.8278278278278278,0.27127127127127126,0.34054185396671105,1.0,0.8058058058058057,0.03803803803803804,0.600807067244556,0.5855855855855856,0.5385385385385385,0.302907915993538,0.9275079238852434
The Dead Half                                                                                                                                                                     - Broken Hope                                     ,0.34634634634634637,0.5245245245245245,0.27127127127127126,0.1991478744725498,1.0,0.47910583105062404,0.6236236236236237,0.8923923923923924,0.961969411957144,0.5385385385385385,0.5190190190190189,0.3987475086924502
Dilation And Extraction                                                                                                                                                           - Broken Hope                                     ,0.14164164164164164,0.7342342342342343,0.27127127127127126,0.228406544541769,1.0,0.8088088088088088,0.12892102065390573,0.9234234234234233,0.7737737737737738,0.5385385385385385,0.2272272272272272,0.358458920748675
Grind Box                                                                                                                                                                         - Broken Hope                                     ,0.2552552552552553,0.6721721721721721,0.8058058058058057,0.2120990771575164,1.0,0.3883883883883884,0.20274604170912106,0.8428428428428428,0.43843843843843844,0.05005005005005005,0.6211211211211212,0.7317652168583844
Chewed To Stubs                                                                                                                                                                   - Broken Hope                                     ,0.2032032032032032,0.6951951951951951,0.27127127127127126,0.2209489922972362,1.0,0.6306306306306306,0.14414414414414414,0.8373373373373374,0.7162162162162162,0.05005005005005005,0.3036416137807788,0.4240750539477189
Engorged With Impiety                                                                                                                                                             - Broken Hope                                     ,0.3363363363363363,0.304812951303287,0.27127127127127126,0.1751782648278355,0.0,0.8368368368368369,0.30251885798418204,0.7214746790016959,0.6061061061061062,0.05005005005005005,0.2862862862862863,0.4884567343596648
Swallowed Whole                                                                                                                                                                   - Broken Hope                                     ,0.6131131131131131,0.15115115115115116,0.6341341341341341,0.07989661244331846,1.0,0.7572572572572572,0.8537964458804524,0.9874476987447703,0.5560560560560561,0.5385385385385385,0.5775775775775776,0.3094701976898904
Erotic Zoophilism                                                                                                                                                                 - Broken Hope                                     ,0.25875875875875876,0.7167167167167168,0.27127127127127126,0.2281515701497935,1.0,0.5945945945945946,0.2016853334868559,0.8948948948948949,0.6196196196196196,0.5385385385385385,0.15515515515515516,0.6212205320547576
Pitbull Grin                                                                                                                                                                      - Broken Hope                                     ,0.23823823823823823,0.6546546546546547,0.8058058058058057,0.231942109905472,1.0,0.6616616616616616,0.18247742871303543,0.8311873370696901,0.743069434910298,0.5385385385385385,0.28928928928928926,0.4409092884963454
Into The Necrosphere                                                                                                                                                              - Broken Hope                                     ,0.05405405405405406,0.7387387387387387,0.16616616616616617,0.2503219488227817,1.0,0.9384384384384384,0.1738839641120776,0.8508508508508509,0.4169169169169169,0.5385385385385385,0.14564564564564564,0.055430461753102414
Essence Of Human Pain                                                                                                                                                             - Broken Hope                                     ,0.23923923923923923,0.13193200106183534,0.4664664664664665,0.1736101684931402,1.0,0.08208208208208209,0.7977977977977978,0.8018018018018018,0.5245245245245245,0.5385385385385385,0.3053053053053053,0.26871929083894475
The Internal Twin                                                                                                                                                                 - Broken Hope                                     ,0.18618618618618618,0.5705705705705706,0.8883883883883883,0.22012891806512816,0.0,0.7207207207207207,0.16516516516516516,0.8833833833833833,0.8368328448089166,0.5385385385385385,0.4774774774774775,0.7237269648074792
Penis Envy                                                                                                                                                                        - Broken Hope                                     ,0.22122122122122123,0.637137137137137,1.0,0.20897769218829598,0.0,0.5517036561179176,0.20154436929176148,0.9259259259259259,0.8108108108108109,0.5385385385385385,0.32232232232232233,0.705456301848637
For Only The Sick                                                                                                                                                                 - Broken Hope                                     ,0.2962962962962963,0.46546546546546547,0.8883883883883883,0.19750824082449606,0.0,0.6046046046046046,0.21611881099393265,0.8848848848848849,0.934934934934935,0.5385385385385385,0.34234234234234234,0.6290783976109239
Freezer Burnt                                                                                                                                                                     - Broken Hope                                     ,0.2902902902902903,0.6831831831831832,0.3918918918918919,0.20920912496759328,0.0,0.6806806806806807,0.25373340707964603,0.8883883883883883,0.8923923923923924,0.5385385385385385,0.36436436436436437,0.4468414290665114
Imprimis Obscurity                                                                                                                                                                - Broken Hope                                     ,0.33433433433433435,0.07407407407407407,0.8883883883883883,0.04209801518016227,1.0,0.6451451451451451,0.8328328328328328,0.7267267267267267,0.5560560560560561,0.05005005005005005,0.35435435435435436,0.9957633268405965
Captain Howdy                                                                                                                                                                     - Broken Hope                                     ,0.2730210016155089,0.3888888888888889,0.8058058058058057,0.21385771299349737,1.0,0.34234234234234234,0.23022030950673167,0.8833833833833833,0.5785785785785786,0.5385385385385385,0.5575575575575575,0.10005324678617626
Sin                                                                                                                                                                               - Seance                                          ,0.13063063063063063,0.934934934934935,0.16616616616616617,0.4586586586586585,0.0,0.7917917917917918,0.1398620812058225,0.7445445445445446,0.5365365365365365,0.5385385385385385,0.07587782736865305,0.11824932607870471
Necronomicon                                                                                                                                                                      - Seance                                          ,0.14464464464464466,0.7702702702702702,1.0,0.3970346748681754,0.0,0.7251335554687967,0.15636588380716934,0.8778778778778779,0.6706706706706707,0.5385385385385385,0.40490490490490494,0.19338949856683427
Soulerosion                                                                                                                                                                       - Seance                                          ,0.19769769769769768,0.993993993993994,0.8883883883883883,0.5628720690074109,0.0,0.8338338338338338,0.0990990990990991,0.8663663663663663,0.9489960355862532,0.5385385385385385,0.0920920920920921,0.4584825554246505
13th Moon                                                                                                                                                                         - Seance                                          ,0.2032032032032032,0.9689689689689689,0.8883883883883883,0.5340591300856202,0.0,0.8728728728728729,0.12083252083252083,0.7984850830211654,0.8168168168168168,0.5385385385385385,0.17067067067067065,0.5294590017251455
The Rite of Sunshine                                                                                                                                                              - Convulse                                        ,0.07607607607607608,0.8688688688688688,0.0,0.5842428726171863,0.0,0.7862862862862863,0.02389882056840865,0.8373373373373374,0.8343343343343343,0.5385385385385385,0.3197254363226998,0.7022271389509279
The Green Is Grey                                                                                                                                                                 - Convulse                                        ,0.07007007007007007,0.8968968968968969,0.3383383383383384,0.5050719068789756,1.0,0.9664664664664664,0.11408721978547783,0.8416748691978051,0.6061061061061062,0.05005005005005005,0.3483483483483483,0.08040246419973587
Years of Decay                                                                                                                                                                    - Convulse                                        ,0.11611611611611611,0.8018018018018018,0.6341341341341341,0.47347347347347346,0.0,0.8958958958958959,0.11877993938801447,0.7822618585940718,0.04733715438676273,0.5385385385385385,0.46446446446446443,0.3330935885392203
Putrid Intercourse                                                                                                                                                                - Convulse                                        ,0.09509509509509509,0.8583583583583583,0.6341341341341341,0.6796796796796797,1.0,0.6678439264006274,0.16227089852481003,0.8521809369951533,0.9371820650163584,0.5385385385385385,0.33483483483483484,0.19970963357665963
Incantation of Restoration                                                                                                                                                        - Convulse                                        ,0.060560560560560556,0.8378378378378378,0.16616616616616617,0.5982672870206962,1.0,0.7407407407407407,0.08890774018475393,0.9259259259259259,0.3128128128128128,1.0,0.2822822822822823,0.28874687895452833
Blasphemous Verses                                                                                                                                                                - Convulse                                        ,0.07807807807807808,0.7847847847847848,0.3918918918918919,0.55222204395957,0.0,0.6441441441441441,0.18518518518518517,0.8326359832635974,0.6771771771771772,0.5385385385385385,0.36236236236236236,0.17501891255834498
Heroes in Goldy Blaze                                                                                                                                                             - Adramelech                                      ,0.05655655655655656,0.8508508508508509,0.27127127127127126,0.4972187886279355,1.0,0.8538538538538538,0.07393681959704974,0.8663663663663663,0.8988988988988988,0.5385385385385385,0.26176176176176175,0.9427028204739409
Psychostasia                                                                                                                                                                      - Adramelech                                      ,0.03953953953953954,0.8808808808808809,0.27127127127127126,0.5186582223464035,1.0,0.8428428428428428,0.05781176354384082,0.9574574574574575,0.6726726726726726,0.05005005005005005,0.27627627627627627,0.9329655025839192
As the Gods Succumed                                                                                                                                                              - Adramelech                                      ,0.06906906906906907,0.8528528528528528,0.27127127127127126,0.5729156788367314,1.0,0.7063953608781197,0.07707707707707707,0.8061389337641355,0.7582582582582582,0.5385385385385385,0.4108878512019873,0.9300265149065505
Deadsoul                                                                                                                                                                          - Demigod                                         ,0.11611611611611611,0.7702702702702702,0.5445445445445445,0.2892507426559578,1.0,0.9144144144144144,0.16936936936936936,0.9484484484484484,0.7022022022022022,0.5385385385385385,0.27177177177177175,0.855016410195174
The Forlorn                                                                                                                                                                       - Demigod                                         ,0.03565576749934292,0.9139139139139139,0.6341341341341341,0.3274352777748364,1.0,0.729396062729396,0.07224361736268842,0.9189189189189189,0.03492424174916757,0.05005005005005005,0.12962962962962965,0.9041962478716812
Fear Obscures from Within                                                                                                                                                         - Demigod                                         ,0.17717717717717718,0.6931931931931932,1.0,0.2476565077430057,0.0,0.7917917917917918,0.19784887526823008,0.8968968968968969,0.572072072072072,0.5385385385385385,0.32932932932932935,0.8177225460866746
The Putrefying Road in the Ninteenth Extremity                                                                                                                                    - Demilich                                        ,0.1831831831831832,0.8968968968968969,0.8058058058058057,0.892833980233995,1.0,0.7085382208314708,0.2236174281077194,0.8813813813813813,0.07996768982229398,0.5385385385385385,0.14014014014014015,0.18067290401957734
(within) The Chamber of Whispering Eyes                                                                                                                                           - Demilich                                        ,0.06906906906906907,0.9719719719719719,1.0,0.9379379379379379,0.0,0.8143143143143143,0.2063288183092013,0.8514793863631072,0.3062123347837634,0.5385385385385385,0.05610845172622409,0.17850352171759618
Suffocated Beginning of Life - remastered 2008                                                                                                                                    - Sentenced                                       ,0.04954954954954954,0.8468468468468469,0.16616616616616617,0.6809917355371902,1.0,0.9319319319319319,0.1091091091091091,0.6674397255640915,0.36936936936936937,0.5385385385385385,0.14214214214214213,0.06304863710788448
Jesus Is Dead!                                                                                                                                                                    - Altar                                           ,0.36036036036036034,0.7797797797797797,0.5445445445445445,0.2892507426559578,0.0,0.8253253253253253,0.27205489356532553,0.7717717717717718,0.44994994994994997,0.005005005005005005,0.32932932932932935,0.3231236394832562
Throne of Fire                                                                                                                                                                    - Altar                                           ,0.27427427427427425,0.934934934934935,0.5445445445445445,0.33033813093405107,0.0,0.8013013013013013,0.22172172172172172,0.7867867867867868,0.6851851851851851,0.5385385385385385,0.16466466466466467,0.4852532427351828
Divorced from God                                                                                                                                                                 - Altar                                           ,0.13063063063063063,0.9054054054054055,0.5445445445445445,0.32078033165728614,0.0,0.6556556556556556,0.20510298707170832,0.7361514383077725,0.7417417417417418,0.5385385385385385,0.31192069583294446,0.11778539192488227
Hypochristianity                                                                                                                                                                  - Altar                                           ,0.2832832832832833,0.8748748748748749,0.5445445445445445,0.287262589203612,0.0,0.629060153547625,0.2062898956873735,0.7558714462299135,0.4629629629629629,0.05005005005005005,0.2012012012012012,0.37040360693416985
Forced Imprudence                                                                                                                                                                 - Altar                                           ,0.024024024024024024,0.9614614614614614,0.5445445445445445,0.841994650363011,0.0,0.9009009009009009,0.15413729122664338,0.5917799752781212,0.924924924924925,0.5385385385385385,0.06882538748735932,0.1324825232129521
Psycho Damn                                                                                                                                                                       - Altar                                           ,0.13763763763763764,0.9439439439439439,0.27127127127127126,0.8408446573467592,1.0,0.9319319319319319,0.1647449970979383,0.7317544505961645,0.6646646646646647,0.5385385385385385,0.23823823823823823,0.45532945397863944
Cleaning Day                                                                                                                                                                      - Altar                                           ,0.38238238238238237,0.9194194194194194,0.8058058058058057,0.597625541472806,1.0,0.6351351351351351,0.19267081630490934,0.8923923923923924,0.5365365365365365,0.5385385385385385,0.5775775775775776,0.4425837624203865
I Take                                                                                                                                                                            - Altar                                           ,0.34234234234234234,0.8278278278278278,0.27127127127127126,0.5548996458087366,1.0,0.9279279279279279,0.22527925652925654,0.5877060335702404,0.7407407407407407,0.5385385385385385,0.25125125125125125,0.5815818408075302
Ego Art                                                                                                                                                                           - Altar                                           ,0.3183183183183183,0.7632632632632632,0.27127127127127126,0.4853033212309611,1.0,0.7572572572572572,0.1517660671859351,0.7078679800772281,0.5025025025025025,0.5385385385385385,0.3113113113113113,0.3107391889333967
The Underworld                                                                                                                                                                    - Cartilage                                       ,0.07507507507507508,0.955955955955956,0.3918918918918919,0.9350689105718306,0.0,0.8453453453453453,0.4700825332127393,0.5165165165165165,0.487987987987988,0.5385385385385385,0.16316316316316315,0.8334666230509791
Afterlife Sorrow (Infernal Paradise II)                                                                                                                                           - Cartilage                                       ,0.12312312312312312,0.9029029029029029,0.8883883883883883,0.952254325850121,0.0,0.7862862862862863,0.6346346346346347,0.6751798169136879,0.9069069069069069,0.5385385385385385,0.25725725725725723,0.35775792005276247
Why Do I Watch the Dawn                                                                                                                                                           - Cartilage                                       ,0.08208208208208208,0.92992992992993,0.6341341341341341,0.9741585188256804,1.0,0.7602602602602602,0.41422205689013525,0.7288440265486725,0.8488488488488488,0.05005005005005005,0.3868868868868869,0.8110237927177152
Ether Depression                                                                                                                                                                  - Cartilage                                       ,0.013763763763763764,0.8528528528528528,0.6341341341341341,0.9762304208091556,1.0,0.6836836836836837,0.4342919499169499,0.6097770167792049,0.9079079079079079,0.5385385385385385,0.2907907907907908,0.08621125854533442
Crown Waits the Immortal                                                                                                                                                          - Purtenance                                      ,0.0940940940940941,0.9984984984984986,0.4664664664664665,0.8138138138138138,0.0,0.9219219219219219,0.17677615202634034,0.7852852852852852,0.5115115115115114,0.5385385385385385,0.03003003003003003,0.734891221828201
Blood On White                                                                                                                                                                    - Funebre                                         ,0.11261261261261261,0.503003003003003,1.0,0.20024085360743707,0.0,0.5971448422106317,0.13062422452867264,0.8238238238238238,0.9216683050763771,0.005005005005005005,0.3923923923923924,0.37242511998118677
Shiver                                                                                                                                                                            - Funebre                                         ,0.09509509509509509,0.6531531531531531,0.16616616616616617,0.1828451462611004,0.0,0.729396062729396,0.06872780711710996,0.9344344344344344,0.7817817817817818,1.0,0.17617617617617617,0.4379302472847887
Congenital Defeat                                                                                                                                                                 - Funebre                                         ,0.08608608608608609,0.7167167167167168,0.16616616616616617,0.20003054391741937,1.0,0.5655655655655656,0.0866978566549382,0.9634634634634635,0.7907907907907907,0.5385385385385385,0.08230386651692603,0.36367188193014716
Unity's Interlude Dyes Blind Tomorrow                                                                                                                                             - Disgrace                                        ,0.020838328823119732,0.9139139139139139,0.6341341341341341,0.6245897699776747,1.0,0.8453453453453453,0.03775796521910512,0.7947947947947948,0.6996996996996997,0.5385385385385385,0.09509509509509509,0.914015312107694
Abstruse Myth                                                                                                                                                                     - Disgrace                                        ,0.1873951667766101,0.977977977977978,0.6341341341341341,0.6177011865390446,1.0,0.8168168168168168,0.03693063535681571,0.8583583583583583,0.8423423423423424,0.5385385385385385,0.03553553553553554,0.3613666355671542
Black Embrace                                                                                                                                                                     - Amorphis                                        ,0.025043707754906153,0.9254254254254255,0.7217217217217218,0.6886886886886887,1.0,0.8793793793793794,0.1827726752438887,0.7807807807807807,0.7177177177177178,0.5385385385385385,0.0805194805194805,0.07009461414676293
The Lost Name of God                                                                                                                                                              - Amorphis                                        ,0.05305305305305305,0.5510510510510511,0.7217217217217218,0.55017723964998,1.0,0.49199199199199195,0.19460277876736728,0.8150209032561972,0.08608608608608609,1.0,0.2042042042042042,0.6795481721341728
First Doom                                                                                                                                                                        - Amorphis                                        ,0.14614614614614616,0.48848848848848847,0.7217217217217218,0.3353100200575564,0.0,0.1016016016016016,0.010389906223239556,0.8983983983983983,0.31931931931931934,0.5385385385385385,0.4544544544544544,0.7693816488102202
Black Winter Day                                                                                                                                                                  - Amorphis                                        ,0.08408408408408408,0.4289289289289289,0.7217217217217218,0.37994102318136647,0.0,0.12762762762762764,0.07107487302820999,0.7182820518034965,0.7837837837837838,0.05005005005005005,0.5387722132471731,0.8163243163093779
In The Beginning                                                                                                                                                                  - Amorphis                                        ,0.0920920920920921,0.44344344344344344,0.7217217217217218,0.3571253899374894,0.0,0.15165165165165165,0.007646393196265317,0.8428428428428428,0.4764764764764765,0.5385385385385385,0.38038038038038036,0.724621226116801
I Bleed to See - 2020 Remastered                                                                                                                                                  - Mordicus                                        ,0.0940940940940941,0.993993993993994,0.6341341341341341,0.7981115726154812,1.0,0.8603603603603603,0.007774270434116981,0.9054054054054055,0.051745978083712604,0.5385385385385385,0.12612612612612611,0.44138454686773965
Blood Under Ice - 2020 Remastered                                                                                                                                                 - Mordicus                                        ,0.2177177177177177,0.980980980980981,0.3918918918918919,0.7390208608368632,0.0,0.9074074074074074,0.033374438337137005,0.9129129129129129,0.8193193193193193,0.5385385385385385,0.11455158029841168,0.5035465160901266
Eternia - 2020 Remastered                                                                                                                                                         - Mordicus                                        ,0.11811811811811812,0.9409409409409409,0.6341341341341341,0.7378366790655304,1.0,0.9484729067565777,0.054416704840433636,0.9614614614614614,0.13213213213213212,0.5385385385385385,0.1089873062793759,0.8904939722487439
Unholy Wrath - 2020 Remastered                                                                                                                                                    - Mordicus                                        ,0.058058058058058054,0.9669669669669669,0.16616616616616617,0.7742603917786399,1.0,0.9679679679679679,0.010826969160302492,0.9234234234234233,0.8278278278278278,0.5385385385385385,0.10685197717696385,0.12389451617968929
Aspirations                                                                                                                                                                       - Xysma                                           ,0.07257257257257257,0.8278278278278278,0.16616616616616617,0.7667667667667668,1.0,0.6276255903121575,0.05905905905905906,0.8188188188188188,0.2952952952952953,0.5385385385385385,0.32932932932932935,0.23964254567185148
Privilege of Evil - From the Privilege of Evil EP                                                                                                                                 - Amorphis                                        ,0.031031031031031032,0.9324324324324325,0.27127127127127126,0.7404281430539635,1.0,0.8708708708708709,0.4667489523421727,0.9554554554554555,0.8628628628628628,0.5385385385385385,0.015682349015682363,0.10201914136314201
Vulgar Necrolatry - From the Privilege of Evil EP                                                                                                                                 - Amorphis                                        ,0.01880449068809273,0.9829829829829829,0.8058058058058057,0.8900023179390516,1.0,0.8808808808808809,0.4843013121483782,0.8935030210197996,0.8923923923923924,0.5385385385385385,0.04204204204204204,0.0981650479133942
Anteeksiannon synkkä varjo                                                                                                                                                        - Rippikoulu                                      ,0.05405405405405406,0.6671671671671671,0.8058058058058057,0.41924333827593546,1.0,0.5185185185185185,0.026853836864228275,0.993993993993994,0.24624624624624625,0.5385385385385385,0.07007007007007007,0.8418202345501762
Pimeys yllä jumalan maan                                                                                                                                                          - Rippikoulu                                      ,0.03803803803803804,0.22654440032384726,0.16616616616616617,0.3633927325858867,1.0,0.0995995995995996,0.10757743362831859,0.9554554554554555,0.13361951445609035,0.05005005005005005,0.029029029029029027,0.08928331949813006
Musta seremonia                                                                                                                                                                   - Rippikoulu                                      ,0.03303303303303303,0.5625625625625625,0.7217217217217218,0.4314314314314314,0.0,0.5305305305305306,0.02102102102102102,0.9574574574574575,0.3128128128128128,0.5385385385385385,0.16816816816816815,0.8717863402050613
Ars Moriendi                                                                                                                                                                      - Mortal Decay                                    ,0.27927927927927926,0.5935935935935935,0.5445445445445445,0.21415066743908107,1.0,0.7127127127127127,0.22249271180837316,0.7894501564595441,0.8703703703703705,0.5385385385385385,0.27127127127127126,0.5255809597103963
Dawn of Misery                                                                                                                                                                    - Mortal Decay                                    ,0.08058058058058058,0.7847847847847848,0.16616616616616617,0.2809890506862721,1.0,0.5485485485485485,0.19752303623271364,0.8968968968968969,0.29929929929929927,0.05005005005005005,0.3303303303303303,0.03670081264992409
Rejoice in Moribund                                                                                                                                                               - Mortal Decay                                    ,0.13063063063063063,0.8888888888888888,0.8883883883883883,0.24917384676866636,0.0,0.5165165165165165,0.11490521954328649,0.8055431381314259,0.5930930930930931,0.5385385385385385,0.14914914914914915,0.9044043035265689
Decomposed with Nitric Acid                                                                                                                                                       - Mortal Decay                                    ,0.22972972972972971,0.9109109109109109,0.7217217217217218,0.4739842508766812,1.0,0.8568568568568569,0.18518518518518517,0.6851254615960498,0.8978978978978979,0.5385385385385385,0.35735735735735735,0.4184322411053714
Revived Half Dead                                                                                                                                                                 - Mortal Decay                                    ,0.1816816816816817,0.8938938938938938,0.7217217217217218,0.5682636620136621,1.0,0.7707707707707707,0.18909153055494518,0.5770177393888734,0.7547547547547547,0.5385385385385385,0.26676676676676675,0.3446336873851306
Conceal Interior Torments                                                                                                                                                         - Wombbath                                        ,0.06706706706706707,0.9719719719719719,0.6341341341341341,0.6384733692025357,1.0,0.8753753753753755,0.020865354769464356,0.9094094094094094,0.8643643643643644,0.5385385385385385,0.12712712712712712,0.17109826066104564
Anxiety (1991)                                                                                                                                                                    - Demigod                                         ,0.01006450803894559,0.9324324324324325,0.0,0.34589128132429003,1.0,0.8778778778778779,0.012932464285792738,0.9214214214214214,0.02002002002002002,0.5385385385385385,0.08408408408408408,0.9093163106995686
Disturbed One                                                                                                                                                                     - Carnifex (FIN)                                  ,0.08858858858858859,0.7872872872872874,0.27127127127127126,0.27501185395922245,1.0,0.7429593205185516,0.10050503513646766,0.5844326602127494,0.7792792792792793,0.5385385385385385,0.14414414414414414,0.27808112366539933
Necrophobia                                                                                                                                                                       - Carnifex (FIN)                                  ,0.11261261261261261,0.8248248248248249,0.5445445445445445,0.2757882141586074,0.0,0.7572572572572572,0.06406406406406406,0.6160938386457674,0.9289289289289289,0.5385385385385385,0.11334120425029516,0.355948438882094
Everlasting                                                                                                                                                                       - Thergothon                                      ,0.04454454454454454,0.10939431396786155,0.3918918918918919,0.06831140795533826,1.0,0.12262262262262262,0.20748765058094903,0.96996996996997,0.6061061061061062,0.5385385385385385,0.17917917917917917,0.26444700842606605
Under the Skin of the Split Body                                                                                                                                                  - Indungeon                                       ,0.07807807807807808,0.9504504504504505,0.27127127127127126,0.5149915398274174,1.0,0.8223223223223224,0.012200935390401376,0.8428428428428428,0.7772772772772774,0.05005005005005005,0.13363363363363362,0.9054118095914122
The Art of Self-Mutilation                                                                                                                                                        - Indungeon                                       ,0.07007007007007007,0.8378378378378378,0.5445445445445445,0.48622770992828196,0.0,0.6946946946946947,0.053478809179896766,0.6520414824762651,0.7947947947947948,0.05005005005005005,0.43843843843843844,0.0560705485934321
Spawned at the Dawn                                                                                                                                                               - Indungeon                                       ,0.11811811811811812,0.8218218218218218,0.8058058058058057,0.5680919587169587,1.0,0.8498498498498499,0.22754345306274093,0.7227227227227228,0.9456122789456123,0.05005005005005005,0.45145145145145144,0.27073396926338095
When Death Joins Us - Demo 1990                                                                                                                                                   - Sentenced                                       ,0.05655655655655656,0.8528528528528528,0.27127127127127126,0.6366366366366366,1.0,0.7832832832832832,0.21221977313047685,0.6301355646364403,0.35235235235235235,0.5385385385385385,0.23123123123123124,0.8484822773395121
Cranial Torment (Demo)                                                                                                                                                            - Funebre                                         ,0.04604604604604605,0.2867867867867868,0.3383383383383384,0.14724195720358477,1.0,0.5075075075075075,0.515015015015015,0.9364364364364364,0.5405405405405406,0.5385385385385385,0.5885885885885885,0.804699657043407
Until Death Joins Us Again                                                                                                                                                        - God Forsaken                                    ,0.13463463463463465,0.3003003003003003,0.5445445445445445,0.5272107711132101,1.0,0.14764764764764765,0.34647601420764357,0.6137543123644075,0.26076076076076077,0.5385385385385385,0.3688688688688689,0.1305393081517591
Community                                                                                                                                                                         - Comecon                                         ,0.40540540540540543,0.6126126126126126,0.16616616616616617,0.35628058155905395,1.0,0.3053053053053053,0.08802015844269362,0.8326359832635974,0.572072072072072,0.5385385385385385,0.44544544544544545,0.30131014103127085
Aerie                                                                                                                                                                             - Comecon                                         ,0.23173173173173173,0.8018018018018018,0.6341341341341341,0.3744642733433739,1.0,0.7572572572572572,0.07507507507507508,0.8883883883883883,0.15507922353435766,1.0,0.34634634634634637,0.5458754767285494
Morticide                                                                                                                                                                         - Comecon                                         ,0.35735735735735735,0.6391391391391392,0.4664664664664665,0.36643746449151854,0.0,0.6446446446446447,0.0866978566549382,0.7817817817817818,0.6001001001001001,0.05005005005005005,0.4894894894894895,0.1844103964887647
Shrine of the Master                                                                                                                                                              - Brutality                                       ,0.12312312312312312,0.8838838838838838,0.3383383383383384,0.34189814580058486,0.0,0.8553553553553553,0.11810391864665949,0.7967967967967968,0.529029029029029,0.5385385385385385,0.12812812812812813,0.6333073363692476
A Silent as the Grave                                                                                                                                                             - Wombbath                                        ,0.2017017017017017,0.974974974974975,1.0,0.7100963657560186,0.0,0.9279279279279279,0.04504504504504504,0.8278278278278278,0.6936936936936937,0.5385385385385385,0.16216216216216217,0.2761254214790363
Female Infanticide                                                                                                                                                                - Morgoth                                         ,0.18618618618618618,0.9964964964964964,0.6341341341341341,0.8118118118118118,1.0,0.954954954954955,0.15298958971617269,0.48311090524205286,0.3053053053053053,0.5385385385385385,0.017017017017017015,0.6207692166029554
Breathin' Cancer                                                                                                                                                                  - Sadist                                          ,0.1026026026026026,0.9474474474474475,1.0,0.5212873508927077,1.0,0.943943943943944,0.2810656867832727,0.6242470761725734,0.7022022022022022,0.5385385385385385,0.20020020020020018,0.8746151747051452
Enslaver of Lies                                                                                                                                                                  - Sadist                                          ,0.03453453453453453,0.8838838838838838,1.0,0.5387624317901301,1.0,0.9259259259259259,0.2733836034012514,0.6693040634217104,0.3353353353353353,0.5385385385385385,0.09509509509509509,0.04010921450632884
Den Siste Kamp                                                                                                                                                                    - Sadist                                          ,0.25075075075075076,0.6486486486486487,0.16616616616616617,0.7308146399055491,1.0,0.963963963963964,0.3190781967377711,0.707623550133911,0.44494494494494496,0.5385385385385385,0.34434434434434436,0.11911578488995166
Final Creamation                                                                                                                                                                  - Monstrosity                                     ,0.29979979979979976,0.6671671671671671,0.27127127127127126,0.2906730697393796,1.0,0.7027027027027027,0.02702702702702703,0.7722722722722724,0.5630630630630631,0.5385385385385385,0.53003003003003,0.3112867674196464
Possess the Priest                                                                                                                                                                - Nocturnus                                       ,0.2017017017017017,0.8583583583583583,0.16616616616616617,0.5575575575575575,1.0,0.8918918918918919,0.21381913663792856,0.538551798349204,0.6561561561561562,0.5385385385385385,0.2907907907907908,0.011178997829772558
Die Die                                                                                                                                                                           - Cancer                                          ,0.3917609046849758,0.8448448448448448,0.27127127127127126,0.260053720727878,1.0,0.6831393178698567,0.1754246936139555,0.5884621200665355,0.516016016016016,0.5385385385385385,0.10249508088124802,0.8060334364533566
Creative Killings                                                                                                                                                                 - Sinister                                        ,0.07807807807807808,0.9829829829829829,0.5445445445445445,0.7036040882194728,0.0,0.975975975975976,0.1738839641120776,0.985985985985986,0.8358358358358359,0.5385385385385385,0.10100509453260262,0.8719743634930657
Human Relic - remastered 2012                                                                                                                                                     - Gorement                                        ,0.07007007007007007,0.6486486486486487,1.0,0.6020626613994852,1.0,0.5765765765765766,0.11921300171167451,0.7177177177177178,0.7727727727727728,0.5385385385385385,0.34734734734734735,0.8984387369110134
Abyss Angel                                                                                                                                                                       - Mortuary                                        ,0.18618618618618618,0.7342342342342343,0.3918918918918919,0.22919570951990703,1.0,0.44544544544544545,0.3420513164922111,0.9679679679679679,0.3128128128128128,0.5385385385385385,0.3013013013013013,0.6964743630249153
Sickish Disease                                                                                                                                                                   - Mortuary                                        ,0.2062062062062062,0.7752752752752752,0.3383383383383384,0.20618303753987077,0.0,0.6206206206206206,0.33483483483483484,0.9947834676782044,0.29929929929929927,1.0,0.6276276276276276,0.3356221933642708
Sacrilegious                                                                                                                                                                      - Mortuary                                        ,0.25725725725725723,0.8968968968968969,0.3383383383383384,0.23198059512714686,0.0,0.6626626626626626,0.2563536816796143,0.992992992992993,0.572072072072072,0.5385385385385385,0.37237237237237236,0.6979530114352133
Lying The Dormant Awaits                                                                                                                                                          - Shub Niggurath                                  ,0.3113113113113113,0.7572572572572573,0.16616616616616617,0.2572965077152682,1.0,0.8338338338338338,0.16692585216262096,0.6642825212337953,0.11631519249803131,0.5385385385385385,0.4314314314314314,0.33228383074219486
Zatanazombie                                                                                                                                                                      - Shub Niggurath                                  ,0.22322322322322322,0.8688688688688688,0.5445445445445445,0.27314403836412837,0.0,0.8778778778778779,0.16769015669589282,0.6751798169136879,0.14564564564564564,0.5385385385385385,0.1971971971971972,0.19803920282405765
The Only One Astral Being                                                                                                                                                         - Shub Niggurath                                  ,0.14314314314314314,0.8493493493493494,0.27127127127127126,0.32015632285053025,1.0,0.6536536536536537,0.15498974078675387,0.7154663518299882,0.3278278278278278,0.5385385385385385,0.04817413532170032,0.86797253626247
Abominations of Ancient Gods                                                                                                                                                      - Shub Niggurath                                  ,0.1506276150627616,0.7847847847847848,0.27127127127127126,0.29402153731897507,1.0,0.7171116614244575,0.09568315734867695,0.7555172404581479,0.26726726726726724,0.5385385385385385,0.12289301327229175,0.845809651447705
... A Red Sky                                                                                                                                                                     - Cenotaph                                        ,0.14164164164164164,0.6451451451451451,0.16616616616616617,0.3003237047230279,1.0,0.7417417417417418,0.09771125090274026,0.9769769769769769,0.3353353353353353,0.5385385385385385,0.5010010010010011,0.7547134181655148
Evoked Doom                                                                                                                                                                       - Cenotaph                                        ,0.15215215215215216,0.7872872872872874,0.5445445445445445,0.3138802495896758,1.0,0.6922455573505654,0.10436155995626291,0.9844844844844844,0.6851851851851851,0.5385385385385385,0.19119119119119118,0.48230847439850144
The Solitude                                                                                                                                                                      - Cenotaph                                        ,0.2872872872872873,0.7872872872872874,0.4664664664664665,0.36936936936936937,0.0,0.991012168141593,0.20724979602900753,0.5475776895017458,0.16216216216216217,0.5385385385385385,0.10965625394022317,0.499003758886013
Living Hell                                                                                                                                                                       - Edge Of Sanity                                  ,0.01091658965939555,0.8618618618618619,0.5445445445445445,0.4283552433487486,1.0,0.7572572572572572,0.1111111111111111,0.6433715077671842,0.8018018018018018,0.5385385385385385,0.2077077077077077,0.07346406519829354
Baptised in Fire                                                                                                                                                                  - Defaced Creation                                ,0.3917609046849758,0.8618618618618619,1.0,0.6110633058763336,0.0,0.6396396396396397,0.11459806279095722,0.44461424638261227,0.496996996996997,0.5385385385385385,0.3213213213213213,0.2811531965500725
Macabre Exposure of Fleshly Devotion                                                                                                                                              - Defaced Creation                                ,0.29979979979979976,0.7497497497497497,0.27127127127127126,0.5168676535859618,1.0,0.7344010677344011,0.1742861770934761,0.6352467986869764,0.8758758758758759,0.5385385385385385,0.33783783783783783,0.33001638082246715
Fire Temple                                                                                                                                                                       - Defaced Creation                                ,0.2857857857857858,0.8528528528528528,0.16616616616616617,0.5214298213300921,1.0,0.4624624624624625,0.1617473435655254,0.7646159724875812,0.6626626626626626,0.5385385385385385,0.7472472472472473,0.33241838891498365
Cult of the Initiated                                                                                                                                                             - Pessimist                                       ,0.23173173173173173,0.7777777777777778,1.0,0.25217244376590536,0.0,0.612064066260446,0.06079662652374819,0.9294294294294294,0.7287287287287287,0.5385385385385385,0.14564564564564564,0.2475134170635902
Let the Demons Rest                                                                                                                                                               - Pessimist                                       ,0.1026026026026026,0.7872872872872874,0.7217217217217218,0.2450074896579889,1.0,0.5925925925925926,0.09009009009009009,0.8818818818818819,0.7657657657657657,0.5385385385385385,0.1140495867768595,0.26832791197070455
Century of Lies                                                                                                                                                                   - Pessimist                                       ,0.27627627627627627,0.8278278278278278,0.27127127127127126,0.26219422141053483,1.0,0.6936936936936937,0.1368974042027194,0.8123064836988888,0.6286286286286287,0.5385385385385385,0.3688688688688689,0.7613997884172391
Razor Divine                                                                                                                                                                      - Deranged                                        ,0.06299576887812183,0.9904904904904905,1.0,0.8219106914759088,0.0,0.9490404456298044,0.013125914546873695,0.6318739893848891,0.9763307103195834,0.5385385385385385,0.03657657657657656,0.5805307409353654
Gorging on Mucus and Bile                                                                                                                                                         - Pyaemia                                         ,0.26226226226226224,0.7812812812812813,0.16616616616616617,0.32053312814699625,1.0,0.5505505505505506,0.1900744758114769,0.958958958958959,0.7957957957957957,0.5385385385385385,0.40040040040040037,0.6213001759580168
Cerebral Cereal                                                                                                                                                                   - Pyaemia                                         ,0.20870870870870872,0.7727727727727728,0.8883883883883883,0.34023154470879335,0.0,0.689356022689356,0.21477030456426718,0.9344344344344344,0.9079079079079079,0.5385385385385385,0.4574574574574575,0.548850056901289
Impaled on Stakes                                                                                                                                                                 - Pyaemia                                         ,0.2527527527527528,0.6256256256256256,0.8883883883883883,0.27612162443277316,0.0,0.5295295295295295,0.24160871942222426,0.9844844844844844,0.6226226226226226,0.5385385385385385,0.3908908908908909,0.6332352348503089
Out of the Womb                                                                                                                                                                   - Regurgitation                                   ,0.04954954954954954,0.8863863863863863,0.6341341341341341,0.38355669464499026,1.0,0.8538538538538538,0.06706071220081727,0.8935030210197996,0.8508508508508509,0.5385385385385385,0.060450454442213045,0.8788311589374332
Repulsive Genital Disfigurement                                                                                                                                                   - Regurgitation                                   ,0.16016016016016016,0.8018018018018018,1.0,0.318252384853816,0.0,0.8428428428428428,0.06876183113806876,0.9344344344344344,0.8868868868868869,0.5385385385385385,0.08502217038802404,0.6356541832508701
Electric Funeral                                                                                                                                                                  - Brutality                                       ,0.1995153473344103,0.6426426426426426,0.7217217217217218,0.28787984988157883,1.0,0.6751751751751751,0.17554166635930582,0.8168168168168168,0.4314314314314314,0.5385385385385385,0.4904904904904905,0.505822862792702
Now and Forever - remastered 2001                                                                                                                                                 - Grave                                           ,0.11411411411411411,0.955955955955956,0.5445445445445445,0.7649642461132585,1.0,0.8918918918918919,0.013125914546873695,0.8743743743743744,0.4629629629629629,0.5385385385385385,0.006190413833725934,0.41329743414922715
Mind Reflections                                                                                                                                                                  - Pestilence                                      ,0.1881881881881882,0.9854854854854855,1.0,0.8964225896298792,1.0,0.7672672672672672,0.34823505262919385,0.29948222532843943,0.8908908908908909,0.05005005005005005,0.2247247247247247,0.8870974550480691
Mummified                                                                                                                                                                         - Nocturnus                                       ,0.031031031031031032,0.8448448448448448,0.7217217217217218,0.5294449998816282,0.0,0.9860513582444721,0.21399122405833812,0.5485371344997161,0.9395539885698125,0.5385385385385385,0.4108878512019873,0.028369204416050585
Dominion                                                                                                                                                                          - Rotten Sound                                    ,0.20870870870870872,0.980980980980981,1.0,0.5357290127372174,1.0,0.8338338338338338,0.021521521521521522,0.5165165165165165,0.6536536536536537,0.5385385385385385,0.34234234234234234,0.8194786378519093
Controlled Mind                                                                                                                                                                   - Rotten Sound                                    ,0.21465996813026236,0.9874874874874875,0.3383383383383384,0.4870132229003197,0.0,0.8313313313313313,0.04376152961638816,0.5375375375375375,0.23523523523523523,0.5385385385385385,0.5365365365365365,0.8644349705374629
Nosferatu                                                                                                                                                                         - Hellwitch                                       ,0.22822822822822822,0.9409409409409409,0.0,0.5439296865267739,1.0,0.9109109109109109,0.12672292386765835,0.4548960547753549,0.4169169169169169,0.5385385385385385,0.13913913913913914,0.360112036560494
Purveyor of Fear                                                                                                                                                                  - Hellwitch                                       ,0.2772772772772773,0.9689689689689689,0.5445445445445445,0.48452202427801916,1.0,0.8313313313313313,0.1672121452236175,0.6185355362205495,0.6401401401401401,0.05005005005005005,0.2222222222222222,0.5290373543488464
Viral Exogence                                                                                                                                                                    - Hellwitch                                       ,0.3173173173173173,0.8778778778778779,0.5445445445445445,0.5327827827827827,1.0,0.9159159159159159,0.1881881881881882,0.5965611960783959,0.37887887887887883,0.5385385385385385,0.4224224224224224,0.5655534768685485
Holocaust Divinity                                                                                                                                                                - Insatanity                                      ,0.13913913913913914,0.4984984984984985,0.8883883883883883,0.23186513946212223,0.0,0.9079079079079079,0.027527527527527528,0.7429719005822741,0.4244244244244244,0.5385385385385385,0.3433433433433433,0.9886646296128301
At One With Infinity                                                                                                                                                              - Insatanity                                      ,0.23173173173173173,0.4854854854854855,0.8883883883883883,0.20488192843373698,0.0,0.5971448422106317,0.0031268110215478644,0.9364364364364364,0.24024024024024024,0.5385385385385385,0.24274274274274274,0.1439229672138462
Rites of Red Giving                                                                                                                                                               - Equinox                                         ,0.11261261261261261,0.7452452452452452,0.16616616616616617,0.508737436155294,1.0,0.7812812812812813,0.046989203531536274,0.4038926733243627,0.29156765461113293,0.005005005005005005,0.302907915993538,0.7835565334963599
Return to Mystery                                                                                                                                                                 - Equinox                                         ,0.2431240764574099,0.7777777777777778,0.4664664664664665,0.4856059740416865,0.0,0.7553063175535086,0.025226325730219448,0.3964197566665378,0.44494494494494496,0.5385385385385385,0.09822904368358915,0.5034783792301436
Valley of the Kings                                                                                                                                                               - Equinox                                         ,0.0516962843295638,0.5430430430430431,0.5445445445445445,0.45507007007007017,0.0,0.44244244244244246,0.050383717050383726,0.31613051011577203,0.8593593593593594,0.5385385385385385,0.24574574574574576,0.12847633288970634
To Lead Astray                                                                                                                                                                    - Naphobia                                        ,0.2017017017017017,0.9254254254254255,0.7217217217217218,0.5420351934519178,0.0,0.8583583583583583,0.21539801234903408,0.7123715322282365,0.92992992992993,0.5385385385385385,0.17917917917917917,0.309132923592206
Of Hell                                                                                                                                                                           - Naphobia                                        ,0.18518518518518517,0.9109109109109109,0.3918918918918919,0.5538300380642722,1.0,0.7782782782782782,0.24491157824491158,0.6831950445436885,0.6251251251251251,0.5385385385385385,0.07962920973510987,0.05318637568436624
Feed the Liar                                                                                                                                                                     - Naphobia                                        ,0.06906906906906907,0.980980980980981,1.0,0.6558991544003203,0.0,0.8743743743743744,0.19384648065101043,0.6381016417013538,0.36936936936936937,0.05005005005005005,0.16816816816816815,0.04684812159197691
Anointed in Servitude                                                                                                                                                             - Internal Bleeding                               ,0.28428428428428426,0.7032032032032032,0.27127127127127126,0.28730353636702693,1.0,0.8313313313313313,0.12025532025532025,0.95995995995996,0.20520520520520522,0.5385385385385385,0.3363363363363363,0.9673983045920685
Languish in Despair                                                                                                                                                               - Internal Bleeding                               ,0.3063063063063063,0.7122122122122122,0.6341341341341341,0.25385297014510494,1.0,0.6413694497896892,0.13745660084433795,0.9634634634634635,0.09591134887275507,0.5385385385385385,0.2077077077077077,0.16283985413692242
Epoch of Barbarity                                                                                                                                                                - Internal Bleeding                               ,0.34534534534534533,0.7147147147147147,1.0,0.26818512577710063,0.0,0.8058058058058057,0.1556425667669528,0.9719719719719719,0.7657657657657657,0.5385385385385385,0.2832832832832833,0.4193809945679752
Sermon of Mockery                                                                                                                                                                 - Pyrexia                                         ,0.3308308308308308,0.8938938938938938,0.16616616616616617,0.4121621621621621,1.0,0.5185185185185185,0.1895974524373316,0.9734734734734735,0.7177177177177178,0.05005005005005005,0.5745745745745746,0.450452700201335
Bullshit Propaganda                                                                                                                                                               - Extreme Noise Terror                            ,0.14314314314314314,0.7617617617617618,0.5445445445445445,0.3497182436249919,1.0,0.5905905905905906,0.10090241244622329,0.6381530661588257,0.7932932932932932,0.5385385385385385,0.3663663663663664,0.36533775893553205
Four Walls                                                                                                                                                                        - Agathocles                                      ,0.2017017017017017,0.7147147147147147,0.8058058058058057,0.29106954114387956,1.0,0.6476476476476476,0.10291740208174747,0.9951591759123133,0.8988988988988988,0.5385385385385385,0.2907907907907908,0.6247344952796269
The Truth Begins Where Man Stops to Think                                                                                                                                         - Agathocles                                      ,0.0920920920920921,0.8888888888888888,0.3918918918918919,0.4141562636434946,0.0,0.7572572572572572,0.06519275682296309,0.8308308308308309,0.4824824824824825,0.5385385385385385,0.2077077077077077,0.4216107035401926
Infernal                                                                                                                                                                          - Defaced Creation                                ,0.19769769769769768,0.8618618618618619,0.16616616616616617,0.5308840044922187,0.0,0.6869592088998765,0.15815815815815815,0.6073467990566436,0.8718718718718719,0.5385385385385385,0.3258258258258258,0.012575379934685086
Devastation                                                                                                                                                                       - Defaced Creation                                ,0.24474474474474472,0.5775775775775776,0.27127127127127126,0.5201169178968322,1.0,0.5210210210210211,0.12025532025532025,0.8743743743743744,0.7217217217217217,0.05005005005005005,0.5775775775775776,0.28719162222525224
The Red Passage                                                                                                                                                                   - Vader                                           ,0.23994545392850475,0.9964964964964964,0.27127127127127126,0.816171954747413,1.0,0.8863863863863863,0.1901539797071678,0.7001133969790686,0.7907907907907907,0.5385385385385385,0.12100173221080023,0.5464959914860092
Through the Eye of Terror                                                                                                                                                         - Bolt Thrower                                    ,0.031031031031031032,0.9254254254254255,0.27127127127127126,0.2809890506862721,1.0,0.7322843022394592,0.15940201004643764,0.6468309877864801,0.7527527527527528,0.5385385385385385,0.00810881138749991,0.9781760840864561
Ripping Corpse                                                                                                                                                                    - Kreator                                         ,0.1091091091091091,0.8808808808808809,0.6341341341341341,0.6648230088495576,1.0,0.9515767129279662,0.06921648718900854,0.6677300112247603,0.5690690690690691,0.5385385385385385,0.12962962962962965,0.6365086604032286
Two of Me - remastered 2003                                                                                                                                                       - Grave                                           ,0.23723723723723725,0.7137137137137137,0.4664664664664665,0.5583598038471685,1.0,0.7300709102142059,0.1761265300860575,0.6496496496496497,0.4824824824824825,0.5385385385385385,0.2057057057057057,0.1821881058390113
...And Here I Die... Satisfied - remastered 2003                                                                                                                                  - Grave                                           ,0.12712712712712712,0.7992992992992993,0.16616616616616617,0.6620393000293284,1.0,0.7167167167167167,0.03981789345323537,0.5886283562143118,0.43843843843843844,0.5385385385385385,0.3073073073073073,0.10788380341647402
Ancient Slumber                                                                                                                                                                   - Necrophagia                                     ,0.2857857857857858,0.38238238238238237,0.16616616616616617,0.13010098050535146,0.0,0.695482096269498,0.38581200654579495,0.7173840507173841,0.3433433433433434,0.5385385385385385,0.04204204204204204,0.46896153579321903
I Deny                                                                                                                                                                            - Atheist                                         ,0.12862862862862862,0.9254254254254255,0.8058058058058057,0.39234576061298393,1.0,0.8978978978978979,0.1381182682461906,0.5996935363665042,0.5910910910910911,0.05005005005005005,0.17417417417417416,0.2141970640966145
Blood of My Enemies                                                                                                                                                               - Edge Of Sanity                                  ,0.1881881881881882,0.8218218218218218,1.0,0.515822430174282,0.0,0.7812812812812813,0.21844608978342714,0.31202312188339504,0.4244244244244244,0.05005005005005005,0.23723723723723725,0.8041492309070434
Corporal Celebration                                                                                                                                                              - Intestine Baalism                               ,0.05655655655655656,0.7797797797797797,0.27127127127127126,0.2107755576542385,1.0,0.7782782782782782,0.13901181920485317,0.8038038038038038,0.49199199199199195,0.5385385385385385,0.13413413413413414,0.33230727767592205
Anatomy of the Beast                                                                                                                                                              - Intestine Baalism                               ,0.09009009009009009,0.8128128128128128,1.0,0.20210168309060778,0.0,0.7732732732732732,0.14749747641872063,0.9784784784784785,0.6146146146146146,0.5385385385385385,0.2272272272272272,0.4596154976817547
Trapped In A Corner                                                                                                                                                               - Death                                           ,0.12862862862862862,0.9409409409409409,0.7217217217217218,0.780657436615143,1.0,0.9189189189189189,0.15110470283615535,0.6455073759499329,0.07782952252478209,0.05005005005005005,0.3203203203203203,0.08150964087998856
Manic                                                                                                                                                                             - Monstrosity                                     ,0.2527527527527528,0.7652652652652652,0.16616616616616617,0.24930636941810125,1.0,0.45345345345345345,0.09771125090274026,0.8408408408408409,0.5595595595595595,0.5385385385385385,0.6096096096096096,0.33355128624268415
Kingdom Gone                                                                                                                                                                      - At The Gates                                    ,0.2882882882882883,0.980980980980981,0.5445445445445445,0.6472446385127739,1.0,0.8808808808808809,0.25300760370398256,0.4308413730057878,0.7367367367367368,0.5385385385385385,0.13713713713713713,0.6250334080910299
The Exorcist                                                                                                                                                                      - Cannibal Corpse                                 ,0.014787409218963746,0.8688688688688688,0.5445445445445445,0.3541201987948931,0.0,0.6890223556890224,0.09045136176639067,0.9824824824824825,0.5665665665665666,0.5385385385385385,0.4444444444444444,0.9884456864374125
The Choice                                                                                                                                                                        - Abomination                                     ,0.3303303303303303,0.6186186186186187,0.8058058058058057,0.2072072072072072,1.0,0.42542542542542544,0.5003090234857849,0.5462500803523158,0.5115115115115114,0.5385385385385385,0.5825825825825826,0.45242976539801505
Redeem Deny                                                                                                                                                                       - Abomination                                     ,0.35135135135135137,0.6966966966966966,1.0,0.18934911242603544,1.0,0.3638638638638638,0.3253253253253253,0.5971644570196968,0.7277277277277278,0.5385385385385385,0.7627627627627628,0.4835074913948153
Unquestionable Presence                                                                                                                                                           - Atheist                                         ,0.11961961961961962,0.7477477477477478,1.0,0.3223192136235615,1.0,0.6366366366366366,0.0990990990990991,0.7506180469715696,0.7342342342342343,0.5385385385385385,0.44644644644644643,0.16216216216216217
Stench of Prophet                                                                                                                                                                 - Brutal Truth                                    ,0.08308308308308308,0.9074074074074074,0.5445445445445445,0.1600196623041878,0.0,0.582082082082082,0.010098530931864262,0.9754754754754755,0.13313313313313313,1.0,0.07541911177232277,0.743914050701842
And Jesus Wept                                                                                                                                                                    - Thanatos                                        ,0.2042042042042042,0.9169169169169169,0.7217217217217218,0.6436436436436437,1.0,0.6766766766766766,0.18697549773589947,0.7734401067734401,0.8908908908908909,0.5385385385385385,0.16716716716716717,0.33932054223670255
The World Keeps Turning                                                                                                                                                           - Napalm Death                                    ,0.0990990990990991,0.974974974974975,0.27127127127127126,0.7489886701876632,1.0,0.8013013013013013,0.09249031815403497,0.628665169968155,0.07107107107107107,0.5385385385385385,0.25825825825825827,0.9048854322284966
Warriors Trial                                                                                                                                                                    - Amorphis                                        ,0.05305305305305305,0.8688688688688688,0.4664664664664665,0.7957494641567748,1.0,0.6726726726726726,0.08108108108108109,0.8263263263263263,0.16616616616616617,0.5385385385385385,0.13413413413413414,0.8538417837438121
Abnormally Deceased - Only Shreds Remains Demo '88                                                                                                                                - Nihilist                                        ,0.043043043043043044,0.7257257257257257,0.0,0.6525946586652662,1.0,0.7047047047047047,0.1283861795781111,0.8663663663663663,0.7622622622622623,0.5385385385385385,0.4079079079079079,0.368882640981214
Second Thought                                                                                                                                                                    - Morta Skuld                                     ,0.10560560560560561,0.8493493493493494,0.8883883883883883,0.4045156267378489,1.0,0.6146146146146146,0.15504515626429674,0.5914616203152437,0.6536536536536537,0.5385385385385385,0.3182458224240954,0.9243558599791663
Of Pure Unholiness - Studio                                                                                                                                                       - Vital Remains                                   ,0.15465465465465467,0.8303303303303303,1.0,0.3843033812232991,1.0,0.7060505332919127,0.1742861770934761,0.7235610862371425,0.1720516962843296,0.5385385385385385,0.15815815815815815,0.2993597620125459
Cryptorium                                                                                                                                                                        - Brutality                                       ,0.1831831831831832,0.8078078078078078,1.0,0.20364126959037668,1.0,0.7159552953969198,0.13224474649124535,0.7847847847847848,0.7477477477477478,0.5385385385385385,0.3134190591665973,0.05905704954321521
The Way of All Flesh                                                                                                                                                              - Morpheus Descends                               ,0.024024024024024024,0.8448448448448448,1.0,0.2982982982982983,0.0,0.8498498498498499,0.2247715695991558,0.7506180469715696,0.2112112112112112,1.0,0.16716716716716717,0.01706139212522958
No World Escapes                                                                                                                                                                  - Morta Skuld                                     ,0.30930930930930933,0.8723723723723724,0.6341341341341341,0.5624960840946736,1.0,0.8013013013013013,0.05775854091357843,0.6805347459473153,0.09450726978998382,0.05005005005005005,0.5965965965965966,0.4468969063374735
Infection Of Death                                                                                                                                                                - Baphomet                                        ,0.14914914914914915,0.6451451451451451,0.5445445445445445,0.30873671782762696,0.0,0.6996996996996997,0.21451475433267478,0.8833833833833833,0.529029029029029,0.05005005005005005,0.33783783783783783,0.9719631853568788
Mutant Christ                                                                                                                                                                     - Cryptopsy                                       ,0.06706706706706707,0.8808808808808809,0.5445445445445445,0.14870325330226147,1.0,0.4804804804804805,0.15784726122049297,0.8558558558558559,0.6726726726726726,0.5385385385385385,0.20020020020020018,0.8891891544764045
Under the Black Soil                                                                                                                                                              - Necrony                                         ,0.26426426426426425,0.7972972972972974,0.6341341341341341,0.33064373105629113,1.0,0.6561713854132629,0.18218218218218218,0.6771861010271604,0.10710710710710711,0.5385385385385385,0.3258258258258258,0.3204156588730628
False Paradise                                                                                                                                                                    - Megaslaughter                                   ,0.12512512512512514,0.8248248248248249,0.16616616616616617,0.3075318918259478,1.0,0.6106106106106106,0.24024024024024024,0.9844844844844844,0.7042042042042043,0.5385385385385385,0.19269269269269268,0.2513666135244094
Soulless Sanity (Promo 1995)                                                                                                                                                      - Gorement                                        ,0.3012903993102014,0.8688688688688688,0.16616616616616617,0.6477310643977311,1.0,0.6076076076076076,0.05488751463327732,0.8428428428428428,0.7757757757757757,0.5385385385385385,0.4209209209209209,0.7425224450827693
Happyness 'n' Sorrow                                                                                                                                                              - Sadist                                          ,0.03303303303303303,0.952952952952953,0.7217217217217218,0.47746220896602226,1.0,0.9822904368358913,0.23357095697521227,0.5830624788415304,0.9922386357858912,0.5385385385385385,0.08515709642470205,0.04899919922681682
Under The Moon's Fog                                                                                                                                                              - Vital Remains                                   ,0.1506276150627616,0.9194194194194194,0.3383383383383384,0.4518594902324756,1.0,0.8653653653653655,0.19409266479675147,0.7067354506667711,0.3278278278278278,0.05005005005005005,0.01001001001001001,0.8332269696979581
Darkness Forever (Bonus)                                                                                                                                                          - Jungle Rot                                      ,0.21171171171171171,0.537037037037037,0.4664664664664665,0.14202854785803537,0.0,0.6792091826574586,0.14326826826826827,0.8948948948948949,0.2222222222222222,0.5385385385385385,0.04640991374073625,0.11233608580360636
An Ending (Ascent) - Remastered 2005                                                                                                                                              - Brian Eno                                       ,0.17717717717717718,0.06471252213457891,0.7217217217217218,0.03342809606650162,1.0,0.612064066260446,0.8957893492777214,1.0,0.15415415415415415,0.05005005005005005,0.051029207472590384,0.013271718856629167
#3                                                                                                                                                                                - Aphex Twin                                      ,0.05405405405405406,0.05224848504418396,0.5445445445445445,0.02568020348492818,0.0,0.28978978978978975,0.8798798798798799,0.8385130572841577,0.36936936936936937,1.0,0.07207207207207207,0.8237829278535667
A Meaningful Moment Through a Meaning(less) Process                                                                                                                               - Stars Of The Lid                                ,0.000999032733013664,0.05299004974570417,0.7217217217217218,0.03560159485911583,0.0,0.33183183183183185,0.9139139139139139,0.9074074074074074,0.23323323323323322,1.0,0.005780800195074828,0.012268195177781896
Boreal Kiss Pt. 1                                                                                                                                                                 - Tim Hecker                                      ,0.08608608608608609,0.021008073554556986,0.4664664664664665,0.032644841729170364,0.0,0.3263263263263263,0.7390371738197825,0.632809977511561,0.8098098098098098,0.5385385385385385,0.11115370689838774,0.7531497393097553
12 Hours Before                                                                                                                                                                   - Hildur Guðnadóttir                              ,0.06706706706706707,0.14164164164164164,0.0,0.07408226482436216,1.0,0.27877877877877877,0.8373368358338298,0.9534534534534534,0.164506034868127,0.5385385385385385,0.020520520520520537,0.11611891201935133
dlp 1.3                                                                                                                                                                           - William Basinski                                ,0.04804804804804805,0.07107107107107107,0.4664664664664665,0.026022222016114056,1.0,0.39039039039039036,0.9129129129129129,0.997393979926731,0.08840974126300215,0.05005005005005005,0.04204204204204204,0.018331702598513983
The Girl With the Flesh Colored Crayon                                                                                                                                            - Aix Em Klemm                                    ,0.008931492591359284,0.15343730827601795,0.8058058058058057,0.09448348136099557,1.0,0.1991991991991992,0.8151566200346687,0.8247072160499723,0.22022022022022023,0.005005005005005005,0.04866235697433061,0.040153856167712866
Suiren                                                                                                                                                                            - Pauline Oliveros                                ,0.0010332257028292306,0.003207360758787735,0.6341341341341341,0.0008705333666496287,1.0,0.36686686686686687,0.9404404404404405,0.8263263263263263,0.43843843843843844,0.5385385385385385,0.0009053660348449851,0.008985179883034917
Be Still                                                                                                                                                                          - Ex Confusion                                    ,0.03565576749934292,0.02678658715416952,0.7217217217217218,0.016689956787958225,0.0,0.30680680680680683,0.9634634634634635,0.9990759990759991,0.3963963963963964,0.5385385385385385,0.06539920177083647,0.7841393233289907
Do While ⌘X                                                                                                                                                                       - Oval                                            ,0.24924924924924924,0.14214214214214213,0.27127127127127126,0.05383023821528997,0.0,0.5375375375375375,0.9079079079079079,0.9424424424424425,0.11280080830361904,0.5385385385385385,0.4724724724724725,0.05682571571624532
Stratus                                                                                                                                                                           - Kaitlyn Aurelia Smith                           ,0.4394394394394394,0.05055055055055054,0.5445445445445445,0.05872353107712533,0.0,0.17467467467467468,0.9019019019019019,0.998998998998999,0.08174841508174842,0.5385385385385385,0.04653140566152351,0.5212386151138388
A Lake                                                                                                                                                                            - Emily A. Sprague                                ,0.0960960960960961,0.18685739830129638,0.3383383383383384,0.08862454041121279,1.0,0.37787787787787785,0.9059059059059059,0.8633633633633633,0.44494494494494496,0.05005005005005005,0.024024024024024024,0.12412412412412413
Moments In Love                                                                                                                                                                   - Kara-Lis Coverdale                              ,0.34034034034034033,0.04031566444735553,0.0,0.02038556738977119,0.0,0.05305305305305305,0.8768768768768769,0.9424424424424425,0.23023023023023023,0.005005005005005005,0.20870870870870872,0.02735490643665019
Gilded                                                                                                                                                                            - Sarah Davachi                                   ,0.15215215215215216,0.11041573535985694,0.3918918918918919,0.061210080529951985,0.0,0.3758758758758759,0.8988988988988988,0.9669669669669669,0.29929929929929927,0.5385385385385385,0.0025669821915610498,0.01785748276941211
Suite Pour L'invisible                                                                                                                                                            - Ana Roxanne                                     ,0.023023023023023025,0.039915332706399534,0.27127127127127126,0.05393940639276624,1.0,0.3208208208208208,0.8448448448448448,0.8663663663663663,0.4169169169169169,0.5385385385385385,0.10425530997089173,0.9673297762384622
"Photo With Grey Sky, White Clouds                                                                                                                                               - Jonny Nash                                      ",0.06806806806806806,0.0009784249841068022,0.8058058058058057,0.028080820836545554,0.0,0.40540540540540543,0.9039039039039038,0.9384384384384384,0.15665665665665668,0.05005005005005005,0.03003003003003003,0.027875866540500595
Yanagiwara                                                                                                                                                                        - Hirotaka Shirotsubaki                           ,0.020838328823119732,0.0519401657468468,0.5445445445445445,0.03577695111598181,1.0,0.3138138138138138,0.8868868868868869,0.9769769769769769,0.2909087194801481,0.5385385385385385,0.0015440344181734283,0.039106351651992007
Wind On Wind                                                                                                                                                                      - Robert Fripp                                    ,0.0027298988486203117,0.04353109674884021,0.7217217217217218,0.030658374758133964,1.0,0.34234234234234234,0.9324324324324325,0.9554554554554555,0.19019019019019018,0.005005005005005005,0.007007007007007007,0.023332777711109066
Pop 2                                                                                                                                                                             - GAS                                             ,0.04954954954954954,0.043404538500406376,0.7217217217217218,0.0696502124857627,1.0,0.3638638638638638,0.8978978978978979,0.9951591759123133,0.2937937937937938,0.5385385385385385,0.18018018018018017,0.4362422328617049
The Unquestioned Answer                                                                                                                                                           - Laurie Spiegel                                  ,0.06354485326447944,0.0014358326709466552,0.7217217217217218,0.03058183618563723,1.0,0.45345345345345345,0.984984984984985,0.8613613613613613,0.31931931931931934,0.05005005005005005,0.2172172172172172,0.014826237028938084
I Will                                                                                                                                                                            - Brian McBride                                   ,0.012012012012012012,0.03953216997171236,0.7217217217217218,0.07510858740423242,1.0,0.18018018018018017,0.9384384384384384,0.8538538538538538,0.37887887887887883,0.5385385385385385,0.004880549497848818,0.04856235736357137
Tobiume                                                                                                                                                                           - Susumu Yokota                                   ,0.1506276150627616,0.14380886282635444,0.5445445445445445,0.11321915833936913,1.0,0.30230230230230226,0.9894894894894894,0.8693693693693694,0.08341675008341674,1.0,0.02761630221854147,0.7887077613105012
Flown                                                                                                                                                                             - Julianna Barwick                                ,0.07407407407407407,0.1066066066066066,0.4664664664664665,0.10868122491546311,1.0,0.25075075075075076,0.9894894894894894,0.9169169169169169,0.17702279839070184,0.5385385385385385,0.020520520520520537,0.13626731629133204
On the Other Ocean                                                                                                                                                                - David Behrman                                   ,0.0021971743432930664,0.06704949900350458,0.0,0.1465471515243394,1.0,0.3338338338338338,0.9539539539539539,0.9384384384384384,0.08608608608608609,0.05005005005005005,0.014014014014014014,0.03158512810471806
1/1 - Remastered 2004                                                                                                                                                             - Brian Eno                                       ,0.1831831831831832,0.005347109770802769,0.27127127127127126,0.013822447149522493,1.0,0.2817817817817818,0.9464464464464464,0.9189189189189189,0.3278278278278278,0.5385385385385385,0.02102102102102102,0.10370800205250812
Variations on a Theme by St-Dipshit                                                                                                                                               - Kyle Bobby Dunn                                 ,0.031031031031031032,0.057057057057057055,0.8058058058058057,0.050445433229822915,1.0,0.2977977977977978,0.9674674674674675,0.9504504504504505,0.24024024024024024,0.5385385385385385,0.0022461094176159145,0.02455086000599559
?                                                                                                                                                                                 - Mark Pritchard                                  ,0.07257257257257257,0.013957965666613188,0.4664664664664665,0.1402745240796765,1.0,0.4014014014014014,0.8515869468037549,0.9214214214214214,0.4074074074074074,0.5385385385385385,0.0009982240897008809,0.8220796824347848
Ode to an African Violet                                                                                                                                                          - Mort Garson                                     ,0.5165165165165165,0.11311311311311312,0.4664664664664665,0.0600390279720775,0.0,0.06306306306306306,0.725942105306562,0.8948948948948949,0.47047047047047047,0.5385385385385385,0.2932932932932933,0.3903269745556158
door to the cosmos                                                                                                                                                                - Chihei Hatakeyama                               ,0.03953953953953954,0.014867766634606336,0.4664664664664665,0.018720426829034145,1.0,0.3376413570274638,0.9944944944944945,0.9994609994609994,0.16616616616616617,0.5385385385385385,0.0075242038003868915,0.785435002491606
Aries                                                                                                                                                                             - Iasos                                           ,0.2982982982982983,0.13813813813813813,0.4664664664664665,0.07281856920757074,0.0,0.2932932932932933,0.8738738738738738,0.9234234234234233,0.2972972972972973,0.5385385385385385,0.008499131449951139,0.0020675748214922128
Dungeoneering                                                                                                                                                                     - Tim Hecker                                      ,0.062062062062062065,0.4014014014014014,0.7217217217217218,0.4363875141406083,0.0,0.45245245245245247,0.7447447447447447,0.8763763763763763,0.6116116116116116,0.5385385385385385,0.08856828016491881,0.03257746674349708
View from My Window                                                                                                                                                               - Hiroshi Yoshimura                               ,0.23723723723723725,0.00830533345870769,0.6341341341341341,0.041764464776773216,1.0,0.35235235235235235,0.970970970970971,0.9534534534534534,0.2112112112112112,0.5385385385385385,0.10819602792523489,0.009568704139712331
Lizard Point - Remastered 2004                                                                                                                                                    - Brian Eno                                       ,0.024024024024024024,0.01204134454177046,0.16616616616616617,0.004784650878847397,1.0,0.14764764764764765,0.8728728728728729,0.8088088088088088,0.5785785785785786,0.5385385385385385,0.003708281829419037,0.14206891972248029
Don't Bother They're Here                                                                                                                                                         - Stars Of The Lid                                ,0.012012012012012012,0.010122543334169055,0.16616616616616617,0.02038556738977119,1.0,0.4724724724724725,0.9034034034034033,0.8763763763763763,0.516016016016016,0.05005005005005005,0.005005005005005005,0.0445772443306353
Track3a (2waynice)                                                                                                                                                                - Keith Fullerton Whitman                         ,0.23423423423423423,2.016449459631275e-05,0.3918918918918919,0.010630365202770194,1.0,0.7263344160166444,0.970970970970971,0.648314981648315,0.17239334473542947,0.05005005005005005,0.8728728728728729,0.01820223760815293
#20                                                                                                                                                                               - Aphex Twin                                      ,0.02952952952952953,0.03303303303303303,0.8058058058058057,0.02902933912537287,0.0,0.33183183183183185,0.92992992992993,0.9189189189189189,0.035762181493071074,0.05005005005005005,0.04928432156790749,0.8101277394425948
The Point of It All                                                                                                                                                               - Fennesz                                         ,0.0960960960960961,0.1781781781781782,0.6341341341341341,0.129538753509806,0.0,0.24074074074074076,0.8489259200685132,0.9919126499771663,0.5825825825825826,0.05005005005005005,0.05734762895888215,0.12931682576649545
Lights On Water                                                                                                                                                                   - Pan-American                                    ,0.043043043043043044,0.06752601400912259,0.7217217217217218,0.0507305987516339,1.0,0.3376413570274638,0.8428428428428428,0.9004004004004005,0.2882882882882883,0.5385385385385385,0.07857857857857856,0.008522398848280462
Piano Aquieu                                                                                                                                                                      - Stars Of The Lid                                ,0.014014014014014014,0.0016452183856062725,0.4664664664664665,0.0030454994328467707,1.0,0.3993993993993994,0.944944944944945,0.9824824824824825,0.2677403041641452,0.05005005005005005,0.01001001001001001,0.012688996214635595
Moon Is Sharp                                                                                                                                                                     - Grouper                                         ,0.06506506506506507,0.13718010019983579,0.27127127127127126,0.06513084722667968,1.0,0.2602602602602603,0.970970970970971,0.9319319319319319,0.4169169169169169,0.05005005005005005,0.17917917917917917,0.01040655681817863
Triennale                                                                                                                                                                         - Brian Eno                                       ,0.10560560560560561,0.07507507507507508,0.8883883883883883,0.10823878898966596,0.0,0.3103103103103103,0.7213574229967672,0.8348348348348348,0.8508508508508509,0.5385385385385385,0.050649227014442515,0.06976402086792516
Goes By                                                                                                                                                                           - Emeralds                                        ,0.07257257257257257,0.31824582242409544,0.3918918918918919,0.2390608335440996,1.0,0.2932932932932933,0.8428428428428428,0.992992992992993,0.37887887887887883,0.5385385385385385,0.16116116116116116,0.08103155699725664
Atomos VII                                                                                                                                                                        - A Winged Victory for the Sullen                 ,0.012012012012012012,0.02838229919852518,0.16616616616616617,0.03470255832730535,1.0,0.3408408408408409,0.8678678678678678,0.8416748691978051,0.3073073073073073,0.05005005005005005,0.000882151521131011,0.1226327902443014
Dawn Chorus                                                                                                                                                                       - Jon Hopkins                                     ,0.22122122122122123,0.06606606606606606,0.27127127127127126,0.030381658380645722,1.0,0.15165165165165165,0.9154406772703302,0.9169169169169169,0.3868868868868869,0.5385385385385385,0.0737322490884667,0.12307892509419284
Essence                                                                                                                                                                           - Laraaji                                         ,0.023023023023023025,0.03323058340837874,0.0,0.05173200556829535,1.0,0.35985985985985985,0.9384384384384384,0.9534534534534534,0.05939272605939272,0.05005005005005005,0.005005005005005005,0.023438259813762918
Fib01a                                                                                                                                                                            - Keith Fullerton Whitman                         ,0.028528528528528527,0.0980980980980981,0.8883883883883883,0.021365827091656752,1.0,0.13313313313313313,0.9219219219219219,0.9189189189189189,0.2731380731380731,0.05005005005005005,0.026026026026026026,0.09952077892441497
Dissolving Clouds                                                                                                                                                                 - Biosphere                                       ,0.00158388649578077,0.03604957253010926,0.3383383383383384,0.01700778574092454,1.0,0.34684684684684686,0.9594594594594594,0.7917917917917918,0.4074074074074074,0.5385385385385385,0.0016782145774005505,0.03815833284681214
Space 11 (Invisible Pages Over)                                                                                                                                                   - Max Richter                                     ,0.026026026026026026,0.06395321795001338,0.6341341341341341,0.021019709429188793,0.0,0.32732732732732733,0.8618618618618619,0.8398398398398398,0.08308308308308308,0.5385385385385385,0.006843688372350799,0.8172416170029336
Water Memory 1                                                                                                                                                                    - Emily A. Sprague                                ,0.002121070842532029,0.04456648009293484,0.6341341341341341,0.019396214490248156,0.0,0.3138138138138138,0.9324324324324325,0.9962462462462462,0.36936936936936937,1.0,0.08526543878656555,0.010616624141696606
Jimmy V                                                                                                                                                                           - Mary Lattimore                                  ,0.28029079159935383,0.06559816413831013,0.4664664664664665,0.11989233032932649,0.0,0.35985985985985985,0.975975975975976,0.9259259259259259,0.47047047047047047,0.5385385385385385,0.04054054054054054,0.047327143959414494
A Sea Of Love                                                                                                                                                                     - Huerco S.                                       ,0.028528528528528527,0.07907907907907907,0.8883883883883883,0.01920147020142251,0.0,0.28978978978978975,0.8489259200685132,0.8583583583583583,0.36936936936936937,0.5385385385385385,0.15615615615615616,0.3243320987787628
unother                                                                                                                                                                           - Terekke                                         ,0.15865865865865864,0.06206928497803023,0.3918918918918919,0.015175181274810582,1.0,0.3138138138138138,0.9894894894894894,0.7927927927927928,0.24724724724724725,0.5385385385385385,0.03553553553553554,0.019589582588660188
FEET                                                                                                                                                                              - Hiroshi Yoshimura                               ,0.2197197197197197,0.006006006006006006,0.0,0.014623909020263443,1.0,0.26476476476476474,0.975975975975976,0.9214214214214214,0.14216943330867385,0.5385385385385385,0.11134538794113262,0.5347559585752971
Overture (For Other Halfs)                                                                                                                                                        - Brian McBride                                   ,0.02702702702702703,0.025373801401238474,0.6341341341341341,0.02257438036085527,1.0,0.3758758758758759,0.9089089089089089,0.9344344344344344,0.3963963963963964,0.5385385385385385,0.012345679012345671,0.8038828956797704
Mt Baker                                                                                                                                                                          - Kaitlyn Aurelia Smith                           ,0.36036036036036034,0.14614614614614616,0.16616616616616617,0.1297838268155566,0.0,0.38538538538538536,0.8998998998998999,0.9094094094094094,0.3353353353353353,0.5385385385385385,0.060317528747676284,0.5103386969058603
TWTGA                                                                                                                                                                             - Bing & Ruth                                     ,0.08308308308308308,0.061940432701598006,0.8883883883883883,0.014561425095342966,1.0,0.35485485485485485,0.944944944944945,0.997393979926731,0.4629629629629629,0.5385385385385385,0.12962962962962965,0.0165460104801914
Unreal                                                                                                                                                                            - Lawrence Lek                                    ,0.4289289289289289,0.18541409147095175,0.0,0.1051387924545397,1.0,0.07857857857857858,0.8338338338338338,0.705372038705372,0.17069427918484525,0.5385385385385385,0.09822904368358915,0.5086130505225074
Sad Ocean                                                                                                                                                                         - Chihei Hatakeyama                               ,0.013013013013013013,0.01712937796281166,0.8883883883883883,0.018988014185649944,1.0,0.43343343343343343,0.950950950950951,0.9967467467467467,0.2909087194801481,0.05005005005005005,0.007653502998731856,0.010840967885259472
Complex Heaven                                                                                                                                                                    - Brian Eno                                       ,0.07917016197270975,0.056329916537151574,0.8883883883883883,0.04005797667956247,1.0,0.24874874874874875,0.8968968968968969,0.8508508508508509,0.15115115115115116,0.05005005005005005,0.030736743810948736,0.9772598958660067
Diamond Cove (And Its Children Were Watching)                                                                                                                                     - Kyle Bobby Dunn                                 ,0.1091091091091091,0.005687918168321687,0.0,0.005191696339177795,0.0,0.3688688688688689,1.0,0.9993839993839994,0.37887887887887883,0.5385385385385385,0.004133816454911662,0.02209749729035068
Intransigence                                                                                                                                                                     - Hakobune                                        ,0.03003003003003003,0.12012012012012012,0.6341341341341341,0.031359083966240334,0.0,0.2527527527527528,0.827367659709466,0.7467467467467468,0.5115115115115114,0.5385385385385385,0.05153259269174139,0.1282313353966574
"Analog Paralysis, 1978                                                                                                                                                          - Tim Hecker                                      ",0.007084879501699095,0.10859003581895148,0.6341341341341341,0.09009009009009009,1.0,0.09109109109109109,0.8121403178565251,0.9614614614614614,0.4074074074074074,0.5385385385385385,0.09476227947494865,0.020420179214295377
Russian Snow                                                                                                                                                                      - Lucette Bourdin                                 ,0.07707707707707707,0.044196852888372586,0.0,0.02769238513066817,1.0,0.31731731731731727,0.9272444009286117,0.9614614614614614,0.2902902902902903,0.5385385385385385,0.011120481551387933,0.8099231108234769
Introspection                                                                                                                                                                     - Laraaji                                         ,0.004875849203747394,0.1041041041041041,0.8058058058058057,0.05409930887404593,0.0,0.19569569569569567,0.9129129129129129,0.9214214214214214,0.2032032032032032,0.5385385385385385,0.02702702702702703,0.019060476696528886
Stave Peak                                                                                                                                                                        - Loscil                                          ,0.0036397597945077424,0.05409337562586835,0.8883883883883883,0.020200784278947517,0.0,0.1866866866866867,0.8983983983983983,0.8263263263263263,0.4244244244244244,0.5385385385385385,0.005263603401694952,0.028901547063492492
Angle of List                                                                                                                                                                     - Loscil                                          ,0.024024024024024024,0.0025813994738162955,0.27127127127127126,0.008264304009874495,0.0,0.37287287287287285,0.8898898898898899,0.8113056153630128,0.27127127127127126,0.5385385385385385,0.009638400942748765,0.01505260591427297
Poa Alpina                                                                                                                                                                        - Biosphere                                       ,0.11611611611611611,0.025025025025025023,0.6341341341341341,0.005725776047921608,0.0,0.21921921921921922,0.8783783783783783,0.9679679679679679,0.5855855855855856,0.5385385385385385,0.14114114114114115,0.7171480707640309
Treefingers                                                                                                                                                                       - Radiohead                                       ,0.0516962843295638,0.0965965965965966,0.5445445445445445,0.05983938517081921,1.0,0.1886886886886887,0.8403403403403403,0.8788788788788788,0.3868868868868869,0.05005005005005005,0.06706706706706707,0.752449702266118
Yulquen                                                                                                                                                                           - Autechre                                        ,0.35621151973891696,0.07607607607607608,0.8058058058058057,0.012020257476616968,0.0,0.2877877877877878,0.8398398398398398,0.9719719719719719,0.4074074074074074,1.0,0.6376376376376376,0.8531624575504801
Late October - 2005 Digital Remaster                                                                                                                                              - Harold Budd                                     ,0.10010010010010009,0.00920755913812346,0.16616616616616617,0.009748071147392564,0.0,0.3288288288288288,0.9944944944944945,0.996996996996997,0.8508508508508509,0.5385385385385385,0.05166644358184981,0.5534699837452132
Pop 1                                                                                                                                                                             - GAS                                             ,0.004055606610786565,0.031934037688250594,0.4664664664664665,0.09144845656164827,1.0,0.27877877877877877,0.8888888888888888,0.9844844844844844,0.22122122122122123,0.05005005005005005,0.508008008008008,0.1013008938869839
4:14                                                                                                                                                                              - Global Communication                            ,0.2857857857857858,0.14664664664664664,0.27127127127127126,0.0855306547775386,1.0,0.16716716716716717,0.8963646989192492,0.8298298298298298,0.9782898940837198,0.5385385385385385,0.023023023023023025,0.8530456983610012
Submersible                                                                                                                                                                       - Oneohtrix Point Never                           ,0.050883383383383364,0.20020020020020018,0.27127127127127126,0.17019991249518693,1.0,0.4894894894894895,0.8663663663663663,0.8693693693693694,0.9119623425707077,0.5385385385385385,0.018206010888937717,0.4479755001920227
Harmony in Blue III                                                                                                                                                               - Tim Hecker                                      ,0.026026026026026026,0.15215215215215216,0.4664664664664665,0.036900305543931256,0.0,0.5575575575575575,0.7589385169456344,0.9074074074074074,0.7062062062062062,0.05005005005005005,0.05964268942217556,0.029151578285959944
Wisdom Eye                                                                                                                                                                        - Alice Coltrane                                  ,0.2982982982982983,0.02002002002002002,0.3918918918918919,0.014923250614068522,0.0,0.3153153153153153,0.944944944944945,0.8183183183183182,0.17317317317317318,1.0,0.1239427191191737,0.0854831281557108
Island No. 1                                                                                                                                                                      - Arooj Aftab                                     ,0.028528528528528527,0.1605797658123239,0.27127127127127126,0.04203874735640087,1.0,0.3638638638638638,0.9539539539539539,0.8983983983983983,0.23823823823823823,0.5385385385385385,0.08880837620333418,0.3121452115898062
Astrosat                                                                                                                                                                          - Applefish                                       ,0.05405405405405406,0.07907907907907907,0.3918918918918919,0.028407085110607543,0.0,0.39539539539539537,0.7787242097293204,0.7561804697156984,0.4169169169169169,0.5385385385385385,0.08028335301062571,0.14070608354397104
Undercurrent                                                                                                                                                                      - Windy & Carl                                    ,0.00672836146842263,0.1308769561196746,0.8058058058058057,0.0635945469493531,1.0,0.3483483483483483,0.8718718718718719,0.7984850830211654,0.3963963963963964,0.5385385385385385,0.13563563563563563,0.997635380209773
Andromeda                                                                                                                                                                         - Applefish                                       ,0.1091091091091091,0.10166872682323855,0.7217217217217218,0.08385397885591611,1.0,0.3288288288288288,0.9101200844973086,0.944944944944945,0.4169169169169169,0.5385385385385385,0.01901901901901902,0.02482735548589561
Music for 18 Musicians: Pulses                                                                                                                                                    - Steve Reich                                     ,0.5225225225225225,0.1903439728912759,0.8058058058058057,0.046037473170314,1.0,0.4994994994994995,0.9364364364364364,0.97997997997998,0.21621621621621623,0.5385385385385385,0.5113085621970921,0.39763181314656465
Foil                                                                                                                                                                              - Autechre                                        ,0.44994994994994997,0.19119119119119118,0.8058058058058057,0.12867896536037335,0.0,0.7782782782782782,0.7884551217884551,0.9754754754754755,0.516016016016016,0.5385385385385385,0.1981981981981982,0.5721142624275503
Rasch Und Mäßig Bewegt                                                                                                                                                            - Asmus Tietchens                                 ,0.007563615638298476,0.20053386720053384,1.0,0.02654929442842366,0.0,0.1366366366366366,0.9194194194194194,0.8128128128128128,0.8828828828828829,0.005005005005005005,0.26326326326326327,0.9552631478700426
A Rainbow in the Curved Air - Instrumental                                                                                                                                        - Terry Riley                                     ,0.08708708708708708,0.21621621621621623,0.27127127127127126,0.10578965963934762,1.0,0.44544544544544545,0.7845328565042468,0.7390368343734076,0.5115115115115114,0.5385385385385385,0.16466466466466467,0.9453901777188347
Illusion Of Time - Teodor Wolgers Rework                                                                                                                                          - Daniel Avery                                    ,0.23173173173173173,0.13404453836552593,0.7217217217217218,0.10368726068384769,1.0,0.12262262262262262,0.9894894894894894,0.992992992992993,0.138131426016987,0.5385385385385385,0.11811811811811812,0.4246669128319832
Plateau                                                                                                                                                                           - The Orb                                         ,0.11261261261261261,0.3793793793793794,1.0,0.15113524659426977,1.0,0.5445445445445445,0.3340340340340341,0.7097534674235942,0.8278278278278278,0.005005005005005005,0.0900178220368567,0.09187876377684358
Freeze                                                                                                                                                                            - Klaus Schulze                                   ,0.5615615615615616,0.11711711711711711,0.0,0.15951415027883442,0.0,0.0995995995995996,0.8103709770376436,0.3850391999165204,0.44494494494494496,0.5385385385385385,0.06609994907867248,0.23157777626515078
Forest Trails                                                                                                                                                                     - Windy & Carl                                    ,0.024529329733978537,0.12612612612612611,0.27127127127127126,0.1237838025113565,0.0,0.13463463463463465,0.8618618618618619,0.9484484484484484,0.7277277277277278,0.05005005005005005,0.0008550679217980415,0.8117958857873083
Hyperborea                                                                                                                                                                        - Biosphere                                       ,0.25725725725725723,0.08258258258258258,0.3383383383383384,0.03384990351140302,1.0,0.45545545545545546,0.786548294060815,0.8326359832635974,0.2012012012012012,0.05005005005005005,0.15615615615615616,0.6187027394484511
Saku                                                                                                                                                                              - Susumu Yokota                                   ,0.33433433433433435,0.10058113544926238,0.27127127127127126,0.09785488410950906,1.0,0.12762762762762764,0.8348348348348348,0.8598598598598598,0.44494494494494496,0.5385385385385385,0.15315315315315314,0.49143317173909234
Introspection (Edit)                                                                                                                                                              - Laraaji                                         ,0.010617613652220125,0.08408408408408408,0.8058058058058057,0.05602816949787231,0.0,0.11561561561561562,0.9029029029029029,0.7416881998277347,0.10960960960960961,0.05005005005005005,0.00888945151240234,0.07360199834669429
Quest                                                                                                                                                                             - Brian Hodgson                                   ,0.7352352352352352,0.1705141674181922,0.0,0.13745880601369795,1.0,0.37287287287287285,0.8338338338338338,0.8208208208208209,0.13552976812645323,0.5385385385385385,0.2927927927927928,0.6966438274232697
A Delicate Romance                                                                                                                                                                - John Foxx                                       ,0.028528528528528527,0.015921986866979813,0.0,0.007766414524438601,1.0,0.26226226226226224,0.950950950950951,0.8848848848848849,0.4074074074074074,0.5385385385385385,0.005780800195074828,0.8108345053845245
Beethoven 250                                                                                                                                                                     - A Winged Victory for the Sullen                 ,0.020838328823119732,0.14014014014014015,0.3918918918918919,0.05111933904410928,0.0,0.26976976976976974,0.8520339740724183,0.964964964964965,0.07657657657657657,0.05005005005005005,0.012679346012679353,0.19533291394099533
dlp 1.1                                                                                                                                                                           - William Basinski                                ,0.21171171171171171,0.05914267286279004,0.4664664664664665,0.011723731672986347,1.0,0.2817817817817818,0.933933933933934,0.9679679679679679,0.35235235235235235,1.0,0.08040141676505311,0.23423527772260333
Olancha Farewell                                                                                                                                                                  - Harold Budd                                     ,0.08608608608608609,0.00806630867980561,0.6341341341341341,0.007108512749708447,1.0,0.34984984984984985,0.9804804804804805,0.9279279279279279,0.36036036036036034,0.5385385385385385,0.06098215722036006,0.027213990998723438
Black White Felt                                                                                                                                                                  - Roedelius                                       ,0.001541527973246035,0.05155911659150577,0.6341341341341341,0.036332784921149025,1.0,0.25075075075075076,0.7778724209729315,0.7862862862862863,0.21871871871871873,0.5385385385385385,0.08099173553719008,0.008312950535137274
Delta Rain Dream                                                                                                                                                                  - Jon Hassell                                     ,0.4444444444444444,0.2922922922922923,0.5445445445445445,0.04093686443195858,1.0,0.4229229229229229,0.8888888888888888,0.8326359832635974,0.3433433433433434,0.05005005005005005,0.18118118118118118,0.07836125083580035
Ferrum                                                                                                                                                                            - Chihei Hatakeyama                               ,0.13463463463463465,0.10560560560560561,0.3383383383383384,0.04811134664075842,1.0,0.4134134134134134,0.9634634634634635,0.9054054054054055,0.28428428428428426,0.05005005005005005,0.11260839002774488,0.7573474735970843
LALISA                                                                                                                                                                            - LISA                                            ,0.9229229229229229,0.3973973973973974,0.7217217217217218,0.6197449800308018,1.0,0.7137137137137137,0.3783783783783784,0.47163007551647307,0.45545545545545546,0.5385385385385385,0.9079497907949786,0.8651592479509546
The Real                                                                                                                                                                          - ATEEZ                                           ,0.6216216216216216,0.6226226226226226,0.0,0.9239239239239239,0.0,0.16216216216216217,0.405818516929628,0.2853845219292917,0.936173578158311,0.5385385385385385,0.4209209209209209,0.3509398912020635
The Feels                                                                                                                                                                         - TWICE                                           ,0.9284284284284283,0.7652652652652652,0.8058058058058057,0.9883631344559997,1.0,0.6285203397407242,0.4935105067985167,0.0,0.1720516962843296,0.5385385385385385,0.9529529529529529,0.5186464284699124
GOT MY NUMBER                                                                                                                                                                     - Monsta X                                        ,0.8293293293293293,0.24624624624624625,0.8058058058058057,0.6807556080283352,1.0,0.7207207207207207,0.45345345345345345,0.2807537266996727,0.5115115115115114,0.5385385385385385,0.5985985985985985,0.2459710715974243
SCIENTIST                                                                                                                                                                         - TWICE                                           ,0.8998998998998999,0.6846846846846847,1.0,0.9174591180701159,1.0,0.5935935935935935,0.4350625683392055,0.0,0.5025025025025025,0.5385385385385385,0.7247247247247247,0.4381552242246522
LOCO                                                                                                                                                                              - ITZY                                            ,0.8693693693693694,0.7367367367367368,0.16616616616616617,0.959270859007346,1.0,0.9049049049049049,0.3171171171171171,0.35359006208899213,0.8563563563563563,0.5385385385385385,0.5795795795795796,0.3171966662171768
MONEY                                                                                                                                                                             - LISA                                            ,0.9434434434434434,0.304812951303287,0.16616616616616617,0.30389822471270433,0.0,0.94994994994995,0.5665665665665666,0.3747603299502033,0.5405405405405406,0.5385385385385385,0.4844844844844845,0.8018955646513148
SWIPE                                                                                                                                                                             - ITZY                                            ,0.8943943943943944,0.5275275275275275,0.16616616616616617,0.8656434474616295,1.0,0.4904904904904905,0.2350364675946071,0.0,0.6836836836836837,0.5385385385385385,0.7397397397397397,0.2436000356792443
Goosebumps                                                                                                                                                                        - ONF                                             ,0.8753753753753755,0.6406406406406406,0.16616616616616617,0.6397783592905545,1.0,0.473973973973974,0.34705690296744607,0.0,0.4824824824824825,0.5385385385385385,0.9469469469469469,0.459205464410409
XOXO                                                                                                                                                                              - JEON SOMI                                       ,0.7772772772772774,0.35535535535535534,0.3918918918918919,0.6069915379703835,1.0,0.08458458458458458,0.46832590430151405,0.0,0.5325325325325325,0.5385385385385385,0.6136136136136137,0.8357563301944223
Christmas EveL                                                                                                                                                                    - Stray Kids                                      ,0.9774063860945826,0.5635635635635635,0.4664664664664665,0.920029918819931,0.0,0.8903903903903905,0.4198229706704283,0.0,0.9281119354648762,0.5385385385385385,0.9344344344344344,0.7978902619679322
"Red Light, Green Light                                                                                                                                                          - T1419                                           ",0.6681681681681682,0.8128128128128128,0.3918918918918919,0.9298033823955123,0.0,0.9539564527083249,0.535035035035035,0.0,0.043498309580180916,0.5385385385385385,0.6796796796796797,0.9011733305662044
Favorite (Vampire)                                                                                                                                                                - NCT 127                                         ,0.537037037037037,0.5290290290290289,0.4664664664664665,0.9051003205138544,0.0,0.41041041041041043,0.21692832712725357,0.2822822822822823,0.5880880880880881,0.5385385385385385,0.2247247247247247,0.8620576891679061
Butter (feat. Megan Thee Stallion)                                                                                                                                                - BTS                                             ,0.8293293293293293,0.3353353353353353,0.7217217217217218,0.786453119786453,1.0,0.8498498498498499,0.25832292967124426,0.0,0.3868868868868869,0.5385385385385385,0.8368328448089167,0.40152106419995004
DUMB DUMB                                                                                                                                                                         - JEON SOMI                                       ,0.9614853448099385,0.4944944944944945,0.27127127127127126,0.6036036036036035,1.0,0.4274274274274274,0.362527592364617,0.4200708382526564,0.12437493757823845,0.5385385385385385,0.4904904904904905,0.3287639363932791
Lover Like Me                                                                                                                                                                     - CL                                              ,0.7402402402402402,0.3793793793793794,0.16616616616616617,0.8875382467052706,1.0,0.5695695695695696,0.29014307797658917,0.2944110212698983,0.7377377377377378,0.5385385385385385,0.5415415415415415,0.89468107435383
I'm Gonna Love You                                                                                                                                                                - D.O.                                            ,0.47097097097097096,0.2277277277277277,0.0,0.7252252252252251,0.0,0.9329329329329329,0.7117117117117117,0.0,0.7746284746284747,0.5385385385385385,0.5885885885885885,0.9961066382941084
My Universe                                                                                                                                                                       - Coldplay                                        ,0.5790790790790791,0.45645645645645644,0.8058058058058057,0.6056674692282014,1.0,0.2727727727727728,0.3013013013013013,0.0,0.6996996996996997,0.5385385385385385,0.5280280280280281,0.35235235235235235
Queendom                                                                                                                                                                          - Red Velvet                                      ,0.7625201938610662,0.7542542542542543,0.4664664664664665,0.9974020226715811,1.0,0.6910492582134372,0.5795795795795796,0.0,0.07707707707707707,0.5385385385385385,0.5913105329951983,0.5101728594265915
Deja Vu                                                                                                                                                                           - ATEEZ                                           ,0.7577577577577578,0.647147147147147,0.5445445445445445,0.7847847847847848,0.0,0.5615615615615616,0.4397404202719406,0.0,0.5365365365365365,0.5385385385385385,0.6466466466466466,0.07919465595214653
Tie a Cherry                                                                                                                                                                      - CL                                              ,0.8448448448448449,0.5510510510510511,0.8883883883883883,0.8089684002547073,0.0,0.6686686686686687,0.47523319981590095,0.35633038227848607,0.6341341341341342,0.5385385385385385,0.7042042042042043,0.8950694303447911
Thunderous                                                                                                                                                                        - Stray Kids                                      ,0.6166166166166166,0.572072072072072,0.16616616616616617,0.9197806829385777,1.0,0.9579579579579579,0.6076076076076076,0.0,0.7142142142142143,0.5385385385385385,0.8483483483483483,0.9420083382036648
ALL IN                                                                                                                                                                            - Stray Kids                                      ,0.8304679919230016,0.6451451451451451,0.0,0.6889389389389389,1.0,0.973973973973974,0.4127053239531271,0.0,0.05266196975231001,0.5385385385385385,0.8378378378378378,0.796890132148817
Favorite (Vampire)                                                                                                                                                                - NCT 127                                         ,0.537037037037037,0.5290290290290289,0.4664664664664665,0.9051003205138544,0.0,0.41041041041041043,0.21692832712725357,0.2822822822822823,0.5880880880880881,0.5385385385385385,0.2247247247247247,0.8620576891679061
Permission to Dance                                                                                                                                                               - BTS                                             ,0.7747747747747747,0.505005005005005,0.8058058058058057,0.7438348931376003,1.0,0.3228228228228228,0.2822822822822823,0.0,0.8724910669183115,0.5385385385385385,0.7222222222222222,0.5814892996806447
Rock with you                                                                                                                                                                     - SEVENTEEN                                       ,0.6306306306306306,0.6156156156156156,1.0,0.7521088689005919,1.0,0.7707707707707707,0.5022607814485988,0.0,0.5365365365365365,0.5385385385385385,0.7637637637637638,0.9129107505386985
Heart                                                                                                                                                                             - msftz                                           ,0.7997997997997998,0.31431431431431434,0.7217217217217218,0.7047047047047047,1.0,0.8223223223223224,0.7987987987987988,0.0,0.9320140967920446,0.5385385385385385,0.6936936936936937,0.23022520915779351
5th Season (SSFWL)                                                                                                                                                                - OH MY GIRL                                      ,0.53003003003003,0.7497497497497497,1.0,0.9704350672573115,0.0,0.43343343343343343,0.7170503837170503,0.0,0.972450112657532,0.5385385385385385,0.6178981575235178,0.6038965214222947
Right Through Me                                                                                                                                                                  - DAY6 (Even of Day)                              ,0.6541541541541542,0.5355355355355356,0.7217217217217218,0.9359737577451099,1.0,0.6046046046046046,0.575075075075075,0.0,0.7867464005792534,0.5385385385385385,0.9009009009009009,0.9629748783080624
BEcause                                                                                                                                                                           - Dreamcatcher                                    ,0.52002002002002,0.8278278278278278,0.3918918918918919,0.9720790154316166,0.0,0.6941941941941943,0.34919653893695923,0.0,0.8788788788788788,0.5385385385385385,0.5340340340340339,0.9308672314557324
US                                                                                                                                                                                - Moon Jong Up                                    ,0.8883883883883883,0.3263263263263263,0.8058058058058057,0.8494806401308493,1.0,0.9713902548055431,0.5925925925925926,0.0,0.7062062062062062,0.5385385385385385,0.7877877877877878,0.3026304145457579
Feel Special                                                                                                                                                                      - TWICE                                           ,0.7872872872872874,0.8938938938938938,0.16616616616616617,0.996994694719187,1.0,0.5425425425425425,0.38755920099203683,0.4997879960473477,0.36936936936936937,0.5385385385385385,0.7207207207207207,0.6916027169733686
Eternal Sunshine                                                                                                                                                                  - ATEEZ                                           ,0.7272272272272272,0.6931931931931932,0.6341341341341341,0.7974025974025973,0.0,0.1921921921921922,0.3675336438274669,0.0,0.7837837837837838,0.5385385385385385,0.6076076076076076,0.40565738323905004
Go or Stop?                                                                                                                                                                       - SUNMI                                           ,0.7512512512512513,0.8808808808808809,1.0,0.9620013782713914,1.0,0.6825437506471986,0.29457823669528177,0.290909178549628,0.5595595595595595,0.5385385385385385,0.8578578578578578,0.6270017279482236
ONLY                                                                                                                                                                              - LeeHi                                           ,0.4964964964964965,0.16316316316316315,0.4664664664664665,0.48793774319066147,1.0,0.15565565565565564,0.871522099224093,0.0,0.2085418752085419,0.05005005005005005,0.18768768768768768,0.5565442913598042
Alcohol-Free                                                                                                                                                                      - TWICE                                           ,0.7492492492492493,0.7777777777777778,0.7217217217217218,0.9905265438213678,1.0,0.5575575575575575,0.4326775755347184,0.25737575470956203,0.0970970970970971,0.5385385385385385,0.7702702702702702,0.26326767796717193
Next Level                                                                                                                                                                        - aespa                                           ,0.9379379379379379,0.6736736736736737,1.0,0.9791533259507019,0.0,0.8948948948948949,0.728991402750268,0.3093255675367853,0.23523523523523523,0.5385385385385385,0.8823823823823824,0.39286147953185274
SPICY                                                                                                                                                                             - CL                                              ,0.4194194194194194,0.46546546546546547,0.5445445445445445,0.509573247862168,0.0,0.965965965965966,0.31290443339216,0.3917293952495686,0.9209209209209209,0.5385385385385385,0.7862862862862863,0.9722072286219584
FLEX                                                                                                                                                                              - T1419                                           ,0.6306306306306306,0.7872872872872874,0.16616616616616617,0.9833130224009702,0.0,0.45145145145145144,0.34134134134134136,0.0,0.7964936325020066,0.5385385385385385,0.6226226226226226,0.2938479174627438
Popping                                                                                                                                                                           - ONF                                             ,0.9309309309309309,0.6606606606606606,1.0,0.8232409704289277,0.0,0.7112112112112112,0.32732732732732733,0.0,0.024879672975687193,0.5385385385385385,0.8878878878878879,0.5255578563517455
Billy Poco                                                                                                                                                                        - ENHYPEN                                         ,0.995391977924729,0.6126126126126126,0.0,0.8597677845087408,1.0,0.45545545545545546,0.4056225537707019,0.40227127786681766,0.04104104104104104,0.5385385385385385,0.9874874874874875,0.7569630623869219
Hey Tayo - Tayo Opening Theme Song                                                                                                                                                - ENHYPEN                                         ,0.8988988988988988,0.4189189189189189,0.7217217217217218,0.8542555007446049,1.0,0.07007007007007007,0.5251499153938177,0.0,0.04654654654654653,0.5385385385385385,0.8198198198198198,0.45845845845845845
Hot Sauce                                                                                                                                                                         - NCT DREAM                                       ,0.8773773773773774,0.8128128128128128,0.5445445445445445,0.9939088780552195,1.0,0.6596596596596597,0.32682882284078696,0.0,0.8033033033033032,0.5385385385385385,0.6326326326326326,0.2998771260428126
God’s Menu                                                                                                                                                                        - Stray Kids                                      ,0.7512512512512513,0.5510510510510511,0.4664664664664665,0.9259075327111829,1.0,0.49199199199199195,0.29851523476817654,0.0,0.9576825891278877,0.5385385385385385,0.5615615615615616,0.8924810494073238
After School                                                                                                                                                                      - Weeekly                                         ,0.6586586586586587,0.8173173173173174,0.16616616616616617,0.9941579998077174,1.0,0.45545545545545546,0.2951112289135954,0.2777405579531915,0.07707707707707707,0.5385385385385385,0.8048048048048048,0.9137934912659468
Hello Future                                                                                                                                                                      - NCT DREAM                                       ,0.5125125125125125,0.597097097097097,0.16616616616616617,0.9859121614454612,1.0,0.46850328589459017,0.37537537537537535,0.0,0.4314314314314314,0.5385385385385385,0.5835835835835835,0.9304792084330332
Make it                                                                                                                                                                           - 2PM                                             ,0.8255250403877221,0.41004184100418417,0.16616616616616617,0.8550250645512244,0.0,0.8143143143143143,0.5865865865865866,0.0,0.3963963963963964,0.5385385385385385,0.8188188188188188,0.18408763834616718
Mixtape : OH                                                                                                                                                                      - Stray Kids                                      ,0.8393393393393394,0.4344344344344344,1.0,0.8520340012143292,0.0,0.6106106106106106,0.5975975975975976,0.0,0.5855855855855856,0.5385385385385385,0.7087087087087087,0.138135110001602
Butter                                                                                                                                                                            - BTS                                             ,0.8628628628628628,0.23567349003477311,0.7217217217217218,0.7572739483561591,1.0,0.7337337337337337,0.2602602602602603,0.0,0.23323323323323322,0.5385385385385385,0.7647647647647647,0.403362640889756
GAMBLER                                                                                                                                                                           - Monsta X                                        ,0.8523523523523524,0.6891891891891893,1.0,0.9738558103981022,0.0,0.8743743743743744,0.27613176136501283,0.30856986042703566,0.6116116116116116,0.5385385385385385,0.6746746746746747,0.27110329507589803
SHE'S THE ONE                                                                                                                                                                     - Monsta X                                        ,0.6466466466466466,0.3233233233233233,0.0,0.6027663631481448,1.0,0.6376376376376376,0.6406406406406406,0.0,0.35235235235235235,0.5385385385385385,0.5985985985985985,0.914154216331451
Maschen-Draht-Zaun (Radio Edit)                                                                                                                                                   - Stefan Raab                                     ,0.9104104104104105,0.27227227227227224,0.3918918918918919,0.39034010175979084,1.0,0.424119802253507,0.7577577577577578,0.0,0.8703703703703705,1.0,0.7797797797797797,0.4391063413409782
"Irgendwie, irgendwo, irgendwann - Live                                                                                                                                          - Jan Delay                                       ",0.5475475475475475,0.507007007007007,0.7217217217217218,0.6741543658704371,0.0,0.33183183183183185,0.481148429035753,0.0,0.9982331922694723,0.5385385385385385,0.8108108108108109,0.06732269051167807
Weinst Du                                                                                                                                                                         - Echt                                            ,0.33183183183183185,0.25766625521226744,0.4664664664664665,0.27480111690638004,1.0,0.0945945945945946,0.7274774774774775,0.0,0.9515240350853906,0.5385385385385385,0.2752752752752753,0.6988045903080929
Immer wieder                                                                                                                                                                      - Laura                                           ,0.6766766766766766,0.3913913913913914,0.8058058058058057,0.4474564573574474,1.0,0.2932932932932933,0.3041533037388819,0.38649551053557735,0.29929929929929927,0.5385385385385385,0.6626626626626626,0.8516406641852114
Adler sollen fliegen                                                                                                                                                              - Pur                                             ,0.40040040040040037,0.40540540540540543,0.6341341341341341,0.7447466007416563,1.0,0.1016016016016016,0.6627976753545058,0.3971350642487982,0.9054054054054055,0.5385385385385385,0.30430430430430433,0.7593776872052483
So bist Du - Radio Edit                                                                                                                                                           - Oli. P                                          ,0.7377377377377378,0.6156156156156156,1.0,0.8387880512091038,1.0,0.0895895895895896,0.4124124124124124,0.25039260817703934,0.933933933933934,0.5385385385385385,0.6186186186186187,0.13244087229887472
Mein Stern - Remix 2010 by DJ Size & RocFam                                                                                                                                       - Ayman                                           ,0.7637637637637638,0.7687687687687688,0.8058058058058057,0.8951984310915864,1.0,0.025025025025025023,0.6656656656656657,0.5099589609752584,0.2172172172172172,0.5385385385385385,0.6056056056056056,0.40646666396965464
Anton aus Tirol                                                                                                                                                                   - Anton                                           ,0.8393393393393394,0.8998998998998999,1.0,0.728976083766947,0.0,0.6036036036036035,0.4157439305271105,0.0,0.9965050457614146,0.5385385385385385,0.9429429429429429,0.756718047352489
Das Boot                                                                                                                                                                          - U96                                             ,0.6656656656656657,0.7387387387387387,0.8883883883883883,0.4666254635352288,0.0,0.5925925925925926,0.34034034034034033,0.6195979697802299,0.8758758758758759,0.5385385385385385,0.4269269269269269,0.5541557237561286
Ich vermiss' Dich... (wie die Hölle) - Radio Mix                                                                                                                                  - Zlatko                                          ,0.9623430962343116,0.7572572572572573,0.6341341341341341,0.9197110644479066,1.0,0.1366366366366366,0.4150076682186774,0.0,0.8578578578578578,0.5385385385385385,0.7072072072072072,0.7303586381371489
Großer Bruder - Single Mix                                                                                                                                                        - Zlatko                                          ,0.7457457457457457,0.9109109109109109,0.0,0.9290538508527265,1.0,0.6025810335310828,0.2777769275221059,0.2876070431918001,0.8413413413413413,0.5385385385385385,0.9735354026692608,0.7822241981370714
Junimond                                                                                                                                                                          - Echt                                            ,0.49099099099099097,0.3233233233233233,0.5445445445445445,0.3807083480996522,1.0,0.011011011011011011,0.2811481916304325,0.48545535827089226,0.14014014014014015,0.5385385385385385,0.3258258258258258,0.10608825176824555
"Türlich, Türlich (sicher, Dicker)                                                                                                                                               - Das Bo                                          ",0.8883883883883883,0.3683683683683684,0.5445445445445445,0.2846160137400834,0.0,0.8428428428428428,0.4357452270174876,0.31699526481556434,0.4314314314314314,0.5385385385385385,0.7237237237237237,0.8029906970419592
Zeig mir dein Gesicht - Radio Edit                                                                                                                                                - BERGER                                          ,0.5940940940940941,0.8778778778778779,0.6341341341341341,0.9476864715182471,0.0,0.28378378378378377,0.24924924924924924,0.253444537655064,0.9239239239239239,0.5385385385385385,0.45245245245245247,0.5145228215767627
Es ist geil ein Arschloch zu sein - Radio Version                                                                                                                                 - Christian                                       ,0.7292292292292293,0.7452452452452452,0.5445445445445445,0.684807117423199,0.0,0.8338338338338338,0.46964412900405883,0.0,0.8798798798798799,0.5385385385385385,0.9674674674674675,0.9229572973761261
Im Osten                                                                                                                                                                          - Niemann                                         ,0.7377377377377378,0.7672672672672673,0.3918918918918919,0.5852012814859288,1.0,0.989086946748237,0.7255955520106464,0.0,0.572072072072072,0.5385385385385385,0.8548548548548548,0.9509252620645099
Wenn Das Liebe Ist (Live)                                                                                                                                                         - Glashaus                                        ,0.16816816816816815,0.10135970333745364,0.4664664664664665,0.09242251708411546,1.0,0.04854854854854855,0.8221988957283076,0.5118786861030298,0.9119623425707077,0.5385385385385385,0.21371371371371373,0.2371359338091236
Schwule Mädchen                                                                                                                                                                   - Fettes Brot                                     ,0.9522856189522856,0.6116116116116116,0.0,0.8568568568568569,1.0,0.9459459459459459,0.3562157336055923,0.0,0.24124124124124124,0.5385385385385385,0.8408408408408409,0.8004657054314585
Deutschland - Radio Mix                                                                                                                                                           - Die Prinzen                                     ,0.503003003003003,0.7617617617617618,0.7217217217217218,0.9019546985648681,1.0,0.6256256256256256,0.6462035541195479,0.0,0.07835218093699513,0.5385385385385385,0.9269269269269269,0.9782658437101838
Weck mich auf                                                                                                                                                                     - Samy Deluxe                                     ,0.936173578158311,0.3883883883883884,0.27127127127127126,0.5546635182998819,1.0,0.954954954954955,0.6501501501501501,0.0,0.06806806806806806,0.5385385385385385,0.7022022022022022,0.22493193830773447
Es könnt' ein Anfang sein - Radio Edit                                                                                                                                            - Rosenstolz                                      ,0.8598598598598599,0.41004184100418417,0.8058058058058057,0.708869138848392,1.0,0.03203203203203203,0.515015015015015,0.4760404907135962,0.496996996996997,0.5385385385385385,0.7277958929078328,0.30836509414067714
Engel (feat. Gim) - Radio Edit                                                                                                                                                    - Ben                                             ,0.5890890890890891,0.5145145145145145,0.8883883883883883,0.44144144144144143,0.0,0.94994994994995,0.6934095385708289,0.0,0.6656656656656657,0.5385385385385385,0.5340340340340339,0.21605614786736269
Cruisen                                                                                                                                                                           - Massive Töne                                    ,0.8208208208208209,0.5613856430688113,0.27127127127127126,0.6594116707068514,1.0,0.9089089089089089,0.33768698768698774,0.0,0.19169169169169165,0.5385385385385385,0.7022022022022022,0.2245780812659806
Mensch                                                                                                                                                                            - Herbert Grönemeyer                              ,0.7422422422422423,0.565065065065065,1.0,0.7100963657560186,0.0,0.6666666666666666,0.3794781247412826,0.4919042852376186,0.14564564564564564,0.5385385385385385,0.9154406772703302,0.953589495903076
Herz aus Glas - Radio Edit                                                                                                                                                        - Ben                                             ,0.7747747747747747,0.38038038038038036,1.0,0.7437437437437437,0.0,0.009009009009009009,0.5445445445445445,0.0,0.05405405405405406,0.5385385385385385,0.7877877877877878,0.2745063821968668
Der Weg                                                                                                                                                                           - Herbert Grönemeyer                              ,0.2902902902902903,0.1395667456447273,0.4664664664664665,0.2689842336398157,1.0,0.23023023023023023,0.8868868868868869,0.3959681330815351,0.4629629629629629,0.005005005005005005,0.24274274274274274,0.8184594331725279
Gebt Das Hanf Frei (Radio Edit)                                                                                                                                                   - Stefan Raab feat. Shaggy                        ,0.9672764050357412,0.7257257257257257,0.27127127127127126,0.615595778934617,1.0,0.8918918918918919,0.6611611611611612,0.0,0.9059059059059059,0.5385385385385385,0.8538538538538538,0.15586551632743484
Leuchtturm                                                                                                                                                                        - Nena                                            ,0.4159159159159159,0.7917917917917918,0.0,0.5677485521235522,1.0,0.8118118118118118,0.3513646980313646,0.40040732663926015,0.9509061927141024,0.5385385385385385,0.6036036036036035,0.5467427166167977
Für Dich                                                                                                                                                                          - Yvonne Catterfeld                               ,0.6541541541541542,0.2698917691347669,0.0,0.7447466007416563,1.0,0.014014014014014014,0.8098098098098098,0.0,0.7022022022022022,0.5385385385385385,0.35735735735735735,0.40782657987841825
Ich denk an dich                                                                                                                                                                  - Pur                                             ,0.7037037037037037,0.3103103103103103,0.3918918918918919,0.503691546256813,1.0,0.48148148148148145,0.5096930533117934,0.3822349180439366,0.19019019019019018,0.5385385385385385,0.7757757757757757,0.975991215261447
Ab in den Süden                                                                                                                                                                   - Buddy                                           ,0.8508508508508509,0.7322322322322322,0.4664664664664665,0.96159724875812,1.0,0.18159255954067272,0.5510510510510511,0.0,0.9269269269269269,0.5385385385385385,0.998998998998999,0.08845811553805032
Ich bin jung und brauche das Geld (feat. G-Style)                                                                                                                                 - Eko Fresh                                       ,0.7422422422422423,0.4344344344344344,0.8883883883883883,0.5058056674026256,0.0,0.8688688688688688,0.691358024691358,0.0,0.35235235235235235,0.5385385385385385,0.7844239886493407,0.1916820068537466
Du hast mein Herz gebrochen                                                                                                                                                       - Yvonne Catterfeld                               ,0.36536536536536535,0.40040040040040037,0.4664664664664665,0.9027843773606485,1.0,0.21921921921921922,0.7341234877909694,0.0,0.7397397397397397,0.5385385385385385,0.48648648648648646,0.8666942460362974
Augen auf!                                                                                                                                                                        - OOMPH!                                          ,0.7732732732732732,0.8403403403403403,0.16616616616616617,0.940542123498416,0.0,0.1921921921921922,0.18218218218218218,0.0,0.0961042949129323,0.5385385385385385,0.7397397397397397,0.7040687746570107
Lebt denn dr alte Holzmichl noch?                                                                                                                                                 - De Randfichten                                  ,0.8208208208208209,0.5545545545545546,0.0,0.5767197833671821,1.0,0.6980338321514792,0.6210104841683789,0.0,0.977708997789319,0.05005005005005005,0.7307307307307307,0.6740055545676119
Liebe ist alles                                                                                                                                                                   - Rosenstolz                                      ,0.5805805805805806,0.3063063063063063,0.8058058058058057,0.46769158548357537,0.0,0.001878571464538187,0.632132132132132,0.3016081020091509,0.8673673673673674,0.5385385385385385,0.2782782782782783,0.16620118569138814
Troy                                                                                                                                                                              - Die Fantastischen Vier                          ,0.9294294294294294,0.572072072072072,0.0,0.6854866191219532,1.0,0.7541732168410021,0.38538538538538536,0.4305888158647346,0.9019019019019019,0.5385385385385385,0.7377377377377378,0.58753232385771
Wir sind wir - Radio Edit                                                                                                                                                         - Paul van Dyk                                    ,0.6231231231231231,0.44644644644644643,0.8058058058058057,0.4114114114114114,1.0,0.25875875875875876,0.3153153153153153,0.2883198217309375,0.24424424424424424,0.5385385385385385,0.2077077077077077,0.20691631639281682
Durch die Nacht                                                                                                                                                                   - Silbermond                                      ,0.45645645645645644,0.4797677221055696,0.27127127127127126,0.6301344356310282,1.0,0.060560560560560556,0.2623362644220118,0.3661469206604025,0.6601601601601601,0.5385385385385385,0.4089498269249217,0.7977977977977978
Perfekte Welle                                                                                                                                                                    - Juli                                            ,0.7187187187187187,0.3793793793793794,0.16616616616616617,0.6973470113063257,1.0,0.07207207207207207,0.2684382640183745,0.3803147622482012,0.5630630630630631,0.5385385385385385,0.4174174174174174,0.429142962841415
Willkommen                                                                                                                                                                        - Rosenstolz                                      ,0.5910910910910911,0.436995153473344,1.0,0.6656526548672567,1.0,0.11311311311311312,0.3770487543080379,0.45474517969991735,0.09533817348108521,0.5385385385385385,0.5635635635635635,0.5794665053561557
Symphonie                                                                                                                                                                         - Silbermond                                      ,0.45145145145145144,0.2277277277277277,0.8883883883883883,0.3626348861950957,1.0,0.2057057057057057,0.7667253738050198,0.36536536536536535,0.8148148148148149,0.5385385385385385,0.3319870759289177,0.05308589336925368
Sag mir - was meinst du? - Radio Version                                                                                                                                          - Yvonne Catterfeld                               ,0.8268268268268268,0.4044044044044044,1.0,0.7752178749748476,1.0,0.1886886886886887,0.7138442521631644,0.0,0.9695557197628448,0.5385385385385385,0.7887887887887888,0.3170816013493574
Das Spiel                                                                                                                                                                         - Annett Louisan                                  ,0.6876876876876877,0.23567349003477311,0.8883883883883883,0.3043461803512055,1.0,0.0945945945945946,0.811807413068399,0.5415415415415415,0.4169169169169169,0.05005005005005005,0.8198198198198198,0.8207829660343626
Geile Zeit                                                                                                                                                                        - Juli                                            ,0.6466466466466466,0.5445445445445445,0.8058058058058057,0.8573573573573574,0.0,0.0022602448945603167,0.42609275942609276,0.36774258614058364,0.4314314314314314,0.5385385385385385,0.25225225225225223,0.3824065902272878
Schnappi - Kairo Pop Mix                                                                                                                                                          - Schnappi                                        ,0.9712905409668612,0.9829829829829829,0.6341341341341341,0.5974557031258061,1.0,0.34234234234234234,0.342425069697797,0.6058315844631168,0.22672672672672672,0.5385385385385385,0.9974152474152476,0.7147278487148353
Schwarz Auf Weiß                                                                                                                                                                  - Max Mutzke                                      ,0.8558558558558559,0.21921921921921922,0.3918918918918919,0.3716758165913169,0.0,0.9426761563325439,0.6526526526526526,0.0,0.6891891891891893,0.5385385385385385,0.5032310177705976,0.012062002669723544
Glaub an mich - Single Version                                                                                                                                                    - Yvonne Catterfeld                               ,0.6036036036036035,0.3123123123123123,0.4664664664664665,0.7497497497497497,1.0,0.08208208208208209,0.7860713086088712,0.0,0.5965965965965966,0.5385385385385385,0.35435435435435436,0.7003869397243985
Emanuela                                                                                                                                                                          - Fettes Brot                                     ,0.9873873873873873,0.48348348348348347,0.16616616616616617,0.6657674871679593,1.0,0.46025104602510414,0.4452721952721953,0.0,0.9059059059059059,0.5385385385385385,0.9696021457308895,0.6412784398699891
Kommt meine Liebe nicht bei dir An - Single Version                                                                                                                               - Lukas Hilbert                                   ,0.5105105105105106,0.3758758758758759,1.0,0.5107758436039463,1.0,0.12262262262262262,0.7654473773097007,0.0,0.43843843843843844,0.5385385385385385,0.6586586586586587,0.7988131199774012
Liebe ist                                                                                                                                                                         - Nena                                            ,0.4574574574574575,0.3858858858858859,0.0,0.8615114235500879,1.0,0.007007007007007007,0.5510510510510511,0.0,0.3278278278278278,0.5385385385385385,0.3983983983983984,0.12088972716951697
Zeit für Optimisten                                                                                                                                                               - Silbermond                                      ,0.5015015015015015,0.934934934934935,0.4664664664664665,0.8635097627020744,1.0,0.9049049049049049,0.5646292359775505,0.0,0.3433433433433434,0.5385385385385385,0.4444444444444444,0.26338896092030156
Du erinnerst mich an Liebe                                                                                                                                                        - Ich + Ich                                       ,0.6891891891891893,0.33433433433433435,0.6341341341341341,0.6379525358692025,0.0,0.014014014014014014,0.5205205205205206,0.5802152837769277,0.632132132132132,0.5385385385385385,0.5095095095095095,0.6047014464735986
NDW 2005                                                                                                                                                                          - Fler                                            ,0.6441441441441442,0.5325325325325325,0.3918918918918919,0.9127353268381788,0.0,0.985229060700759,0.5085085085085085,0.0,0.6926926926926927,0.5385385385385385,0.8451882845188295,0.9018820032849959
Ich lebe - Radio Version                                                                                                                                                          - Christina Stürmer                               ,0.535035035035035,0.56006006006006,0.3918918918918919,0.9307487151874907,0.0,0.19569569569569567,0.3737147966025927,0.0,0.5445445445445445,0.5385385385385385,0.19569569569569567,0.6889081787703945
Willst Du mit mir gehn                                                                                                                                                            - Nena                                            ,0.8363363363363363,0.5135135135135135,1.0,0.7699085237589468,0.0,0.13313313313313313,0.515015015015015,0.5173745173745173,0.5965965965965966,0.5385385385385385,0.5225225225225225,0.7042807513395734
Das alles ändert nichts daran - Radio Version                                                                                                                                     - Maya Saban                                      ,0.5135135135135135,0.48098098098098097,0.27127127127127126,0.6889389389389389,0.0,0.34234234234234234,0.7277277277277278,0.0,0.2882882882882883,0.5385385385385385,0.3563563563563564,0.7966023828863931
Die Eine 2005                                                                                                                                                                     - Die Firma                                       ,0.9319319319319319,0.3150501494872356,0.27127127127127126,0.610248546418759,1.0,0.9379379379379379,0.4264264264264264,0.0,0.4629629629629629,0.5385385385385385,0.5710823909531503,0.22699192301030113
Durch den Monsun                                                                                                                                                                  - Tokio Hotel                                     ,0.637137137137137,0.3898898898898899,0.3918918918918919,0.7659065517130034,0.0,0.11161161161161161,0.47347347347347346,0.0,0.7177177177177178,0.5385385385385385,0.23012552301255204,0.4257409947593993
Dienen - Single Version                                                                                                                                                           - Ich + Ich                                       ,0.8048048048048048,0.6326326326326326,1.0,0.7176669257627067,0.0,0.3868868868868869,0.3353353353353353,0.3942594051487725,0.7407407407407407,0.5385385385385385,0.32232232232232233,0.15251778792795853
Engel fliegen einsam                                                                                                                                                              - Christina Stürmer                               ,0.34034034034034033,0.537037037037037,0.8058058058058057,0.8717065729768314,1.0,0.27877877877877877,0.6076076076076076,0.0,0.19519519519519518,0.5385385385385385,0.38488488488488487,0.9621653116865153
Aufstehn! (feat. CeeLo Green)                                                                                                                                                     - Seeed                                           ,0.960960960960961,0.637137137137137,0.5445445445445445,0.9019546985648681,1.0,0.9134134134134133,0.5185185185185185,0.0,0.9183001070377305,0.5385385385385385,0.9209209209209209,0.6331951784508985
An Tagen wie diesen                                                                                                                                                               - Fettes Brot                                     ,0.7092092092092093,0.8038038038038038,0.8058058058058057,0.913296018586968,0.0,0.7707707707707707,0.3713713713713714,0.0,0.6516516516516516,0.5385385385385385,0.8298298298298298,0.8956891496695852
Die Welt steht still                                                                                                                                                              - Revolverheld                                    ,0.3263263263263263,0.7032032032032032,0.27127127127127126,0.9260378349973726,1.0,0.37037037037037035,0.31376362319696205,0.0,0.3278278278278278,0.5385385385385385,0.3363363363363363,0.9398061547921862
Mama Ana Ahabak                                                                                                                                                                   - Christina Stürmer                               ,0.5495495495495496,0.25425425425425424,1.0,0.47648443698244886,1.0,0.007007007007007007,0.7087087087087087,0.29429429429429427,0.4244244244244244,0.5385385385385385,0.3933933933933934,0.28322512384441195
Schrei                                                                                                                                                                            - Tokio Hotel                                     ,0.5735735735735736,0.6311311311311312,0.27127127127127126,0.7816031259900729,1.0,0.12762762762762764,0.2759213088921963,0.37596944283517814,0.9162495829162496,0.5385385385385385,0.5113085621970921,0.20928149567802254
Sie liegt in meinen Armen - Radio Edit                                                                                                                                            - Muhabbet                                        ,0.557057057057057,0.3898898898898899,0.8058058058058057,0.5092943323869629,0.0,0.6231118594132292,0.691358024691358,0.0,0.9841954891711893,0.5385385385385385,0.5703021703021702,0.02545020366048279
Ich bin ich (Wir sind wir)                                                                                                                                                        - Rosenstolz                                      ,0.9084084084084083,0.46046046046046046,0.16616616616616617,0.5414963152744214,1.0,0.14164164164164164,0.5445445445445445,0.3790338498895754,0.3128128128128128,0.5385385385385385,0.5365365365365365,0.5659443649398264
Ding - Single Version                                                                                                                                                             - Seeed                                           ,0.9319319319319319,0.6686686686686687,0.0,0.7927267699115044,0.0,0.4314314314314314,0.4614436842053139,0.3238674433314618,0.2972972972972973,0.5385385385385385,0.9904904904904905,0.47635525377134486
Freunde bleiben                                                                                                                                                                   - Revolverheld                                    ,0.4894894894894895,0.7892892892892893,0.27127127127127126,0.9409863669223409,1.0,0.07007007007007007,0.43217217217217224,0.25927444459629784,0.4314314314314314,0.5385385385385385,0.5175175175175175,0.15608547783417145
Was immer du willst - Radio Version                                                                                                                                               - Marlon                                          ,0.6181181181181181,0.52002002002002,0.0,0.7489886701876632,1.0,0.0895895895895896,0.46317984918979627,0.0,0.5505505505505506,0.5385385385385385,0.32732732732732733,0.7327190766631758
Rette Mich                                                                                                                                                                        - Tokio Hotel                                     ,0.46796796796796797,0.2172172172172172,0.27127127127127126,0.3457730267616349,1.0,0.08458458458458458,0.45238865857422567,0.0,0.5115115115115114,0.5385385385385385,0.08515709642470205,0.5092853947627581
Gott schenk ihr Flügel - Radio Version                                                                                                                                            - Rapsoul                                         ,0.8033033033033032,0.45945945945945943,0.5445445445445445,0.5951507062618174,0.0,0.9069069069069069,0.45965965965965966,0.0,0.9702192532804523,0.5385385385385385,0.5825825825825826,0.11473427847407115
Unendlich - Single Version                                                                                                                                                        - Silbermond                                      ,0.28928928928928926,0.17169324496910707,0.8058058058058057,0.5289901787779289,1.0,0.16716716716716717,0.3675336438274669,0.5995617319659131,0.7527527527527528,0.5385385385385385,0.15965965965965967,0.9397446574190025
Virus                                                                                                                                                                             - LaFee                                           ,0.6791791791791792,0.44244244244244246,0.0,0.3826385208738149,1.0,0.2817817817817818,0.5548706240487061,0.25024236558990764,0.5825825825825826,0.5385385385385385,0.5165165165165165,0.713285092297559
Schwarz und Weiss - Radio Edit                                                                                                                                                    - Oliver Pocher                                   ,0.43343343343343343,0.6036036036036035,0.6341341341341341,0.7777777777777778,1.0,0.13313313313313313,0.2487989340285948,0.31923577078921994,0.9006609349075103,0.5385385385385385,0.6336336336336337,0.7487504389296253
"'54, '74, '90, 2006                                                                                                                                                             - Sportfreunde Stiller                            ",0.52002002002002,0.8108108108108109,0.8058058058058057,0.7168117376213157,1.0,0.6536536536536537,0.41745547890261514,0.0,0.9976583190808767,0.5385385385385385,0.7517517517517518,0.7309305556473366
"Zeit, dass sich was dreht - Deutsche Version                                                                                                                                    - Herbert Grönemeyer                              ",0.4951977293749447,0.6451451451451451,0.27127127127127126,0.7941977525899965,0.0,0.6405870579248122,0.7050703816904579,0.0,0.0890890890890891,0.5385385385385385,0.4984984984984985,0.5673474100074974
Prinzesschen                                                                                                                                                                      - LaFee                                           ,0.6541541541541542,0.4214214214214214,0.8058058058058057,0.585397861002343,0.0,0.004018162899741847,0.5033601354356071,0.0,0.7737737737737738,0.5385385385385385,0.5455455455455456,0.796890132148817
Tanz der Moleküle - Single Version                                                                                                                                                - Mia.                                            ,0.8508508508508509,0.3781850692892266,1.0,0.662941439427805,0.0,0.1366366366366366,0.6366366366366366,0.6015307871649468,0.15665665665665668,0.5385385385385385,0.9319319319319319,0.6165885377287161
Richtig Scheisse (auf 'ne schöne Art und Weise)                                                                                                                                   - Killerpilze                                     ,0.6201201201201201,0.8723723723723724,1.0,0.9476197158440148,0.0,0.13463463463463465,0.18400427502671893,0.2538493959546591,0.7907907907907907,0.5385385385385385,0.7757757757757757,0.45715189701561076
Mit dir chilln                                                                                                                                                                    - Revolverheld                                    ,0.6066066066066066,0.47097097097097096,0.3383383383383384,0.5025025025025025,0.0,0.12762762762762764,0.6293043043043042,0.0,0.9139139139139139,0.5385385385385385,0.2272272272272272,0.709799291617474
Nie genug                                                                                                                                                                         - Christina Stürmer                               ,0.6616616616616616,0.52002002002002,1.0,0.7382324443767009,0.0,0.12762762762762764,0.5323101777059773,0.0,0.6091091091091092,0.5385385385385385,0.47997997997998,0.7576586636243587
Klar                                                                                                                                                                              - Jan Delay                                       ,0.8523523523523524,0.52002002002002,0.8883883883883883,0.8912157771806895,1.0,0.8628628628628628,0.6860321384425218,0.0,0.04604604604604605,0.5385385385385385,0.9563012192520388,0.2879996802362605
Der Letzte Tag                                                                                                                                                                    - Tokio Hotel                                     ,0.5805805805805806,0.5625625625625625,0.16616616616616617,0.8098828814375101,0.0,0.08458458458458458,0.477022477022477,0.0,0.2062062062062062,0.5385385385385385,0.3588588588588588,0.5792488538162702
Ich geh in Flammen auf                                                                                                                                                            - Rosenstolz                                      ,0.8118118118118118,0.3758758758758759,0.27127127127127126,0.6642266824085007,1.0,0.07607607607607608,0.6096096096096096,0.0,0.23908785591028592,0.5385385385385385,0.4114114114114114,0.5185185185185185
Dieses Leben                                                                                                                                                                      - Juli                                            ,0.35535535535535534,0.36436436436436437,0.16616616616616617,0.7495741160046528,0.0,0.04104104104104104,0.3950617283950617,0.4797124313253346,0.6601601601601601,0.5385385385385385,0.4369369369369369,0.8528433284607642
Das Beste                                                                                                                                                                         - Silbermond                                      ,0.7625201938610662,0.20786767992847563,0.0,0.29220842702121425,1.0,0.07007007007007007,0.8221988957283076,0.33233233233233234,0.12912912912912913,0.5385385385385385,0.3868868868868869,0.4252478832399745
Erinner mich dich zu vergessen - Radio Version                                                                                                                                    - Yvonne Catterfeld                               ,0.5275275275275275,0.3103103103103103,0.0,0.6725392753503112,0.0,0.03803803803803804,0.7383799984956054,0.0,0.3278278278278278,0.5385385385385385,0.4124124124124124,0.705331035657981
Ich könnte dich erschießen                                                                                                                                                        - Liza Li                                         ,0.7872872872872874,0.8748748748748749,0.0,0.972828319649129,1.0,0.6182387125614662,0.3998998998998999,0.27227227227227224,0.9610865300170925,0.5385385385385385,0.6296296296296297,0.3453531799740377
"Steh' auf, wenn du auf Zwerge stehst - Otto Mix                                                                                                                                 - 7 Zwerge                                        ",0.9584584584584585,0.7797797797797797,0.16616616616616617,0.7308146399055491,1.0,0.8223223223223224,0.4968080638778313,0.0,0.0073471816299801275,0.5385385385385385,0.9652665589660748,0.6768798638717335
Auch im Regen                                                                                                                                                                     - Rosenstolz                                      ,0.5925925925925926,0.1981981981981982,0.16616616616616617,0.5351542109410665,1.0,0.011011011011011011,0.5510510510510511,0.0,0.1390254805543138,0.5385385385385385,0.2862862862862863,0.7530982416947386
Übers Ende der Welt                                                                                                                                                               - Tokio Hotel                                     ,0.43043043043043044,0.8648648648648649,0.3383383383383384,0.8856906866576487,0.0,0.5265265265265265,0.3353353353353353,0.25114111117105137,0.7977977977977978,0.5385385385385385,0.5795795795795796,0.8016323867387705
"Wenn Nicht Jetzt, Wann Dann?                                                                                                                                                    - Höhner                                          ",0.7512512512512513,0.7367367367367368,0.0,0.8106850633723728,1.0,0.32432432432432434,0.4118404118404118,0.0,0.2022022022022022,0.5385385385385385,0.8258258258258259,0.352448128618994
Stück vom Himmel                                                                                                                                                                  - Herbert Grönemeyer                              ,0.4964964964964965,0.44344344344344344,0.0,0.7464411371267773,1.0,0.13313313313313313,0.49243452483844347,0.0,0.35235235235235235,0.5385385385385385,0.29979979979979976,0.14497503268001485
Träumst du (feat. Marta Jandová)                                                                                                                                                  - OOMPH!                                          ,0.493993993993994,0.934934934934935,0.27127127127127126,0.965103870283385,1.0,0.7352785085248382,0.32398469898469895,0.0,0.9623783430113683,0.5385385385385385,0.23723723723723725,0.5086130505225074
Ein Stern (der deinen Namen trägt) - Party Mix                                                                                                                                    - DJ Ötzi                                         ,0.7983210840353696,0.9029029029029029,0.0,0.9579579579579579,1.0,0.12462462462462463,0.25935025935025935,0.30006919461038034,0.9414403778040141,0.5385385385385385,0.970970970970971,0.6122582540016995
Ernten was wir säen                                                                                                                                                               - Die Fantastischen Vier                          ,0.6791791791791792,0.5580580580580581,0.6341341341341341,0.800269651013582,1.0,0.8498498498498499,0.2475015631878377,0.0,0.023023023023023025,0.5385385385385385,0.8173173173173174,0.8833486513884634
Frauen regier'n die Welt                                                                                                                                                          - Roger Cicero                                    ,0.5965965965965966,0.4069069069069069,0.8058058058058057,0.9277730349301719,1.0,0.34684684684684686,0.49004103902474166,0.0,0.31931931931931934,0.5385385385385385,0.6356356356356356,0.7475048303882853
Spring nicht                                                                                                                                                                      - Tokio Hotel                                     ,0.40290290290290287,0.3733733733733734,0.16616616616616617,0.6928650492013102,0.0,0.04281098546042003,0.24124124124124124,0.0,0.1921921921921922,0.05005005005005005,0.21621621621621623,0.910252930222667
Heul doch                                                                                                                                                                         - LaFee                                           ,0.6891891891891893,0.6049380488632825,1.0,0.68760559318795,0.0,0.5565565565565566,0.289662821839983,0.40194183032500314,0.5665665665665666,0.5385385385385385,0.7677677677677678,0.9024541878881195
Zerrissen                                                                                                                                                                         - Juli                                            ,0.6181181181181181,0.24624624624624625,0.8883883883883883,0.5157522842708028,0.0,0.016016016016016016,0.6534709832582171,0.0,0.2502502502502503,0.5385385385385385,0.38038038038038036,0.428341353416118
Vom selben Stern - Radio Edit                                                                                                                                                     - Ich + Ich                                       ,0.7492492492492493,0.6451451451451451,0.16616616616616617,0.6126898870366805,1.0,0.14764764764764765,0.32398469898469895,0.4089498269249217,0.21521521521521522,0.5385385385385385,0.9294294294294294,0.7997997997997998
Einfach Sein                                                                                                                                                                      - Die Fantastischen Vier                          ,0.9409409409409409,0.3023023023023023,0.16616616616616617,0.6126898870366805,1.0,0.36686686686686687,0.3253253253253253,0.36097250226865896,0.24424424424424424,0.5385385385385385,0.6966966966966966,0.8468028012456352
Prison Break Anthem (Ich Glaub An Dich) - Single Version                                                                                                                          - Azad                                            ,0.8093093093093093,0.7617617617617618,1.0,0.8908908908908909,0.0,0.9359359359359359,0.32599444543238454,0.46063989702963326,0.8948948948948949,0.5385385385385385,0.4754754754754755,0.24022591618075623
Hamma!                                                                                                                                                                            - Culcha Candela                                  ,0.9219219219219219,0.5530530530530531,0.8058058058058057,0.5318570850485745,1.0,0.7572572572572572,0.38391928906398365,0.0,0.3053053053053053,0.5385385385385385,0.6768982229402266,0.29221525072445587
Bedingungslos (Single Mix)                                                                                                                                                        - Kate & Ben                                      ,0.7037037037037037,0.1359244011177713,0.8058058058058057,0.1541077772180324,1.0,0.13113113113113112,0.7823844096293466,0.0,0.25625625625625625,0.5385385385385385,0.44744744744744747,0.6026020973597085
Erste Liebe (First Time)                                                                                                                                                          - Rapsoul                                         ,0.7467467467467468,0.3173173173173173,0.8058058058058057,0.5003541912632822,0.0,0.48348348348348347,0.6836836836836837,0.0,0.6401401401401401,0.5385385385385385,0.7042042042042043,0.27225710401631553
Das Gegenteil von Liebe - Radio Version                                                                                                                                           - Jörn Schlönvoigt                                ,0.46296296296296297,0.3963963963963964,1.0,0.7277277277277278,1.0,0.055055055055055056,0.6496496496496497,0.0,0.36036036036036034,0.5385385385385385,0.33483483483483484,0.8697957766536731
Du hast den schönsten Arsch der Welt - Single Version                                                                                                                             - Alex C.                                         ,0.7537537537537538,0.6721721721721721,0.0,0.8508247557800767,0.0,0.5881860316330694,0.38797379469021265,0.5456330600855732,0.09208217136859354,0.5385385385385385,0.8618618618618619,0.7657606828018099
An deiner Seite (ich bin da)                                                                                                                                                      - Tokio Hotel                                     ,0.5475475475475475,0.4114114114114114,0.3383383383383384,0.6580541368354209,1.0,0.15165165165165165,0.49237655718439444,0.39539539539539537,0.47047047047047047,0.5385385385385385,0.21521521521521522,0.5143293847917464
Stark                                                                                                                                                                             - Ich + Ich                                       ,0.5940940940940941,0.46346346346346345,0.5445445445445445,0.46724351050679835,1.0,0.003255975429008566,0.4264264264264264,0.5305514157973175,0.9049049049049049,0.5385385385385385,0.6096096096096096,0.7997997997997998
Cowboy Und Indianer                                                                                                                                                               - Olaf Henning                                    ,0.8208208208208209,0.7517517517517518,0.7217217217217218,0.8153992410251615,1.0,0.34434434434434436,0.40065065065065064,0.0,0.03186972071893351,0.5385385385385385,0.7107107107107107,0.7665312257719274
Doktorspiele - Single Version                                                                                                                                                     - Alex C.                                         ,0.6601601601601601,0.9169169169169169,0.0,0.8359458104828477,0.0,0.27877877877877877,0.3311727903134813,0.3893690419019941,0.004491635160171853,0.5385385385385385,0.49149149149149146,0.797302707443808
Kuschel Song - Single Version                                                                                                                                                     - Schnuffel                                       ,0.6266266266266266,0.6091091091091092,0.3383383383383384,0.6136136136136137,1.0,0.18268268268268267,0.40406160153100623,0.6430439610917831,0.4764764764764765,0.5385385385385385,0.7547547547547547,0.7295737832422119
Das rote Pferd                                                                                                                                                                    - Markus Becker                                   ,0.6491491491491492,0.9964964964964964,0.4664664664664665,0.9907022126546169,1.0,0.6311311311311312,0.35708398392925456,0.0,0.980641592920354,0.5385385385385385,0.7607607607607607,0.7495085367931678
Ich bin ein Döner - Single Version                                                                                                                                                - Tim Toupet                                      ,0.9264264264264264,0.9994994994994995,0.6341341341341341,0.9930042948335632,1.0,0.8223223223223224,0.48125677139761647,0.0,0.8538538538538538,0.5385385385385385,0.7327327327327328,0.7817939980940515
"Bettina, zieh dir bitte etwas an                                                                                                                                                - Modeselektor                                    ",0.944944944944945,0.3078078078078078,1.0,0.6350714076875447,0.0,0.7862862862862863,0.25925925925925924,0.29371037704371034,0.0673942136206287,0.5385385385385385,0.974974974974975,0.7557557557557557
Ey DJ                                                                                                                                                                             - Culcha Candela                                  ,0.9732881029177328,0.45645645645645644,0.8883883883883883,0.605423806701762,1.0,0.5680977902610989,0.3627365351143036,0.6246246246246246,0.15215215215215216,0.5385385385385385,0.980980980980981,0.7027346637102735
Joana                                                                                                                                                                             - Peter Wackel                                    ,0.8678678678678678,0.7702702702702702,0.27127127127127126,0.8007395022273643,1.0,0.13113113113113112,0.5765765765765766,0.2576127496141716,0.6536536536536537,0.5385385385385385,0.980980980980981,0.616134885830939
Keinen Zentimeter                                                                                                                                                                 - Clueso                                          ,0.5765765765765766,0.6256256256256256,0.0,0.6411411411411412,0.0,0.4574574574574575,0.6798110979929162,0.2651479166943084,0.44994994994994997,0.5385385385385385,0.8318318318318318,0.9662382102153553
So soll es bleiben - Single Edit                                                                                                                                                  - Ich + Ich                                       ,0.5841670141553456,0.6811811811811812,0.3383383383383384,0.8153992410251615,1.0,0.05055055055055055,0.4494494494494494,0.3802427265184793,0.27127127127127126,0.5385385385385385,0.47847847847847846,0.4262987192435041
Wenn du durchhängst                                                                                                                                                               - Udo Lindenberg                                  ,0.5085085085085085,0.2328066147710031,0.16616616616616617,0.6241010711383344,1.0,0.003761920281019692,0.6696284329563811,0.30781491074728656,0.5325325325325325,0.5385385385385385,0.38488488488488487,0.0779545103342246
3 Tage Wach                                                                                                                                                                       - Lützenkirchen                                   ,0.9991551378181435,0.38038038038038036,0.16616616616616617,0.5953731509287065,1.0,0.8833833833833833,0.3590256923590257,0.4960590511771614,0.3003003003003003,0.5385385385385385,0.35435435435435436,0.5876784854805083
Bringt ihn heim - Single Version                                                                                                                                                  - Oliver Pocher                                   ,0.43243243243243246,0.8888888888888888,0.8058058058058057,0.8359458104828477,1.0,0.5977460836795877,0.5975975975975976,0.45283836658655763,0.9162495829162496,0.5385385385385385,0.40490490490490494,0.5502706504731085
Helden 2008                                                                                                                                                                       - Revolverheld                                    ,0.5590590590590591,0.5890890890890891,0.8883883883883883,0.8468214286745868,1.0,0.1145354049701876,0.4082919373328238,0.0,0.9223201501682515,0.5385385385385385,0.6966966966966966,0.7815356534628164
Fieber - Radio Edit                                                                                                                                                               - Christina Stürmer                               ,0.32374427792061217,0.6931931931931932,0.6341341341341341,0.8203032853003844,1.0,0.4904904904904905,0.24894903910214627,0.0,0.7397397397397397,0.5385385385385385,0.6686686686686687,0.9241435410761739
Supa Deutschland - Medley                                                                                                                                                         - Mickie Krause                                   ,0.4694694694694695,0.9994994994994995,0.7217217217217218,0.9241399253063327,1.0,0.8198198198198198,0.4416509532788603,0.3232551001346475,0.985985985985986,0.5385385385385385,0.7732909074877987,0.795823065297534
Alles neu                                                                                                                                                                         - Peter Fox                                       ,0.9309309309309309,0.6156156156156156,0.7217217217217218,0.7969303423848879,1.0,0.8313313313313313,0.5855855855855856,0.0,0.9713210952596679,0.5385385385385385,0.38488488488488487,0.747028488692509
Gib mir Sonne                                                                                                                                                                     - Rosenstolz                                      ,0.503003003003003,0.3843843843843844,0.4664664664664665,0.8892877620721462,1.0,0.08208208208208209,0.5965965965965966,0.27322374705819047,0.16716716716716717,0.5385385385385385,0.23012552301255204,0.8158164139461382
Helden gesucht - Single Version                                                                                                                                                   - Thomas Godoj                                    ,0.537037037037037,0.7687687687687688,0.27127127127127126,0.9772160579361509,1.0,0.17717717717717718,0.5025025025025025,0.35894543221514813,0.8613613613613613,0.5385385385385385,0.6411411411411412,0.46685677167763084
Nichts bringt mich runter - Single Edit                                                                                                                                           - Ich + Ich                                       ,0.8998998998998999,0.6891891891891893,0.7217217217217218,0.4936445339654269,1.0,0.14164164164164164,0.5865865865865866,0.4146399055489965,0.8798798798798799,0.5385385385385385,0.9619619619619619,0.6625463535228674
Allein Allein                                                                                                                                                                     - Polarkreis 18                                   ,0.4069069069069069,0.6631631631631631,0.6341341341341341,0.846180197510752,0.0,0.3993993993993994,0.20660127666199596,0.5675675675675675,0.6961961961961962,0.5385385385385385,0.16316316316316315,0.730876221109588
Wundervoll - Sei bellissima                                                                                                                                                       - Giovanni                                        ,0.4264264264264264,0.2682682682682683,0.8883883883883883,0.6975474321901818,1.0,0.025025025025025023,0.7506254064923065,0.0,0.5785785785785786,0.05005005005005005,0.4369369369369369,0.8584647863225464
Haus am See                                                                                                                                                                       - Peter Fox                                       ,0.91991991991992,0.34411435336647367,0.4664664664664665,0.6486486486486487,0.0,0.40290290290290287,0.670987930263746,0.0,0.7502502502502502,0.5385385385385385,0.6686686686686687,0.565956467814259
Noch in 100.000 Jahren - Single Version                                                                                                                                           - DJ Ötzi                                         ,0.7942942942942943,0.7387387387387387,0.7217217217217218,0.9731254956988593,1.0,0.05855855855855856,0.2619638091073885,0.2867554239410577,0.947729113548433,0.5385385385385385,0.7657657657657657,0.6498763906056869
Glück                                                                                                                                                                             - Herbert Grönemeyer                              ,0.4894894894894895,0.2682682682682683,0.16616616616616617,0.6460773303385208,0.0,0.0995995995995996,0.7952952952952952,0.37285441310457346,0.4629629629629629,0.5385385385385385,0.5165165165165165,0.8255678146669728
Bis zum Schluss (with Silbermond)                                                                                                                                                 - Curse                                           ,0.45345345345345345,0.5705705705705706,0.16616616616616617,0.5056328364313154,1.0,0.8728728728728729,0.40526231349270014,0.0,0.37887887887887883,0.5385385385385385,0.5710823909531503,0.12882388747286877
Das Schäferlied - Radio Version                                                                                                                                                   - Schäfer Heinrich                                ,0.9634234234234235,0.8888888888888888,0.4664664664664665,0.6536294691224269,1.0,0.5895895895895896,0.6556556556556556,0.0,0.9089089089089089,0.5385385385385385,0.958958958958959,0.6265461083922753
Wie weit ist vorbei                                                                                                                                                               - Rosenstolz                                      ,0.6166166166166166,0.3758758758758759,0.6341341341341341,0.5753029138967041,0.0,0.07007007007007007,0.7790482076637825,0.42389783148076987,0.575075075075075,0.5385385385385385,0.3103103103103103,0.9839425764844444
Eisblumen - Radio Mix                                                                                                                                                             - Eisblume                                        ,0.6036036036036035,0.25725725725725723,0.27127127127127126,0.7005367057989403,0.0,0.03003003003003003,0.5185185185185185,0.0,0.496996996996997,0.5385385385385385,0.14564564564564564,0.06111520887351943
Darum leben wir - Radio Version                                                                                                                                                   - Cassandra Steen                                 ,0.557057057057057,0.5260260260260261,0.3383383383383384,0.735441184925721,0.0,0.5335335335335335,0.6664164164164168,0.0,0.521021021021021,0.5385385385385385,0.640306973640307,0.1856112767057704
Schwarz zu blau                                                                                                                                                                   - Peter Fox                                       ,0.6856856856856857,0.34734734734734735,0.0,0.742260503630035,1.0,0.9807562260579078,0.35681061050115176,0.0,0.2132132132132132,0.5385385385385385,0.2327327327327327,0.908412693383154
So ein schöner Tag (Fliegerlied) - Party Mix                                                                                                                                      - Tim Toupet                                      ,0.4874874874874875,0.9504504504504505,0.8058058058058057,0.9598493023520339,1.0,0.9655442029967548,0.5575575575575575,0.0,0.26412682112163977,0.5385385385385385,0.8788788788788788,0.759941341211594
Irgendwas bleibt                                                                                                                                                                  - Silbermond                                      ,0.4769874476987445,0.3303303303303303,0.3918918918918919,0.6394994384726457,1.0,0.004347110268162899,0.34134134134134136,0.43543543543543545,0.11811811811811812,0.5385385385385385,0.3053053053053053,0.29236584388064824
Blaue Flecken                                                                                                                                                                     - Rosenstolz                                      ,0.9409409409409409,0.505005005005005,0.3918918918918919,0.940629977660507,0.0,0.004347110268162899,0.7295167507933465,0.488566131025958,0.2902902902902903,0.5385385385385385,0.8718718718718719,0.4590849795794494
Ein Kompliment                                                                                                                                                                    - Sportfreunde Stiller                            ,0.3588588588588588,0.7137137137137137,0.3918918918918919,0.7058794032455593,0.0,0.15565565565565564,0.23323323323323322,0.38101931942435613,0.572072072072072,0.5385385385385385,0.6987222768807348,0.0730758089287211
Stadt                                                                                                                                                                             - Cassandra Steen                                 ,0.7587587587587588,0.5635635635635635,0.3918918918918919,0.7137137137137137,0.0,0.7512512512512513,0.5823906430702549,0.0,0.31931931931931934,0.5385385385385385,0.8258258258258259,0.2467964922325975
Das geht ab - Wir feiern die ganze Nacht - Atzen Musik Mix                                                                                                                        - Frauenarzt                                      ,0.99598745231933,0.39289289289289286,0.6341341341341341,0.9532727908997041,1.0,0.5235235235235235,0.3059212445062121,0.0,0.03154509809273646,0.5385385385385385,0.46046046046046046,0.7226029784730065
Oh Jonny                                                                                                                                                                          - Jan Delay                                       ,0.5225225225225225,0.3263263263263263,0.4664664664664665,0.5225748770675012,1.0,0.7277277277277278,0.32465192465192466,0.41344026548672563,0.4764764764764765,0.5385385385385385,0.8268268268268268,0.13441231799245737
Schöne neue Welt - Single Version                                                                                                                                                 - Culcha Candela                                  ,0.8883883883883883,0.7002002002002001,0.6341341341341341,0.8360348418218789,1.0,0.2127127127127127,0.522022022022022,0.33233233233233234,0.9254254254254255,0.5385385385385385,0.46046046046046046,0.7878470185077762
Automatisch                                                                                                                                                                       - Tokio Hotel                                     ,0.44344344344344344,0.92992992992993,0.0,0.9253488388133618,0.0,0.6316316316316316,0.2475015631878377,0.26426426426426425,0.8673673673673674,0.5385385385385385,0.6196196196196196,0.7041747629982935
Krieger des Lichts                                                                                                                                                                - Silbermond                                      ,0.53003003003003,0.44544544544544545,0.27127127127127126,0.5695695695695696,1.0,0.7532752848542322,0.7518940150971065,0.3479623534974089,0.4074074074074074,0.5385385385385385,0.6146146146146146,0.9391736103822971
Pflaster                                                                                                                                                                          - Ich + Ich                                       ,0.6831831831831832,0.7122122122122122,0.16616616616616617,0.8254307250751344,1.0,0.15765765765765766,0.5595595595595596,0.3554091478243174,0.9587116790380885,0.5385385385385385,0.47997997997998,0.8269982200479503
Monsta                                                                                                                                                                            - Culcha Candela                                  ,0.9569569569569569,0.5665665665665666,0.16616616616616617,0.8873235622913593,1.0,0.09259259259259259,0.5740521085348672,0.0,0.7247247247247247,0.5385385385385385,0.980980980980981,0.7418519716990891
Ich bau dir ein Schloss                                                                                                                                                           - Jürgen Drews                                    ,0.6491491491491492,0.9719719719719719,0.3383383383383384,0.8110995610995609,1.0,0.2817817817817818,0.47111749822311666,0.0,0.9089089089089089,0.5385385385385385,0.7177177177177178,0.6576576576576576
"Küss mich, halt mich, lieb mich - Radio Version                                                                                                                                 - Ella Endlich                                    ",0.34034034034034033,0.28428428428428426,0.8883883883883883,0.8113369780036447,1.0,0.026026026026026026,0.7727727727727728,0.0,0.8033033033033032,0.05005005005005005,0.43543543543543545,0.8248110396500857
Disco Pogo - Atzen Musik Mix                                                                                                                                                      - Die Atzen                                       ,0.6961961961961962,0.5510510510510511,1.0,0.8023645209045331,0.0,0.7267267267267267,0.3061558321012201,0.0,0.2827827827827828,0.5385385385385385,0.35235235235235235,0.7281857925587693
Lass mich nie mehr los - Studio Version                                                                                                                                           - Sportfreunde Stiller                            ,0.6726726726726726,0.38038038038038036,0.8058058058058057,0.45267625138091466,1.0,0.04504504504504504,0.5865865865865866,0.4342175421631773,0.7607607607607607,0.5385385385385385,0.6676676676676676,0.48686538966150605
Komm zur Ruhr                                                                                                                                                                     - Herbert Grönemeyer                              ,0.44994994994994997,0.2732732732732733,0.6341341341341341,0.4029013598708581,1.0,0.2977977977977978,0.5475475475475475,0.4434541493365024,0.3433433433433434,0.5385385385385385,0.09893742621015347,0.16455212425946156
Geboren um zu leben                                                                                                                                                               - Unheilig                                        ,0.46296296296296297,0.7147147147147147,1.0,0.7737737737737738,0.0,0.2857857857857858,0.33733733733733734,0.0,0.36936936936936937,0.5385385385385385,0.43843843843843844,0.1768085517774772
Schenk mir dein Herz - Radio Edit                                                                                                                                                 - Höhner                                          ,0.5615615615615616,0.6831831831831832,0.27127127127127126,0.7857857857857857,1.0,0.48348348348348347,0.5305305305305306,0.0,0.8478478478478478,0.5385385385385385,0.6136136136136137,0.7436134554706061
Spinner                                                                                                                                                                           - Revolverheld                                    ,0.5105105105105106,0.6891891891891893,0.8058058058058057,0.9088810594095493,1.0,0.19569569569569567,0.5795795795795796,0.0,0.23523523523523523,0.5385385385385385,0.45045045045045046,0.8804807063036237
Einer von Zweien - Radio Version                                                                                                                                                  - Ich + Ich                                       ,0.4964964964964965,0.3233233233233233,0.8883883883883883,0.8622036471147082,0.0,0.06306306306306306,0.5410410410410411,0.328197256151789,0.4314314314314314,0.5385385385385385,0.6546546546546547,0.9232464925977313
Gebt uns ruhig die Schuld (den Rest könnt ihr behalten)                                                                                                                           - Die Fantastischen Vier                          ,0.914914914914915,0.7187187187187187,0.16616616616616617,0.8947733291278149,1.0,0.7322843022394592,0.4494494494494494,0.0,0.45545545545545546,0.5385385385385385,0.9194568425337656,0.9021662155334657
Der Himmel soll warten                                                                                                                                                            - Sido                                            ,0.7577577577577578,0.47697697697697694,0.3918918918918919,0.6426426426426426,0.0,0.9629629629629629,0.4094094094094094,0.0,0.7772772772772774,0.5385385385385385,0.6336336336336337,0.2003620273920357
"'54, '74, '90, 2010                                                                                                                                                             - Sportfreunde Stiller                            ",0.5125125125125125,0.8778778778778779,0.8058058058058057,0.7041985806030749,1.0,0.7425376032618372,0.4326775755347184,0.0,0.9979277428507887,0.5385385385385385,0.6196196196196196,0.7325416143739121
Für immer                                                                                                                                                                         - Unheilig                                        ,0.537037037037037,0.7602602602602602,1.0,0.6914390707494156,1.0,0.35785785785785784,0.24335331895469353,0.3918196561034363,0.01420736281525144,0.5385385385385385,0.6966966966966966,0.7808459031524284
Schland O Schland                                                                                                                                                                 - Uwu Lena                                        ,0.8118118118118118,0.7102102102102101,1.0,0.5587026615304251,0.0,0.938938938938939,0.4435900956565519,0.0,0.9994994994994995,0.5385385385385385,0.7917917917917918,0.22847297588887508
Gimme Hope Joachim                                                                                                                                                                - Basta                                           ,0.9555735056542809,0.41004184100418417,0.6341341341341341,0.5154661107362207,1.0,0.4264264264264264,0.8062669264105764,0.0,0.6626626626626626,0.5385385385385385,0.997997997997998,0.6551779826116075
Universum - Single Version                                                                                                                                                        - Ich + Ich                                       ,0.6856856856856857,0.5905905905905906,0.8883883883883883,0.8400840657241117,1.0,0.18018018018018017,0.407251001001001,0.29847083233658245,0.8018018018018018,0.5385385385385385,0.6306306306306306,0.06156249990771334
Nein Mann - Radio Edit                                                                                                                                                            - Laserkraft 3D                                   ,0.9921921921921921,0.3758758758758759,0.5445445445445445,0.36955075881250365,1.0,0.9144144144144144,0.3602738541010144,0.5855855855855856,0.8743743743743744,0.5385385385385385,0.7862862862862863,0.6476476476476476
Elektrisches Gefühl                                                                                                                                                               - Juli                                            ,0.6856856856856857,0.7032032032032032,0.0,0.9168972543972544,1.0,0.20370370370370372,0.35235235235235235,0.4904904904904905,0.9169169169169169,0.5385385385385385,0.8483483483483483,0.1376813437416443
Unter deiner Flagge - Single Version                                                                                                                                              - Unheilig                                        ,0.6306306306306306,0.7527527527527528,0.0,0.5829996207251539,1.0,0.16466466466466467,0.3100077728456106,0.35235235235235235,0.7177177177177178,0.5385385385385385,0.4411057764351178,0.47038498816276597
Halt dich an mir fest (feat. Marta Jandová) - Duett Version                                                                                                                       - Revolverheld                                    ,0.395971100634313,0.6036036036036035,0.8883883883883883,0.9008724325625734,1.0,0.1991991991991992,0.5595595595595596,0.0,0.6091091091091092,0.5385385385385385,0.46846846846846846,0.9178412565373278
Winter - Single Version                                                                                                                                                           - Unheilig                                        ,0.5755755755755756,0.5890890890890891,0.6341341341341341,0.8727204901676667,1.0,0.060560560560560556,0.2716630824182984,0.4867822318526544,0.9200421862987767,0.5385385385385385,0.38488488488488487,0.3645776283215392
Berlin City Girl                                                                                                                                                                  - Culcha Candela                                  ,0.9164164164164164,0.6126126126126126,0.6341341341341341,0.879665991753653,0.0,0.26976976976976974,0.39539539539539537,0.0,0.8448448448448449,0.5385385385385385,0.8678678678678678,0.5404831780670712
Still                                                                                                                                                                             - Jupiter Jones                                   ,0.43243243243243246,0.4129129129129129,0.8058058058058057,0.5459918778457529,1.0,0.5215215215215215,0.4103959270023065,0.2785953849897966,0.31931931931931934,0.5385385385385385,0.7427427427427428,0.9299237051206476
Nur noch kurz die Welt retten                                                                                                                                                     - Tim Bendzko                                     ,0.9862451472243758,0.26626626626626626,0.6341341341341341,0.6024654000221191,1.0,0.4444444444444444,0.6146146146146146,0.0,0.27127127127127126,0.5385385385385385,0.914914914914915,0.31971753451579615
Nur in meinem Kopf - Radio Edit                                                                                                                                                   - Andreas Bourani                                 ,0.46646646646646645,0.6631631631631631,0.8058058058058057,0.8748748748748749,1.0,0.0895895895895896,0.3303303303303303,0.47095179233621753,0.8638638638638638,0.5385385385385385,0.3036416137807788,0.7067067067067067
Wovon sollen wir träumen                                                                                                                                                          - Frida Gold                                      ,0.7467467467467468,0.48648648648648646,0.6341341341341341,0.6880418581582876,1.0,0.4974974974974975,0.2132168306664951,0.4066312107709262,0.7042042042042043,0.5385385385385385,0.6655795777479218,0.6601870858200017
Wir sind am Leben                                                                                                                                                                 - Rosenstolz                                      ,0.7187187187187187,0.5095095095095095,0.5445445445445445,0.7697697697697697,1.0,0.011011011011011011,0.4554828904368983,0.4458914770327723,0.2652652652652653,0.5385385385385385,0.21621621621621623,0.5905905905905906
Echt                                                                                                                                                                              - Glasperlenspiel                                 ,0.6216216216216216,0.3948948948948949,0.3383383383383384,0.9285089373287608,0.0,0.3758758758758759,0.4365320796460177,0.0,0.6196196196196196,0.5385385385385385,0.6556556556556556,0.8143059123404425
Ein Herz kann man nicht reparieren (feat. Inga Humpe) - MTV Unplugged                                                                                                             - Udo Lindenberg                                  ,0.7457457457457457,0.8018018018018018,0.27127127127127126,0.6690103090660313,1.0,0.23473473473473472,0.720643080753884,0.5849760153326139,0.9814673290026749,0.5385385385385385,0.8928928928928929,0.7840737942471843
Wenn Worte meine Sprache wären                                                                                                                                                    - Tim Bendzko                                     ,0.8943943943943944,0.22399631947370638,0.0,0.4178507656746159,0.0,0.5646292359775505,0.6926926926926927,0.0,0.4244244244244244,0.5385385385385385,0.6431893894988482,0.0469091993082811
Cello (feat. Clueso) - MTV Unplugged Radio Atmo-Version                                                                                                                           - Udo Lindenberg                                  ,0.478978978978979,0.4314314314314314,0.6341341341341341,0.5042590831467109,0.0,0.6736736736736737,0.7687687687687688,0.3952682012972015,0.9959832905003002,0.5385385385385385,0.5340340340340339,0.14501768175630694
Wildes Ding                                                                                                                                                                       - Culcha Candela                                  ,0.7657657657657657,0.4674674674674675,0.0,0.43543543543543545,0.0,0.9029029029029029,0.3208777339212122,0.0,0.8868868868868869,0.5385385385385385,0.6816816816816816,0.7331717702482333
Eiserner Steg                                                                                                                                                                     - Philipp Poisel                                  ,0.642142142142142,0.3123123123123123,0.5445445445445445,0.5613732919967849,1.0,0.021521521521521522,0.4103959270023065,0.6620272040733808,0.9139139139139139,0.5385385385385385,0.2922922922922923,0.5705123455530701
Himmel auf                                                                                                                                                                        - Silbermond                                      ,0.44744744744744747,0.3833833833833834,1.0,0.5164537433055951,0.0,0.5695695695695696,0.6241241241241242,0.3252375202684312,0.7487487487487487,0.5385385385385385,0.4944944944944945,0.9129660732456529
Bück dich hoch                                                                                                                                                                    - Deichkind                                       ,0.97997997997998,0.5445445445445445,0.6341341341341341,0.8918655497602865,1.0,0.8928928928928929,0.33840257118945666,0.0,0.05905905905905906,0.5385385385385385,0.7607607607607607,0.7027346637102735
Leider geil (Leider geil)                                                                                                                                                         - Deichkind                                       ,0.9991551378181435,0.3487756258840597,0.27127127127127126,0.4444246526540791,1.0,0.992992992992993,0.575075075075075,0.0,0.575075075075075,0.5385385385385385,0.8928928928928929,0.5164054046596861
Fallschirm                                                                                                                                                                        - Mia.                                            ,0.6891891891891893,0.6451451451451451,0.8883883883883883,0.9579130444165251,0.0,0.8013013013013013,0.4494494494494494,0.3564814626401737,0.15215215215215216,0.5385385385385385,0.963963963963964,0.11163812610403075
So wie Du warst                                                                                                                                                                   - Unheilig                                        ,0.5665665665665666,0.5315315315315315,0.6341341341341341,0.7152776985289301,1.0,0.017017017017017015,0.2902498015625017,0.45145145145145144,0.5325325325325325,0.05005005005005005,0.38488488488488487,0.4638826626288421
Songs für Liam                                                                                                                                                                    - Kraftklub                                       ,0.4724724724724725,0.9194194194194194,0.27127127127127126,0.941923574045115,1.0,0.7892892892892893,0.18852694157572206,0.27384719761401377,0.5910910910910911,0.5385385385385385,0.6636636636636637,0.8922163183069511
Von allein - WIR & Culcha Candela Single Edit                                                                                                                                     - Culcha Candela                                  ,0.8508508508508509,0.8303303303303303,0.16616616616616617,0.8103641905984277,0.0,0.7732732732732732,0.44830371567043603,0.0,0.10147518998658912,0.5385385385385385,0.936995153473344,0.7997997997997998
Easy                                                                                                                                                                              - CRO                                             ,0.94994994994995,0.34734734734734735,0.6341341341341341,0.5598122762641338,1.0,0.16316316316316315,0.48949168908883245,0.0,0.43843843843843844,0.5385385385385385,0.9764777321224887,0.23515610403391213
Du                                                                                                                                                                                - CRO                                             ,0.8598598598598599,0.572072072072072,0.3918918918918919,0.6307959247825617,0.0,0.6781781781781782,0.5280074237864755,0.2561803289357469,0.03826919846337323,0.5385385385385385,0.9696021457308895,0.3634250374257286
Wolke 7 - Single Version                                                                                                                                                          - Max Herre                                       ,0.7157157157157157,0.6451451451451451,0.16616616616616617,0.6276262917721992,0.0,0.14464464464464466,0.6616616616616616,0.40310888947160073,0.07510284006634373,0.5385385385385385,0.6601601601601601,0.22828504129011543
Wie soll ein Mensch das ertragen                                                                                                                                                  - Philipp Poisel                                  ,0.5146443514644369,0.2122991347342398,0.7217217217217218,0.2647290673982761,1.0,0.08008008008008008,0.5445445445445445,0.5615615615615616,0.36936936936936937,0.5385385385385385,0.4587586886115268,0.8315805932228832
Lila Wolken                                                                                                                                                                       - Marteria                                        ,0.5085085085085085,0.42492492492492495,0.16616616616616617,0.6013565150936186,1.0,0.47297297297297297,0.5845845845845846,0.0,0.8258258258258259,0.5385385385385385,0.2097097097097097,0.8264605733259939
Freundschaft                                                                                                                                                                      - Glasperlenspiel                                 ,0.5890890890890891,0.597097097097097,0.6341341341341341,0.9401907068500523,0.0,0.5695695695695696,0.35235235235235235,0.0,0.4244244244244244,0.5385385385385385,0.7124596548680318,0.6918705526094093
Sonnentanz                                                                                                                                                                        - Klangkarussell                                  ,0.9324398039481839,0.20266520816348996,0.4664664664664665,0.3006313497007237,0.0,0.8118118118118118,0.6720389220389221,0.9119119119119119,0.2952952952952953,0.5385385385385385,0.2042042042042042,0.5095095095095095
Augenbling                                                                                                                                                                        - Seeed                                           ,0.9644644644644644,0.4289289289289289,0.6341341341341341,0.8912157771806895,1.0,0.7942942942942943,0.3083083083083083,0.0,0.6516516516516516,0.5385385385385385,0.4701130856219709,0.3252110440444439
Morgens immer müde - Single Version                                                                                                                                               - Laing                                           ,0.9948394498091185,0.3303303303303303,0.3383383383383384,0.3830395903925315,0.0,0.35485485485485485,0.3783783783783784,0.5516182440673174,0.2022022022022022,0.5385385385385385,0.9387572641931156,0.7105076741440348
Ja                                                                                                                                                                                - Silbermond                                      ,0.2602602602602603,0.22075497957850904,0.5445445445445445,0.44914064894820244,1.0,0.057057057057057055,0.7087087087087087,0.5415415415415415,0.6116116116116116,0.5385385385385385,0.1194572831780079,0.06194317312830399
Einmal um die Welt                                                                                                                                                                - CRO                                             ,0.8128128128128128,0.7602602602602602,0.8058058058058057,0.8788726260045858,1.0,0.27127127127127126,0.5385385385385385,0.0,0.572072072072072,0.5385385385385385,0.9974152474152476,0.9029778329973728
Bilder im Kopf                                                                                                                                                                    - Sido                                            ,0.7707707707707707,0.6351351351351351,0.0,0.7306503009559777,1.0,0.92992992992993,0.48440354073149,0.0,0.8538538538538538,0.5385385385385385,0.9344344344344344,0.1571870022698602
Nackert - Single Version                                                                                                                                                          - LaBrassBanda                                    ,0.5975975975975976,0.587087087087087,0.16616616616616617,0.6974472217482538,1.0,0.055055055055055056,0.42962173996656755,0.5685685685685685,0.37887887887887883,0.5385385385385385,0.631141355860457,0.803230807492768
Das kleine Küken piept - Radio Edit                                                                                                                                               - Pulcino Pio                                     ,0.9084084084084083,0.37037037037037035,0.4664664664664665,0.3944483073555298,0.0,0.9574574574574575,0.6807570139299751,0.33433433433433435,0.6146146146146146,0.5385385385385385,0.9854854854854855,0.47997420027696214
Meine Soldaten                                                                                                                                                                    - Maxim                                           ,0.555055055055055,0.6656656656656657,1.0,0.8181738902938868,1.0,0.3408408408408409,0.6139472806139473,0.4486567565162692,0.3868868868868869,0.5385385385385385,0.6836836836836837,0.8808339142291539
Mein Herz                                                                                                                                                                         - Beatrice Egli                                   ,0.7537537537537538,0.7212212212212212,0.8058058058058057,0.9632647149349122,1.0,0.3688688688688689,0.4116974116974117,0.0,0.3128128128128128,0.5385385385385385,0.6066066066066066,0.6038965214222947
"Applaus, Applaus - Single Version                                                                                                                                               - Sportfreunde Stiller                            ",0.3588588588588588,0.42492492492492495,0.6341341341341341,0.7829988193624556,1.0,0.2977977977977978,0.277133866980418,0.0,0.4629629629629629,0.5385385385385385,0.5065065065065065,0.9820198897800262
Liebe ist meine Rebellion                                                                                                                                                         - Frida Gold                                      ,0.6766766766766766,0.56006006006006,0.0,0.9436536542333056,0.0,0.6561713854132629,0.3130113909834751,0.35602330412709654,0.7122122122122122,0.5385385385385385,0.6451451451451451,0.6583628762754291
Am seidenen Faden                                                                                                                                                                 - Tim Bendzko                                     ,0.555055055055055,0.27627627627627627,0.4664664664664665,0.48458212404363005,1.0,0.1145354049701876,0.5331179321486269,0.2561803289357469,0.31931931931931934,0.5385385385385385,0.20020020020020018,0.48495094212328466
Nie vergessen                                                                                                                                                                     - Glasperlenspiel                                 ,0.5225225225225225,0.7102102102102101,1.0,0.7885196097847511,0.0,0.7367367367367368,0.38581200654579495,0.0,0.5445445445445445,0.5385385385385385,0.7317317317317317,0.3736637207883916
Im Ascheregen                                                                                                                                                                     - Casper                                          ,0.6326326326326326,0.7812812812812813,1.0,0.5275275275275275,0.0,0.7572572572572572,0.426620601183708,0.5009125318148804,0.7547547547547547,0.5385385385385385,0.3163163163163163,0.8160255502133545
Das kann uns keiner nehmen                                                                                                                                                        - Revolverheld                                    ,0.555055055055055,0.5460460460460461,0.8058058058058057,0.7516146030144594,1.0,0.003003003003003003,0.19585833715442783,0.0,0.8033033033033032,0.5385385385385385,0.5865865865865866,0.24094801648535366
Willst du                                                                                                                                                                         - Alligatoah                                      ,0.8218218218218218,0.52002002002002,1.0,0.6329320674182662,1.0,0.6836836836836837,0.7717717717717718,0.0,0.5855855855855856,0.5385385385385385,0.7697697697697697,0.6126126126126126
Fehlerfrei                                                                                                                                                                        - Helene Fischer                                  ,0.8013013013013013,0.9439439439439439,0.6341341341341341,0.9096424702058504,1.0,0.9099099099099099,0.4167676707300739,0.0,0.1506506506506507,0.5385385385385385,0.7452452452452452,0.5691723766190658
Lieder                                                                                                                                                                            - Adel Tawil                                      ,0.46996996996997,0.5260260260260261,0.4664664664664665,0.9346513408340839,0.0,0.3838838838838839,0.6596596596596597,0.0,0.7342342342342343,0.5385385385385385,0.5468197455097018,0.9838381493274692
Aschenflug                                                                                                                                                                        - Adel Tawil                                      ,0.5165165165165165,0.3963963963963964,0.5445445445445445,0.5772014789355829,0.0,0.9229229229229229,0.4874874874874875,0.0,0.6976976976976977,0.5385385385385385,0.6756756756756757,0.8438357696224569
Einer dieser Steine                                                                                                                                                               - Sido                                            ,0.8883883883883883,0.23823823823823823,0.0,0.35725356220101157,1.0,0.2327327327327327,0.6956956956956957,0.36165486286771914,0.5540540540540541,0.5385385385385385,0.7207207207207207,0.6548376150146066
Unter die Haut (feat. Cassandra Steen)                                                                                                                                            - Tim Bendzko                                     ,0.7332332332332332,0.3983983983983984,0.6341341341341341,0.7167167167167167,0.0,0.11761761761761762,0.5338606800870952,0.0,0.25929500929500937,0.5385385385385385,0.4444444444444444,0.46806350965315846
Kids (2 Finger an den Kopf)                                                                                                                                                       - Marteria                                        ,0.91991991991992,0.549049049049049,0.4664664664664665,0.9427025544454796,0.0,0.8428428428428428,0.5485485485485485,0.4804804804804805,0.7867464005792534,0.5385385385385385,0.5315315315315315,0.07907907907907907
Ich lass für dich das Licht an                                                                                                                                                    - Revolverheld                                    ,0.532032032032032,0.3948948948948949,1.0,0.5156821383673236,1.0,0.0895895895895896,0.6812381301195349,0.3605957125173402,0.5785785785785786,0.5385385385385385,0.4964964964964965,0.7823487297284719
OMG!                                                                                                                                                                              - Marteria                                        ,0.7562562562562563,0.5165165165165165,0.27127127127127126,0.6276262917721992,1.0,0.5935935935935935,0.4778512393911385,0.0,0.6646646646646647,0.5385385385385385,0.5925925925925926,0.0866315855597516
Als wär's das erste Mal                                                                                                                                                           - Unheilig                                        ,0.637137137137137,0.6351351351351351,0.7217217217217218,0.7027972027972028,1.0,0.31931931931931934,0.2296256613402302,0.5295295295295295,0.7062062062062062,0.5385385385385385,0.8028028028028028,0.7301608794028036
Liebe                                                                                                                                                                             - Sido                                            ,0.4044044044044044,0.6106106106106106,0.5445445445445445,0.6580541368354209,1.0,0.97920491662019,0.45145145145145144,0.0,0.6746746746746747,0.5385385385385385,0.7117117117117117,0.9439289670925338
Atemlos durch die Nacht                                                                                                                                                           - Helene Fischer                                  ,0.9139139139139139,0.5,1.0,0.8018300065490048,1.0,0.39039039039039036,0.4268147759409895,0.25524927912987605,0.6061061061061062,0.5385385385385385,0.9099099099099099,0.6765238279560121
Nicht mit mir                                                                                                                                                                     - TEY                                             ,0.950950950950951,0.49149149149149146,0.7217217217217218,0.452407675738451,0.0,0.6280733124720608,0.6006006006006006,0.4844844844844845,0.28428428428428426,0.5385385385385385,0.2802802802802803,0.40257384183631456
Amoi seg' ma uns wieder - Radio Version                                                                                                                                           - Andreas Gabalier                                ,0.4174174174174174,0.12212212212212212,0.6341341341341341,0.21516774241555062,1.0,0.07007007007007007,0.8092191423555865,0.0,0.44494494494494496,0.5385385385385385,0.3868868868868869,0.45417538668118396
Lass uns gehen                                                                                                                                                                    - Revolverheld                                    ,0.6050080775444264,0.6586586586586587,0.8883883883883883,0.5446626106194691,1.0,0.11761761761761762,0.477022477022477,0.0,0.7162162162162162,0.5385385385385385,0.3941876745689296,0.5425425425425425
Zuhause (feat. Matisyahu)                                                                                                                                                         - Adel Tawil                                      ,0.7367367367367368,0.5345345345345345,0.5445445445445445,0.827851085140965,1.0,0.05305305305305305,0.4140455966819122,0.0,0.6341341341341342,0.5385385385385385,0.7167167167167167,0.2592186313391271
Auf anderen Wegen                                                                                                                                                                 - Andreas Bourani                                 ,0.5245245245245245,0.16916916916916916,0.3918918918918919,0.33110213123965127,1.0,0.01901901901901902,0.8163163163163163,0.2697230518095309,0.4074074074074074,0.5385385385385385,0.28428428428428426,0.42854844323127583
Ich will immer wieder... dieses Fieber spür'n                                                                                                                                     - Helene Fischer                                  ,0.8078078078078078,0.7587587587587588,0.27127127127127126,0.9833130224009702,0.0,0.15415415415415415,0.6266266266266266,0.0,0.45545545545545546,0.5385385385385385,0.6711711711711712,0.5315226776045867
Sonnentanz                                                                                                                                                                        - Klangkarussell                                  ,0.6791791791791792,0.18943139678615573,0.4664664664664665,0.29132857561834,0.0,0.8793793793793794,0.6281273754957966,0.9214214214214214,0.2082082082082082,0.5385385385385385,0.19269269269269268,0.5066625189272486
Au Revoir (feat. Sido)                                                                                                                                                            - Mark Forster                                    ,0.7037037037037037,0.7122122122122122,0.0,0.7417417417417418,1.0,0.7037037037037037,0.42342342342342343,0.0,0.9151662907285095,0.5385385385385385,0.7022022022022022,0.3634908626269067
Auf uns                                                                                                                                                                           - Andreas Bourani                                 ,0.6491491491491492,0.7367367367367368,0.27127127127127126,0.8307065807065808,1.0,0.2817817817817818,0.3173173173173173,0.0,0.10864614614614614,0.5385385385385385,0.936995153473344,0.6456456456456456
Traum                                                                                                                                                                             - CRO                                             ,0.7822822822822824,0.5530530530530531,0.0,0.6169201846234876,1.0,0.578078078078078,0.44207378625983285,0.0,0.08208208208208208,0.5385385385385385,0.9874874874874875,0.5115986271139162
Wolke 4                                                                                                                                                                           - Philipp Dittberner                              ,0.8943943943943944,0.20457863878916507,0.16616616616616617,0.2110700217296213,0.0,0.14764764764764765,0.6930511156317608,0.5550620362433656,0.2736811544640726,0.5385385385385385,0.6826826826826827,0.4756954200494429
Unter meiner Haut - Radio Mix                                                                                                                                                     - Gestört aber GeiL                               ,0.9024024024024024,0.39289289289289286,0.4664664664664665,0.3484844693930193,1.0,0.53003003003003,0.4380712638469202,0.34734734734734735,0.8428428428428428,0.5385385385385385,0.46846846846846846,0.6106106106106106
Herz über Kopf                                                                                                                                                                    - JORIS                                           ,0.557057057057057,0.2776999092788566,0.16616616616616617,0.43531031031031026,0.0,0.35485485485485485,0.31431431431431434,0.0,0.5325325325325325,0.5385385385385385,0.5375375375375375,0.738907735290092
Wie schön du bist                                                                                                                                                                 - Sarah Connor                                    ,0.31431431431431434,0.2882882882882883,0.4664664664664665,0.6506506506506506,1.0,0.13863863863863862,0.2950046304699327,0.2917898367117117,0.3868868868868869,0.5385385385385385,0.17617617617617617,0.14018809889413977
Flash mich                                                                                                                                                                        - Mark Forster                                    ,0.6856856856856857,0.6391391391391392,0.3918918918918919,0.7213325199586239,0.0,0.6126126126126126,0.38667858739383104,0.36236236236236236,0.6656656656656657,0.5385385385385385,0.5795795795795796,0.15735679308757267
Lieblingsmensch                                                                                                                                                                   - Namika                                          ,0.5,0.2887887887887888,0.8058058058058057,0.44820653236494806,0.0,0.986986986986987,0.48450968518748716,0.0,0.516016016016016,0.5385385385385385,0.7222222222222222,0.5192859782268838
Astronaut                                                                                                                                                                         - Sido                                            ,0.7122122122122122,0.4087237479806138,0.7217217217217218,0.5491551655773143,0.0,0.9664664664664664,0.5734959336067371,0.0,0.18018018018018017,0.5385385385385385,0.46096096096096095,0.8629018181856567
Bye Bye                                                                                                                                                                           - CRO                                             ,0.6391391391391392,0.29429429429429427,0.8058058058058057,0.34031265428783475,1.0,0.7967967967967968,0.589660743134087,0.0,0.9990824157490824,0.5385385385385385,0.5703021703021702,0.07907907907907907
Geiles Leben                                                                                                                                                                      - Glasperlenspiel                                 ,0.6666666666666666,0.3563563563563564,0.16616616616616617,0.34249671375997326,1.0,0.0965965965965966,0.46253810364190606,0.6320438551909024,0.21521521521521522,0.5385385385385385,0.7267267267267267,0.540368453120131
Ich will nur dass du weißt - Radio Edit                                                                                                                                           - SDP                                             ,0.6216216216216216,0.44144144144144143,0.7217217217217218,0.6891891891891893,1.0,0.2922922922922923,0.7392442131572567,0.0,0.44994994994994997,0.5385385385385385,0.5355355355355356,0.0961355236689845
Alles brennt                                                                                                                                                                      - Johannes Oerding                                ,0.5505505505505506,0.45095095095095095,1.0,0.4038042298081582,0.0,0.09259259259259259,0.5685685685685685,0.43771625841297973,0.4074074074074074,0.5385385385385385,0.5595595595595596,0.814096819802059
Bauch und Kopf                                                                                                                                                                    - Mark Forster                                    ,0.4109109109109109,0.22688581377553724,0.16616616616616617,0.33415904702925214,0.0,0.7517517517517518,0.7889874379743271,0.358075500393097,0.8563563563563563,1.0,0.3813813813813814,0.44171632708618913
Schwung in die Kiste                                                                                                                                                              - Die Orsons                                      ,0.7017017017017017,0.46646646646646645,0.16616616616616617,0.5199421080025922,1.0,0.9798827295438233,0.3311727903134813,0.0,0.9836217552533992,0.5385385385385385,0.5535535535535535,0.18047280396955234
Oft gefragt                                                                                                                                                                       - AnnenMayKantereit                               ,0.6466466466466466,0.4974974974974975,0.3383383383383384,0.5575575575575575,1.0,0.424119802253507,0.6596596596596597,0.313684194591567,0.6116116116116116,0.5385385385385385,0.38238238238238237,0.5970752860898463
Denken Sie groß                                                                                                                                                                   - Deichkind                                       ,0.9038718951509653,0.6391391391391392,0.16616616616616617,0.7283951953555479,1.0,0.6091091091091091,0.41745547890261514,0.0,0.01845844964100855,0.5385385385385385,0.8468468468468469,0.2828165656248659
Ultraleicht                                                                                                                                                                       - Andreas Bourani                                 ,0.43593593593593594,0.44544544544544545,0.16616616616616617,0.3553712839914249,0.0,0.01901901901901902,0.5385385385385385,0.4726521193779796,0.9744029744029744,0.5385385385385385,0.23923923923923923,0.151149101095853
Die immer lacht - Radio 2016 Mix                                                                                                                                                  - Stereoact                                       ,0.8168168168168168,0.2962962962962963,0.3918918918918919,0.4682158043973938,0.0,0.6896896896896897,0.37588767045734256,0.3046582672836091,0.7162162162162162,0.5385385385385385,0.6066066066066066,0.6601870858200017
Hulapalu                                                                                                                                                                          - Andreas Gabalier                                ,0.7802802802802802,0.42492492492492495,0.0,0.8234500442319803,1.0,0.3943943943943944,0.7322306660706304,0.0,0.9711404267863165,0.5385385385385385,0.7697697697697697,0.5831105786508181
Ahnma                                                                                                                                                                             - Beginner                                        ,0.46796796796796797,0.537037037037037,0.6341341341341341,0.5166414859957774,1.0,0.9981561007647964,0.6351351351351351,0.0,0.96887484258452,0.5385385385385385,0.4587586886115268,0.09186456084535845
Wir sind groß                                                                                                                                                                     - Mark Forster                                    ,0.637137137137137,0.436995153473344,0.6341341341341341,0.6046046046046046,0.0,0.9019019019019019,0.7755607323330667,0.0,0.4169169169169169,0.5385385385385385,0.493993993993994,0.12645439217300183
Stimme                                                                                                                                                                            - EFF                                             ,0.8738738738738738,0.6049380488632825,0.7217217217217218,0.827851085140965,0.0,0.5565565565565566,0.4583430516494567,0.26937988091042314,0.7671933852289968,0.5385385385385385,0.6816816816816816,0.5418797265213321
80 Millionen                                                                                                                                                                      - Max Giesinger                                   ,0.5245245245245245,0.43043043043043044,0.8058058058058057,0.41312593363966876,1.0,0.46850328589459017,0.47510674559232985,0.4089498269249217,0.8358358358358359,0.5385385385385385,0.6496496496496497,0.4565753015497477
Musik sein                                                                                                                                                                        - Wincent Weiss                                   ,0.3966037466037465,0.4787662047384891,0.0,0.6374075475964207,1.0,0.6932845283909114,0.5015356182868873,0.0,0.7517517517517518,0.5385385385385385,0.631141355860457,0.8909050991708417
Wenn sie tanzt                                                                                                                                                                    - Max Giesinger                                   ,0.6856856856856857,0.46850328589459017,0.0,0.5606843495234815,1.0,0.25875875875875876,0.43843843843843844,0.0,0.6601601601601601,0.5385385385385385,0.43043043043043044,0.47775533598995595
Keine Maschine                                                                                                                                                                    - Tim Bendzko                                     ,0.7772772772772774,0.32891380842200507,0.8883883883883883,0.4701893166201576,0.0,0.4984984984984985,0.36336336336336333,0.0,0.3033033033033033,0.5385385385385385,0.9364551467355205,0.7662742719593753
Chöre                                                                                                                                                                             - Mark Forster                                    ,0.8818818818818819,0.36436436436436437,0.5445445445445445,0.6327657887351934,0.0,0.22322322322322322,0.6126126126126126,0.0,0.9209209209209209,0.5385385385385385,0.7797797797797797,0.7036215816703609
Leichtes Gepäck                                                                                                                                                                   - Silbermond                                      ,0.5675675675675675,0.44144144144144143,0.0,0.7122866325163708,0.0,0.13113113113113112,0.2858784143580717,0.0,0.8488488488488488,0.5385385385385385,0.5365365365365365,0.5855855855855856
Bonnie & Clyde                                                                                                                                                                    - Sarah Connor                                    ,0.6491491491491492,0.24224224224224225,0.8883883883883883,0.4210396162025818,1.0,0.2277277277277277,0.617117117117117,0.0,0.49199199199199195,0.5385385385385385,0.24274274274274274,0.7650151209100978
Durch die schweren Zeiten                                                                                                                                                         - Udo Lindenberg                                  ,0.5640640640640641,0.26626626626626626,0.6341341341341341,0.6317211982492649,1.0,0.06306306306306306,0.554119547657512,0.0,0.3433433433433434,0.5385385385385385,0.4339339339339339,0.8408416835252159
Pocahontas                                                                                                                                                                        - AnnenMayKantereit                               ,0.5890890890890891,0.3388145288145288,0.27127127127127126,0.35359124643172063,0.0,0.1921921921921922,0.6756756756756757,0.5343113700623184,0.2852852852852853,0.5385385385385385,0.16953200807699859,0.49399880222785797
Scheissmelodie - Single Edit                                                                                                                                                      - Kerstin Ott                                     ,0.6711711711711712,0.6426426426426426,0.27127127127127126,0.6869164133120024,0.0,0.13313313313313313,0.3008008008008008,0.3839718804920914,0.8223223223223224,0.5385385385385385,0.7665619441097147,0.4763992426861382
Geboren um dich zu lieben                                                                                                                                                         - DJ Ötzi                                         ,0.7512512512512513,0.8468468468468469,1.0,0.8440056370569965,0.0,0.16466466466466467,0.3844464182492352,0.0,0.8778778778778779,0.5385385385385385,0.7602602602602602,0.6107304859402668
Hey                                                                                                                                                                               - Andreas Bourani                                 ,0.39789789789789787,0.1981981981981982,0.16616616616616617,0.3302078457935186,1.0,0.2327327327327327,0.7717717717717718,0.0,0.3353353353353353,0.5385385385385385,0.18768768768768768,0.7644067096496049
Du bist schön                                                                                                                                                                     - Alligatoah                                      ,0.7257257257257257,0.42492492492492495,0.8058058058058057,0.5922507873727385,1.0,0.2327327327327327,0.5020190603946949,0.34344528710725897,0.9876463982031124,0.5385385385385385,0.5266647147578986,0.5199337019629193
Sowieso                                                                                                                                                                           - Mark Forster                                    ,0.8693693693693694,0.4189189189189189,0.16616616616616617,0.7042998054234009,0.0,0.9469469469469469,0.41386913647368917,0.3071107832773032,0.1506506506506507,0.5385385385385385,0.7927927927927928,0.6726726726726726
Ist da jemand                                                                                                                                                                     - Adel Tawil                                      ,0.6811811811811812,0.5325325325325325,0.16616616616616617,0.9108249301421456,1.0,0.1921921921921922,0.7237237237237237,0.0,0.25725725725725723,0.5385385385385385,0.5745745745745746,0.8407986099019465
Unendlichkeit                                                                                                                                                                     - CRO                                             ,0.2552552552552553,0.4189189189189189,0.27127127127127126,0.6349773696961961,0.0,0.5542041716407362,0.5715715715715716,0.0,0.6451451451451451,0.005005005005005005,0.5065065065065065,0.05780399689029134
Was du Liebe nennst                                                                                                                                                               - Bausa                                           ,0.9763075547608404,0.2552552552552553,0.27127127127127126,0.42138582521390777,1.0,0.5715715715715716,0.694382584832023,0.36338233507471757,0.03757205481343414,0.5385385385385385,0.8118118118118118,0.8346931574955636
Feuerwerk                                                                                                                                                                         - Wincent Weiss                                   ,0.7077077077077077,0.587087087087087,1.0,0.6850336179894504,1.0,0.13463463463463465,0.5285285285285285,0.2953431987292032,0.6656656656656657,0.5385385385385385,0.7277958929078328,0.8414604731439407
Kogong                                                                                                                                                                            - Mark Forster                                    ,0.7037037037037037,0.28128128128128127,0.16616616616616617,0.329949698003909,1.0,0.5625625625625625,0.5790790790790791,0.4674674674674675,0.5245245245245245,0.5385385385385385,0.5615615615615616,0.7150325682832092
Wannsee                                                                                                                                                                           - Die Toten Hosen                                 ,0.6726726726726726,0.29156765461113293,0.0,0.8506770562010205,1.0,0.32432432432432434,0.35681061050115176,0.0,0.4169169169169169,0.5385385385385385,0.4744744744744745,0.8890266986440839
Zusammen feat. Clueso (feat. Clueso)                                                                                                                                              - Die Fantastischen Vier                          ,0.7822822822822824,0.4394394394394394,0.5445445445445445,0.6375360327563848,0.0,0.3818818818818819,0.349685456733329,0.0,0.7317317317317317,0.5385385385385385,0.7060393727060393,0.5933105602952622
An Wunder                                                                                                                                                                         - Wincent Weiss                                   ,0.41357619144710506,0.5765765765765766,0.8883883883883883,0.5496392195638967,1.0,0.24524524524524524,0.3263303183542466,0.29806590162246077,0.7022022022022022,0.5385385385385385,0.5315315315315315,0.03637954667841581
Vagabund                                                                                                                                                                          - Bausa                                           ,0.983983983983984,0.3078078078078078,0.27127127127127126,0.46945160073897324,1.0,0.47910583105062404,0.6146146146146146,0.4616404367096888,0.16966966966966962,0.5385385385385385,0.7267267267267267,0.32712525861428693
Tausend Tattoos                                                                                                                                                                   - Sido                                            ,0.6916916916916918,0.6186186186186187,1.0,0.8701117663381814,1.0,0.9442961806470085,0.535035035035035,0.0,0.7457457457457457,0.5385385385385385,0.45383831150929116,0.17857175626247176
Cordula Grün                                                                                                                                                                      - Josh.                                           ,0.8613651472955557,0.39289289289289286,0.0,0.5526825221238938,1.0,0.47910583105062404,0.7094726506491212,0.0,0.23023023023023023,0.5385385385385385,0.7957957957957957,0.39253090598675194
Einmal                                                                                                                                                                            - Mark Forster                                    ,0.8908908908908909,0.45795795795795796,0.7217217217217218,0.6384733692025357,1.0,0.7400279823658301,0.4344551087352691,0.0,0.507007007007007,0.5385385385385385,0.8248248248248248,0.6498763906056869
Vermissen (feat. Henning May)                                                                                                                                                     - Juju                                            ,0.7997997997997998,0.4134134134134134,0.8058058058058057,0.7802507672373471,0.0,0.4944944944944945,0.5715715715715716,0.0,0.0970970970970971,0.5385385385385385,0.5595595595595596,0.1454312922485407
Vincent                                                                                                                                                                           - Sarah Connor                                    ,0.7772772772772774,0.5635635635635635,0.16616616616616617,0.8529040715842747,1.0,0.1866866866866867,0.5575575575575575,0.0,0.7062062062062062,0.5385385385385385,0.6056056056056056,0.2600368879765672
Mary                                                                                                                                                                              - Bausa                                           ,0.6916916916916918,0.45795795795795796,0.3918918918918919,0.4248370700797884,1.0,0.6696696696696697,0.3893893893893894,0.0,0.18018018018018017,0.5385385385385385,0.8823823823823824,0.8723559657737006
110                                                                                                                                                                               - Capital Bra                                     ,0.42342342342342343,0.5175175175175175,0.16616616616616617,0.7737737737737738,0.0,0.9965150335520706,0.7403396675241335,0.0,0.3083083083083083,0.5385385385385385,0.5024130785297605,0.9726412015019246
Hoch                                                                                                                                                                              - Tim Bendzko                                     ,0.6876876876876877,0.6036036036036035,0.6341341341341341,0.6916916916916916,1.0,0.8698698698698699,0.7253052762486725,0.2835739387112734,0.3963963963963964,0.5385385385385385,0.37237237237237236,0.8768202193885983
Regenbogenfarben                                                                                                                                                                  - Kerstin Ott                                     ,0.8943943943943944,0.565065065065065,0.4664664664664665,0.7398029476804094,1.0,0.22572572572572575,0.6426426426426426,0.0,0.6226226226226226,0.5385385385385385,0.6256256256256256,0.5582670140803376
Keine Liebe                                                                                                                                                                       - RIN                                             ,0.9369369369369369,0.5845845845845846,0.0,0.7857857857857857,0.0,0.30230230230230226,0.5295295295295295,0.4649974893496592,0.7477477477477478,0.5385385385385385,0.6216216216216216,0.3425556497438537
194 Länder                                                                                                                                                                        - Mark Forster                                    ,0.5625625625625625,0.5260260260260261,0.5445445445445445,0.8440056370569965,1.0,0.6413694497896892,0.515015015015015,0.0,0.521021021021021,0.5385385385385385,0.7337337337337337,0.3481925336109136
"Auf das, was da noch kommt                                                                                                                                                      - LOTTE                                           ",0.5940940940940941,0.6721721721721721,0.5445445445445445,0.8251673245746733,0.0,0.6719919374786634,0.480715059588299,0.2868395353045029,0.36036036036036034,0.5385385385385385,0.7407225407225405,0.5051506466136108
Ich seh nur dich                                                                                                                                                                  - TEY                                             ,0.7997997997997998,0.44144144144144143,0.16616616616616617,0.5824828192363938,1.0,0.18268268268268267,0.6540008940545372,0.0,0.3278278278278278,0.5385385385385385,0.4064064064064064,0.4677694414293306
Warum liebst du mich                                                                                                                                                              - TEY                                             ,0.8818818818818819,0.2652652652652653,0.0,0.35859707908440586,0.0,0.5517036561179176,0.4621552666747662,0.28028232506548034,0.22322322322322322,0.5385385385385385,0.3923923923923924,0.8798496128039984
Nie allein                                                                                                                                                                        - TEY                                             ,0.7187187187187187,0.3758758758758759,0.0,0.37477277778240997,1.0,0.6186663307730991,0.522022022022022,0.0,0.44494494494494496,0.5385385385385385,0.9529529529529529,0.922897044685322
Sonne                                                                                                                                                                             - TEY                                             ,0.9374374374374375,0.3663663663663664,0.8883883883883883,0.5773219028276831,0.0,0.27877877877877877,0.4245478475403881,0.25872151643476504,0.2972972972972973,0.5385385385385385,0.4144144144144144,0.4274782982006553
Team                                                                                                                                                                              - TEY                                             ,0.8278278278278278,0.4264264264264264,0.8058058058058057,0.961692777990065,0.0,0.23473473473473472,0.3153153153153153,0.0,0.7277277277277278,0.5385385385385385,0.4034034034034034,0.8840172914707078
Ein Anruf entfernt                                                                                                                                                                - TEY                                             ,0.7997997997997998,0.3353353353353353,0.5445445445445445,0.4125016025658194,1.0,0.4134134134134134,0.48049837486457203,0.3479623534974089,0.3278278278278278,0.5385385385385385,0.7977977977977978,0.05306914631673484
Ohne dich                                                                                                                                                                         - TEY                                             ,0.944944944944945,0.27977977977977975,0.6341341341341341,0.33905883443050344,0.0,0.4904904904904905,0.5865865865865866,0.0,0.6341341341341342,0.5385385385385385,0.23123123123123124,0.31696653648153844
Qué Más Pues?                                                                                                                                                                     - J Balvin                                        ,0.9830258236518217,0.6206206206206206,0.7217217217217218,0.8966175024064117,1.0,0.7757757757757757,0.37537537537537535,0.44397842321717756,0.6451451451451451,0.5385385385385385,0.8318318318318318,0.3154608631620126
Todo De Ti                                                                                                                                                                        - Rauw Alejandro                                  ,0.8923923923923924,0.4774774774774775,0.3383383383383384,0.9267603783499737,0.0,0.44644644644644643,0.6636636636636637,0.41701801400574634,0.25625625625625625,0.5385385385385385,0.4184184184184184,0.6430822674961006
Pareja Del Año                                                                                                                                                                    - Sebastian Yatra                                 ,0.7962962962962963,0.36336336336336333,0.3918918918918919,0.7667667667667668,0.0,0.3818818818818819,0.5665665665665666,0.0,0.269655071738405,0.5385385385385385,0.8678678678678678,0.0791368675156128
Fiel                                                                                                                                                                              - Los Legendarios                                 ,0.960960960960961,0.45645645645645644,0.5445445445445445,0.85142239082544,0.0,0.5385385385385385,0.7008652657601976,0.0,0.4169169169169169,0.5385385385385385,0.5885885885885885,0.2728884334295503
Mon Amour - Remix                                                                                                                                                                 - zzoilo                                          ,0.8448448448448449,0.5345345345345345,0.27127127127127126,0.5784820300838214,1.0,0.7632632632632632,0.5280074237864755,0.31336913473019334,0.2972972972972973,0.5385385385385385,0.44344344344344344,0.4684864882884685
Yonaguni                                                                                                                                                                          - Bad Bunny                                       ,0.6753480753480755,0.3913913913913914,0.16616616616616617,0.8318318318318318,1.0,0.8058058058058057,0.6472393177170638,0.0,0.5405405405405406,0.5385385385385385,0.5245245245245245,0.9750336566152797
Tiroteo - Remix                                                                                                                                                                   - Marc Seguí                                      ,0.8488488488488488,0.27877877877877877,0.8058058058058057,0.5335335335335335,1.0,0.04504504504504504,0.6501501501501501,0.0,0.13113113113113112,0.5385385385385385,0.6816816816816816,0.4101645324815704
911                                                                                                                                                                               - Sech                                            ,0.9119119119119119,0.40040040040040037,0.6341341341341341,0.9122861914238514,1.0,0.3138138138138138,0.47647647647647645,0.26626626626626626,0.8178178178178178,0.5385385385385385,0.8098098098098098,0.18819243362853919
Hecha Pa' Mi                                                                                                                                                                      - Boza                                            ,0.8118118118118118,0.5260260260260261,0.3918918918918919,0.7797388429213702,1.0,0.5145145145145145,0.6833310743747979,0.4671818619838422,0.3353353353353353,0.5385385385385385,0.8878878878878879,0.3007879334629545
Una Locura                                                                                                                                                                        - Ozuna                                           ,0.7942942942942943,0.5345345345345345,0.4664664664664665,0.8328328328328328,0.0,0.3228228228228228,0.5455455455455456,0.44355900411263743,0.7567567567567568,0.5385385385385385,0.9429429429429429,0.9232242468114539
LA NOCHE DE ANOCHE                                                                                                                                                                - Bad Bunny                                       ,0.9668717630674157,0.36036036036036034,0.6341341341341341,0.7960898958523662,1.0,0.9728059332509271,0.39159588734912837,0.0,0.2032032032032032,0.5385385385385385,0.47347347347347346,0.09599008296548087
Pepas                                                                                                                                                                             - Farruko                                         ,0.8668668668668669,0.5430430430430431,0.6341341341341341,0.897491307939069,1.0,0.14764764764764765,0.29851523476817654,0.39163913439570097,0.5115115115115114,0.5385385385385385,0.5266647147578986,0.7095991806588419
La Curiosidad                                                                                                                                                                     - Jay Wheeler                                     ,0.9569569569569569,0.4264264264264264,1.0,0.808051806537802,0.0,0.8498498498498499,0.6416416416416416,0.4771879901779628,0.37887887887887883,0.5385385385385385,0.7527527527527528,0.15531561256059442
Tú Me Dejaste De Querer                                                                                                                                                           - C. Tangana                                      ,0.9409409409409409,0.4824824824824825,0.3918918918918919,0.8100433178244827,0.0,0.9476759870441522,0.6646646646646647,0.5176843510176843,0.30930930930930933,0.5385385385385385,0.5885885885885885,0.11186148702900768
Me Rehúso                                                                                                                                                                         - Danny Ocean                                     ,0.8378378378378378,0.5990990990990991,0.16616616616616617,0.6148451408922809,1.0,0.5955955955955956,0.36528925619834707,0.0,0.029912616393729705,0.5385385385385385,0.508008008008008,0.34867897530662517
Hawái                                                                                                                                                                             - Maluma                                          ,0.9009009009009009,0.48848848848848847,0.5445445445445445,0.9379379379379379,0.0,0.992992992992993,0.5885885885885885,0.35459175247099595,0.07835218093699513,0.5385385385385385,0.6286286286286287,0.9775735524747512
Fantasias                                                                                                                                                                         - Rauw Alejandro                                  ,0.9779779779779779,0.45945945945945943,0.16616616616616617,0.8705955592748045,1.0,0.6126126126126126,0.549049049049049,0.0,0.05305305305305305,0.5385385385385385,0.8503503503503503,0.2042042042042042
DÁKITI                                                                                                                                                                            - Bad Bunny                                       ,0.8198198198198198,0.3213213213213213,0.3918918918918919,0.30678264833563895,0.0,0.4874874874874875,0.6977750309023484,0.3823029313745494,0.4244244244244244,0.5385385385385385,0.18018018018018017,0.4007272573665631
Báilame - Remix                                                                                                                                                                   - Nacho                                           ,0.6791791791791792,0.6966966966966966,0.5445445445445445,0.8711225461115957,1.0,0.7487648515225667,0.6416416416416416,0.295456065546359,0.3963963963963964,0.5385385385385385,0.8258258258258259,0.9914234612931634
Despeinada                                                                                                                                                                        - Ozuna                                           ,0.8228228228228228,0.5580580580580581,0.7217217217217218,0.9080306159640383,1.0,0.5500500500500501,0.5855855855855856,0.45838452364339244,0.487987987987988,0.5385385385385385,0.7862862862862863,0.9180174321195625
Tal Vez                                                                                                                                                                           - Paulo Londra                                    ,0.965965965965966,0.39289289289289286,0.7217217217217218,0.9829957500967272,1.0,0.8728728728728729,0.6306306306306306,0.0,0.1626626626626627,0.5385385385385385,0.8068068068068068,0.9083732854220891
Ingobernable                                                                                                                                                                      - C. Tangana                                      ,0.7802802802802802,0.5275275275275275,0.5445445445445445,0.7047047047047047,0.0,0.5801487315431539,0.5935935935935935,0.42842842842842843,0.03757205481343414,0.5385385385385385,0.8038038038038038,0.3517033388528715
A Un Paso De La Luna                                                                                                                                                              - Ana Mena                                        ,0.8378378378378378,0.5510510510510511,0.8883883883883883,0.7326327039543997,1.0,0.473973973973974,0.6946946946946947,0.0,0.81260483322339,0.5385385385385385,0.975975975975976,0.5401390032262522
Sola                                                                                                                                                                              - Anuel AA                                        ,0.6666666666666666,0.7062062062062062,1.0,0.8919533755521134,1.0,0.8688688688688688,0.6426426426426426,0.0,0.16316316316316315,0.5385385385385385,0.8308308308308309,0.927971054407166
No Me Conoce - Remix                                                                                                                                                              - Jhay Cortez                                     ,0.9104104104104105,0.5785785785785785,0.8883883883883883,0.9080306159640383,0.0,0.5375375375375375,0.5495495495495496,0.0,0.22422422422422422,0.5385385385385385,0.6556556556556556,0.17354285496141209
Nena Maldición (feat. Lenny Tavárez)                                                                                                                                              - Lenny Tavárez                                   ,0.5460460460460461,0.2867867867867868,0.5445445445445445,0.5768402072592823,1.0,0.6219238106030559,0.5910501730750783,0.0,0.6601601601601601,0.5385385385385385,0.44794794794794796,0.4965947278368413
Vida de Rico                                                                                                                                                                      - Camilo                                          ,0.9414414414414414,0.23423423423423423,0.5445445445445445,0.7294704968985598,1.0,0.48648648648648646,0.5703021703021702,0.0,0.015675766189535197,0.5385385385385385,0.9729729729729729,0.13805948229160905
A Mí                                                                                                                                                                              - Rels B                                          ,0.9584584584584585,0.3003003003003003,0.16616616616616617,0.605096125862899,1.0,0.9605594803436529,0.6236236236236237,0.6247576564192235,0.016534392956316427,0.5385385385385385,0.6016016016016016,0.21616650554887043
Demasiadas Mujeres                                                                                                                                                                - C. Tangana                                      ,0.7017017017017017,0.23223223223223222,0.8058058058058057,0.49448164592915206,0.0,0.9932738129873766,0.537037037037037,0.4233958614434209,0.1891891891891892,0.5385385385385385,0.43993993993993996,0.616134885830939
El Farsante                                                                                                                                                                       - Ozuna                                           ,0.8242677824267791,0.45945945945945943,0.5445445445445445,0.8668569233302234,1.0,0.5476674912798263,0.5965965965965966,0.0,0.7752284304008442,0.5385385385385385,0.3963963963963964,0.5154597778075228
Si Estuviésemos Juntos                                                                                                                                                            - Bad Bunny                                       ,0.7257257257257257,0.3407378410395911,0.16616616616616617,0.5560257676211973,0.0,0.6606606606606606,0.46058336342856715,0.381758824729647,0.5930930930930931,0.5385385385385385,0.1981981981981982,0.9387835055861571
Mil Tequilas                                                                                                                                                                      - Chema Rivas                                     ,0.7667667667667668,0.5530530530530531,0.16616616616616617,0.8989298479055687,1.0,0.8428428428428428,0.6146146146146146,0.0,0.27576837192221804,0.5385385385385385,0.34934934934934936,0.30131907917928646
Mamichula - con Nicki Nicole                                                                                                                                                      - Trueno                                          ,0.7637637637637638,0.4274274274274274,0.3918918918918919,0.67056901366142,0.0,0.6326326326326326,0.7562925244084664,0.27427427427427425,0.5365365365365365,0.5385385385385385,0.42492492492492495,0.17360225854938904
LA CANCIÓN                                                                                                                                                                        - J Balvin                                        ,0.8558558558558559,0.3888888888888889,0.6341341341341341,0.682977060074499,1.0,0.9810685063372373,0.5585585585585585,0.3462453875762948,0.37887887887887883,0.5385385385385385,0.5125125125125125,0.9648180200547486
Adan y Eva                                                                                                                                                                        - Paulo Londra                                    ,0.8738738738738738,0.4674674674674675,0.16616616616616617,0.8457843265640963,1.0,0.9847593686365281,0.6705409029950825,0.0,0.09847095417565212,0.5385385385385385,0.7862862862862863,0.9400481255770902
Antes de Morirme (feat. Rosalía)                                                                                                                                                  - C. Tangana                                      ,0.9712905409668612,0.26326326326326327,0.7217217217217218,0.37381081526840193,0.0,0.8968968968968969,0.47080593939042376,0.5172315172315173,0.37887887887887883,0.5385385385385385,0.16466466466466467,0.2697589279374782
Tusa                                                                                                                                                                              - KAROL G                                         ,0.9219219219219219,0.4744744744744745,0.27127127127127126,0.9481784209963761,1.0,0.9764764764764764,0.6571715127864862,0.41249522353840273,0.05573505654281095,0.5385385385385385,0.6536536536536537,0.30843535304473857
Se Preparó                                                                                                                                                                        - Ozuna                                           ,0.8293293293293293,0.6226226226226226,0.16616616616616617,0.8686884367956579,1.0,0.692875363088129,0.6139472806139473,0.3263291043767003,0.8378378378378378,0.5385385385385385,0.7627627627627628,0.9345614254374957
Una Lady Como Tú                                                                                                                                                                  - Manuel Turizo                                   ,0.9024024024024024,0.24824824824824826,0.3918918918918919,0.49831825191168116,1.0,0.3358358358358358,0.7447447447447447,0.0,0.8853853853853855,0.5385385385385385,0.9119119119119119,0.21913034688365124
Traicionera                                                                                                                                                                       - Sebastian Yatra                                 ,0.8853853853853855,0.4289289289289289,1.0,0.7837072018890202,1.0,0.39039039039039036,0.553322968577206,0.0,0.6026026026026026,0.5385385385385385,0.7457457457457457,0.16424297339383923
Soltera - Remix                                                                                                                                                                   - Lunay                                           ,0.9119119119119119,0.5685685685685686,0.4664664664664665,0.8649350649350651,1.0,0.33183183183183185,0.6829784650659121,0.0,0.9388133498145858,0.5385385385385385,0.8598598598598598,0.17533710739510502
Fiebre (Prod. King DouDou)                                                                                                                                                        - Bad Gyal                                        ,0.36186186186186187,0.4792132320071525,0.6341341341341341,0.6236089569422902,1.0,0.5135135135135135,0.6396396396396397,0.0,0.7357357357357357,0.5385385385385385,0.3036416137807788,0.2725490230338953
11 PM                                                                                                                                                                             - Maluma                                          ,0.8883883883883883,0.47097097097097096,0.8883883883883883,0.8026699576791209,1.0,0.969263256189051,0.6101266726913056,0.0,0.23823823823823823,0.5385385385385385,0.7527527527527528,0.23611189520966794
Caramelo                                                                                                                                                                          - Ozuna                                           ,0.8153203759877167,0.6026026026026026,0.5445445445445445,0.9159357159357159,1.0,0.5565565565565566,0.44275664050068736,0.43858946068890825,0.5965965965965966,0.5385385385385385,0.7671933852289968,0.9236839930611851
Morado                                                                                                                                                                            - J Balvin                                        ,0.978978978978979,0.44844844844844844,1.0,0.9099744866966346,0.0,0.6666666666666666,0.5425425425425425,0.3750134945071653,0.25225225225225223,0.5385385385385385,0.8433433433433433,0.2602308461785743
La Jeepeta - Remix                                                                                                                                                                - Nio Garcia                                      ,0.9344344344344344,0.4744744744744745,0.3918918918918919,0.8260881782525857,0.0,0.933933933933934,0.6596596596596597,0.30100317353178957,0.23823823823823823,0.5385385385385385,0.8468468468468469,0.9633665305208973
Callaita                                                                                                                                                                          - Bad Bunny                                       ,0.6116116116116116,0.36536536536536535,0.27127127127127126,0.8108621441954774,1.0,0.9788359788359788,0.7625086331566637,0.2724308514032586,0.7597597597597597,0.5385385385385385,0.3073073073073073,0.9651164809269253
Pa Mí - Remix                                                                                                                                                                     - Dalex                                           ,0.7492492492492493,0.36236236236236236,1.0,0.43416143416143416,0.0,0.943943943943944,0.8124765653346689,0.3054978054978055,0.6091091091091092,0.5385385385385385,0.7927927927927928,0.9308025609519489
Criminal                                                                                                                                                                          - Natti Natasha                                   ,0.93296117128802,0.6116116116116116,0.27127127127127126,0.9631017688700596,0.0,0.5035035035035035,0.3893893893893894,0.4021445672738121,0.7715867642428229,0.5385385385385385,0.8958958958958959,0.07804739534258408
Otra vez (feat. J Balvin)                                                                                                                                                         - Zion & Lennox                                   ,0.9479479479479479,0.5530530530530531,0.8883883883883883,0.7293716142722372,1.0,0.7572572572572572,0.44830371567043603,0.45504692985079237,0.93993993993994,0.5385385385385385,0.7717717717717718,0.24470131532145273
Tutu                                                                                                                                                                              - Camilo                                          ,0.8198198198198198,0.6406406406406406,0.8058058058058057,0.9779626980556132,1.0,0.44244244244244246,0.6454091706385284,0.0,0.09514711501719526,0.5385385385385385,0.968355414694043,0.841482058828315
Andas En Mi Cabeza                                                                                                                                                                - Chino & Nacho                                   ,0.7237237237237237,0.8808808808808809,0.8058058058058057,0.9918567863353139,1.0,0.8338338338338338,0.3691508409818269,0.0,0.4074074074074074,0.5385385385385385,0.6382500075090398,0.34279194836229443
Relación                                                                                                                                                                          - Sech                                            ,0.9240781848741205,0.3133133133133133,0.6341341341341341,0.9569270047521781,0.0,0.7732732732732732,0.5305305305305306,0.3025662688773894,0.5825825825825826,0.5385385385385385,0.8308308308308309,0.9412629640468525
Adicto (with Anuel AA & Ozuna)                                                                                                                                                    - Tainy                                           ,0.8228228228228228,0.6486486486486487,0.8883883883883883,0.8065801547161197,0.0,0.6326326326326326,0.34534534534534533,0.3424914364095168,0.6601601601601601,0.5385385385385385,0.7022022022022022,0.07836125083580035
Indeciso                                                                                                                                                                          - Reik                                            ,0.8278278278278278,0.5165165165165165,0.0,0.7948000219540688,1.0,0.3688688688688689,0.5823906430702549,0.0,0.3963963963963964,0.5385385385385385,0.9364551467355205,0.21730335737818748
Reggaetón Lento (Bailemos)                                                                                                                                                        - CNCO                                            ,0.8658658658658659,0.6531531531531531,0.3918918918918919,0.9589071105003308,0.0,0.44094094094094094,0.6972687790765592,0.0,0.6536536536536537,0.5385385385385385,0.7757757757757757,0.201189195261159
La Playa                                                                                                                                                                          - Myke Towers                                     ,0.9139139139139139,0.4337242071617071,0.8883883883883883,0.9718662581393169,0.0,0.8713713713713713,0.5135135135135135,0.0,0.36936936936936937,0.5385385385385385,0.4339339339339339,0.8044510774979523
Contando Lunares (feat. Cruz Cafuné)                                                                                                                                              - Don Patricio                                    ,0.9668717630674157,0.27977977977977975,0.3918918918918919,0.28565330420569507,0.0,0.8368368368368369,0.7135957444372477,0.0,0.04104104104104104,0.5385385385385385,0.7747747747747747,0.3630164594193372
Que Va                                                                                                                                                                            - Alex Sensation                                  ,0.8723723723723724,0.6326326326326326,0.0,0.9459252027303604,1.0,0.4804804804804805,0.554119547657512,0.0,0.03492424174916757,0.5385385385385385,0.8903903903903905,0.1652066185688745
Bonita                                                                                                                                                                            - J Balvin                                        ,0.8853853853853855,0.7002002002002001,0.4664664664664665,0.9947229715591298,0.0,0.2977977977977978,0.3283283283283283,0.5461551541574324,0.7957957957957957,0.5385385385385385,0.9184184184184183,0.24724724724724725
Tattoo                                                                                                                                                                            - Rauw Alejandro                                  ,0.8573573573573574,0.35935935935935936,0.8058058058058057,0.7610160913241875,1.0,0.9089089089089089,0.36159917348977993,0.0,0.07657657657657657,0.5385385385385385,0.8108108108108109,0.9928603590707344
Mala Mujer                                                                                                                                                                        - C. Tangana                                      ,0.950950950950951,0.49149149149149146,0.0,0.8356097162018484,0.0,0.8428428428428428,0.6217995773551329,0.3531690122135203,0.1091091091091091,0.5385385385385385,0.5535535535535535,0.3072490988432019
Amorfoda                                                                                                                                                                          - Bad Bunny                                       ,0.8478478478478478,0.21421421421421422,0.8058058058058057,0.44474400655512386,0.0,0.5285285285285285,0.9539539539539539,0.4107440774107441,0.1809488196882509,0.05005005005005005,0.37787787787787785,0.8512439401840819
Vaina Loca                                                                                                                                                                        - Ozuna                                           ,0.8558558558558559,0.6011011011011012,0.5445445445445445,0.8668569233302234,1.0,0.6418618924995392,0.6664164164164168,0.0,0.7062062062062062,0.5385385385385385,0.6376376376376376,0.20172678791260676
No Es Justo                                                                                                                                                                       - J Balvin                                        ,0.7457457457457457,0.6091091091091092,0.6341341341341341,0.8427588842185708,1.0,0.6206206206206206,0.5655655655655656,0.44494172154907874,0.20699985699985698,0.5385385385385385,0.7877877877877878,0.13649889704439835
Otro Trago                                                                                                                                                                        - Sech                                            ,0.8413413413413413,0.45495495495495497,0.0,0.8239500696280534,1.0,0.9858510801907029,0.542042042042042,0.4165321643762066,0.3963963963963964,0.5385385385385385,0.6976976976976977,0.9638840709450008
Alocao (With Bad Gyal)                                                                                                                                                            - Omar Montes                                     ,0.7272272272272272,0.5215215215215215,1.0,0.8191297482248918,0.0,0.5095095095095095,0.6076076076076076,0.26098286482473565,0.36036036036036034,0.5385385385385385,0.7677677677677678,0.9699194944139446
Se iluminaba                                                                                                                                                                      - Fred De Palma                                   ,0.9064064064064064,0.44544544544544545,0.0,0.7844848897480475,0.0,0.5695695695695696,0.4830928076142297,0.0,0.11311311311311312,0.5385385385385385,0.7042042042042043,0.5685256111014492
Me Niego (feat. Ozuna & Wisin)                                                                                                                                                    - Reik                                            ,0.8883883883883883,0.5625625625625625,0.0,0.8476312400319895,0.0,0.7438533750558785,0.444413931987734,0.0,0.972649554221154,0.5385385385385385,0.8318318318318318,0.20754977876106084
Safaera                                                                                                                                                                           - Bad Bunny                                       ,0.6066066066066066,0.6351351351351351,0.27127127127127126,0.8859299693305178,1.0,0.9918418141592921,0.31431431431431434,0.0,0.36936936936936937,0.5385385385385385,0.7568759235425901,0.2499597295238635
Buenos Genes                                                                                                                                                                      - Rels B                                          ,0.9229229229229229,0.2902902902902903,0.3918918918918919,0.3906035023711876,0.0,0.8628628628628628,0.7283950617283951,0.0,0.37887887887887883,0.5385385385385385,0.7072072072072072,0.8720716346626393
Bella                                                                                                                                                                             - Wolfine                                         ,0.9895245120164792,0.2592950092950094,0.3383383383383384,0.5705314163153214,1.0,0.6326326326326326,0.5338606800870952,0.4146399055489965,0.507007007007007,0.5385385385385385,0.9009009009009009,0.20634314100114756
Condiciones                                                                                                                                                                       - Maikel Delacalle                                ,0.9309309309309309,0.2882882882882883,0.8058058058058057,0.5525429167335151,0.0,0.8058058058058057,0.458227644840455,0.0,0.7772772772772774,0.5385385385385385,0.6491491491491492,0.8001803173036036
Ahora Dice                                                                                                                                                                        - Chris Jedi                                      ,0.7787787787787788,0.44144144144144143,0.5445445445445445,0.7257257257257257,1.0,0.8863863863863863,0.6293043043043042,0.0,0.487987987987988,0.5385385385385385,0.48648648648648646,0.8287930239897537
To My Love - Tainy Remix                                                                                                                                                          - Bomba Estéreo                                   ,0.8693693693693694,0.3383383383383383,0.6341341341341341,0.8628170186133793,1.0,0.2602602602602603,0.535035035035035,0.5533124648214162,0.19169169169169165,0.5385385385385385,0.34634634634634637,0.29571133519620907
Mayores                                                                                                                                                                           - Becky G                                         ,0.8393393393393394,0.6486486486486487,0.4664664664664665,0.8590406439888351,0.0,0.35235235235235235,0.5510510510510511,0.5175175175175175,0.44494494494494496,0.5385385385385385,0.9214214214214214,0.25979444022405734
Secreto                                                                                                                                                                           - Anuel AA                                        ,0.9264264264264264,0.597097097097097,1.0,0.8774498229043682,1.0,0.8253253253253253,0.7631450257597048,0.5537023934929693,0.5445445445445445,0.5385385385385385,0.7727727727727728,0.17372106572534213
Miss Lonely                                                                                                                                                                       - Sech                                            ,0.7577577577577578,0.4224224224224224,0.0,0.677345964721519,1.0,0.8978978978978979,0.6606606606606606,0.0,0.6306306306306306,0.5385385385385385,0.7787787787787788,0.09406020423087157
Ibiza                                                                                                                                                                             - Ozuna                                           ,0.7537537537537538,0.46850328589459017,0.4664664664664665,0.7610160913241875,1.0,0.984485170665593,0.6306306306306306,0.0,0.37887887887887883,0.5385385385385385,0.7917917917917918,0.9914907651820293
No Te Debí Besar                                                                                                                                                                  - C. Tangana                                      ,0.7257257257257257,0.4344344344344344,0.8058058058058057,0.6967457486547576,0.0,0.9807562260579078,0.5305305305305306,0.5906847919943026,0.6671671671671671,0.05005005005005005,0.6987222768807348,0.04249641867613422
Sensualidad                                                                                                                                                                       - Bad Bunny                                       ,0.9264264264264264,0.4314314314314314,1.0,0.6217940056933334,1.0,0.7487648515225667,0.7076624250883568,0.0,0.2802802802802803,0.5385385385385385,0.7487487487487487,0.7997997997997998
Felices los 4                                                                                                                                                                     - Maluma                                          ,0.8723723723723724,0.5260260260260261,0.4664664664664665,0.6736736736736737,1.0,0.8393393393393394,0.6056056056056056,0.0,0.8853853853853855,0.5385385385385385,0.7817817817817818,0.20810287610619418
Sin Pijama                                                                                                                                                                        - Becky G                                         ,0.9064064064064064,0.512012012012012,1.0,0.9209099100200189,0.0,0.3883883883883884,0.6805194805194804,0.36262277902902906,0.3433433433433434,0.5385385385385385,0.8823823823823824,0.2060477566095538
Escápate Conmigo (feat. Ozuna)                                                                                                                                                    - Wisin                                           ,0.8378378378378378,0.6861861861861862,1.0,0.9546941277710509,1.0,0.6655795777479218,0.373300303086879,0.38851149068712987,0.21421421421421422,0.5385385385385385,0.8483483483483483,0.17314154416642313
Guerrera                                                                                                                                                                          - DELLAFUENTE                                     ,0.8648648648648649,0.34934934934934936,0.5445445445445445,0.6401479084405914,1.0,0.46146146146146144,0.5685685685685685,0.0,0.6726726726726726,0.5385385385385385,0.7207207207207207,0.4597941226522497
Ahora Me Llama                                                                                                                                                                    - KAROL G                                         ,0.6791791791791792,0.3213213213213213,0.6341341341341341,0.6935406596636208,0.0,0.28978978978978975,0.30987783521567297,0.37253369469533676,0.25625625625625625,0.5385385385385385,0.13563563563563563,0.7556562565683329
Usted                                                                                                                                                                             - Juan Magán                                      ,0.7922922922922924,0.6426426426426426,0.0,0.8823401950162514,1.0,0.5525525525525525,0.33733733733733734,0.0,0.7897897897897898,0.5385385385385385,0.40040040040040037,0.3494078588658435
Perro Fiel (feat. Nicky Jam)                                                                                                                                                      - Shakira                                         ,0.8488488488488488,0.5325325325325325,0.16616616616616617,0.8030080384570533,1.0,0.9254254254254255,0.5865865865865866,0.0,0.044530906227564324,0.5385385385385385,0.934934934934935,0.9838815836316978
"Yo x Ti, Tu x Mi                                                                                                                                                                - ROSALÍA                                         ",0.8923923923923924,0.5315315315315315,0.16616616616616617,0.9474862044955503,1.0,0.9459459459459459,0.7194828651484265,0.47491245706806023,0.5665665665665666,0.5385385385385385,0.6576576576576576,0.17215746009995303
Nunca Estoy                                                                                                                                                                       - C. Tangana                                      ,0.9908343984447961,0.1971971971971972,0.27127127127127126,0.762833247269633,1.0,0.8883883883883883,0.7247247247247247,0.5236017100106876,0.8208208208208209,0.5385385385385385,0.48148148148148145,0.7560243022478673
Picky                                                                                                                                                                             - Joey Montana                                    ,0.8968968968968969,0.5165165165165165,0.7217217217217218,0.8215419848476393,1.0,0.7112112112112112,0.553322968577206,0.0,0.6451451451451451,0.5385385385385385,0.8659207930731111,0.19054721036623423
Quiere Beber                                                                                                                                                                      - Anuel AA                                        ,0.8818818818818819,0.31931931931931934,0.7217217217217218,0.9353933752051856,1.0,0.7942942942942943,0.6876876876876877,0.5349530846768416,0.37887887887887883,0.5385385385385385,0.8348348348348348,0.22859826562138122
Baila Conmigo (feat. Kelly Ruiz)                                                                                                                                                  - Dayvi                                           ,0.8393393393393394,0.9274274274274275,0.6341341341341341,0.9336836836836837,1.0,0.652156192519462,0.3064374350945445,0.7179998847606072,0.8193193193193193,0.5385385385385385,0.6382500075090398,0.6733382300770016
Te Boté - Remix                                                                                                                                                                   - Nio Garcia                                      ,0.9875875875875876,0.4224224224224224,1.0,0.9390698632646787,0.0,0.9394394394394394,0.7428571428571429,0.336222646781653,0.06639653533242428,0.5385385385385385,0.5266647147578986,0.2527960459056497
Con Altura                                                                                                                                                                        - ROSALÍA                                         ,0.9794794794794794,0.44044044044044045,0.5445445445445445,0.891540663470488,1.0,0.8198198198198198,0.6934095385708289,0.5190646085141498,0.030810021404498674,0.5385385385385385,0.8118118118118118,0.2709354197065719
Zorra                                                                                                                                                                             - Bad Gyal                                        ,0.6631631631631631,0.3948948948948949,1.0,0.5759321345921696,1.0,0.9129129129129129,0.7875875875875876,0.27384719761401377,0.15415415415415415,0.5385385385385385,0.8028028028028028,0.9645136854606003
Calma - Remix                                                                                                                                                                     - Pedro Capó                                      ,0.9434434434434434,0.5545545545545546,1.0,0.8707165075089603,0.0,0.4670468495192812,0.6705409029950825,0.0,0.5665665665665666,0.5385385385385385,0.8248248248248248,0.6257659785111923
Síguelo Bailando                                                                                                                                                                  - Ozuna                                           ,0.965965965965966,0.4114114114114114,0.8058058058058057,0.5216357749220846,0.0,0.5445445445445445,0.5685685685685685,0.3723733354907184,0.26076076076076077,0.5385385385385385,0.7060393727060393,0.2734415904033265
Downtown                                                                                                                                                                          - Anitta                                          ,0.8853853853853855,0.4289289289289289,0.3918918918918919,0.7837072018890202,0.0,0.8473473473473474,0.5805805805805806,0.39338912927837316,0.10096930533117926,0.5385385385385385,0.6976976976976977,0.9179636700772986
Booty                                                                                                                                                                             - C. Tangana                                      ,0.9419419419419419,0.5510510510510511,0.16616616616616617,0.881001063220741,1.0,0.6706706706706707,0.3433433433433433,0.27127127127127126,0.22902145932288714,0.5385385385385385,0.7832832832832832,0.32706612521426426
Behold Christ The Lord - Live                                                                                                                                                     - Ricky Dillard                                   ,0.6006006006006006,0.8173173173173174,0.16616616616616617,0.6954802870631354,1.0,0.7332332332332333,0.5935935935935935,0.0,0.9976246411096377,0.5385385385385385,0.6451451451451451,0.31483612275006795
Just Like God                                                                                                                                                                     - Evvie McKinney                                  ,0.36536536536536535,0.5275275275275275,0.7217217217217218,0.8729618868926973,1.0,0.6751751751751751,0.5560560560560561,0.3101918058967073,0.7197197197197197,0.5385385385385385,0.3763763763763764,0.8820644882090194
Here We Are                                                                                                                                                                       - Cross Worship                                   ,0.5841670141553456,0.7452452452452452,1.0,0.8834543370271303,0.0,0.8393393393393394,0.5935935935935935,0.0,0.496996996996997,0.5385385385385385,0.5555555555555556,0.5124697831379598
Break Every Chain - Live                                                                                                                                                          - Tasha Cobbs Leonard                             ,0.3108108108108108,0.4361873990306946,0.8058058058058057,0.5896260046735449,1.0,0.477977977977978,0.33733733733733734,0.0,0.9630552546045503,0.5385385385385385,0.2027463651050081,0.4388524053328522
Fear Is Not Welcome (with Hillary Scott)                                                                                                                                          - Brian Courtney Wilson                           ,0.46296296296296297,0.2520282520282521,0.8883883883883883,0.4531080303101028,1.0,0.15415415415415415,0.4968080638778313,0.0,0.5910910910910911,0.5385385385385385,0.31431431431431434,0.7061071863230132
The Table                                                                                                                                                                         - Jonathan Traylor                                ,0.4724724724724725,0.3157058157058157,0.8058058058058057,0.5860684769775678,1.0,0.10960960960960961,0.39159588734912837,0.0,0.09208217136859354,0.5385385385385385,0.21921921921921922,0.2445834185989812
Never Alone                                                                                                                                                                       - Tori Kelly                                      ,0.537037037037037,0.2952952952952953,0.16616616616616617,0.38938409615101344,1.0,0.8498498498498499,0.6266266266266266,0.2782495213643774,0.6451451451451451,0.5385385385385385,0.6326326326326326,0.16352590983690096
Anyhow - Radio Edit                                                                                                                                                               - Tye Tribbett                                    ,0.36436436436436437,0.2213349107759047,0.8058058058058057,0.6219663897650451,0.0,0.23873873873873874,0.7527527527527528,0.0,0.18164076366566895,0.05005005005005005,0.47347347347347346,0.8711888147844756
Breakthrough - Live                                                                                                                                                               - Ricky Dillard                                   ,0.45945945945945943,0.5810810810810811,0.3383383383383384,0.5535121681415929,1.0,0.5585585585585585,0.6186186186186187,0.0,0.9938104559988802,0.5385385385385385,0.3182458224240954,0.44720757905486125
Lean Back                                                                                                                                                                         - WorshipMob                                      ,0.3012903993102014,0.15999999999999992,0.4664664664664665,0.45267625138091466,1.0,0.06706706706706707,0.7750367606275387,0.0,0.9229229229229229,0.5385385385385385,0.4124124124124124,0.8063846767707274
Amazing Grace                                                                                                                                                                     - Keith & Kristyn Getty                           ,0.21571571571571574,0.09559559559559559,0.16616616616616617,0.31951484488529835,1.0,0.0995995995995996,0.8732065398732065,0.0,0.30575882004453436,0.05005005005005005,0.37237237237237236,0.23704274584900809
All Of My Help - Live                                                                                                                                                             - Ricky Dillard                                   ,0.38538538538538536,0.7062062062062062,0.16616616616616617,0.5241307446363627,0.0,0.974974974974975,0.5605605605605606,0.3129097358134459,0.9848897729018072,0.5385385385385385,0.5255255255255256,0.9744485172407987
The Potter's House - Live                                                                                                                                                         - Tramaine Hawkins                                ,0.3813813813813814,0.3663663663663664,0.16616616616616617,0.28975308233141256,1.0,0.8628628628628628,0.7957957957957957,0.0,0.9825659365221278,1.0,0.6601601601601601,0.6946815740878822
Grace                                                                                                                                                                             - Kelly Price                                     ,0.31981981981981983,0.3283283283283283,0.7217217217217218,0.6671440695947383,0.0,0.3973973973973974,0.7217217217217217,0.0,0.2952952952952953,0.05005005005005005,0.3883883883883884,0.5628138614027949
When Sunday Comes                                                                                                                                                                 - Daryl Coley                                     ,0.15215215215215216,0.38238238238238237,0.4664664664664665,0.35019225896585193,0.0,0.6825437506471986,0.6682201538555129,0.0,0.7042042042042043,0.05005005005005005,0.29479479479479476,0.7927031144335345
Hope                                                                                                                                                                              - Jonathan Traylor                                ,0.9726217445515692,0.5345345345345345,0.4664664664664665,0.8607053794086214,1.0,0.5615615615615616,0.4150076682186774,0.3303789503789501,0.43843843843843844,0.5385385385385385,0.7417417417417418,0.49665943809665325
I Need You Now                                                                                                                                                                    - Smokie Norful                                   ,0.28428428428428426,0.15343730827601795,0.4664664664664665,0.31465809639093417,0.0,0.07607607607607608,0.8051401027989658,0.0,0.5930930930930931,0.05005005005005005,0.3738738738738739,0.2556446218784189
Still                                                                                                                                                                             - Brian Courtney Wilson                           ,0.2772772772772773,0.2867867867867868,0.8883883883883883,0.35340455736236565,1.0,0.6366366366366366,0.7352559752872497,0.0,0.2909087194801481,0.5385385385385385,0.4064064064064064,0.8434431695391781
Lift Every Voice And Sing                                                                                                                                                         - Tasha Cobbs Leonard                             ,0.09759759759759759,0.2602602602602603,0.3383383383383384,0.590965965965966,1.0,0.1046046046046046,0.814317172395775,0.0,0.617117117117117,0.5385385385385385,0.26412682112163977,0.1929388482625376
So Will I (100 Billion X) - Live                                                                                                                                                  - Cross Worship                                   ,0.24224224224224225,0.3898898898898899,0.8883883883883883,0.5628720690074109,1.0,0.3483483483483483,0.45945945945945943,0.0,0.44994994994994997,0.5385385385385385,0.3333333333333333,0.6303606876662043
You Get The Glory                                                                                                                                                                 - Jonathan Traylor                                ,0.2527527527527528,0.1841841841841842,1.0,0.23304233281961567,1.0,0.14464464464464466,0.7067067067067067,0.0,0.22522522522522523,0.5385385385385385,0.1971971971971972,0.9370142375661579
Center Of My Joy - Live                                                                                                                                                           - Richard Smallwood                               ,0.22522522522522523,0.3948948948948949,0.3383383383383384,0.7326327039543997,1.0,0.24074074074074076,0.7280613947280614,0.0,0.9718631006797221,0.5385385385385385,0.4064064064064064,0.12938040428331463
You Know My Name                                                                                                                                                                  - Tasha Cobbs Leonard                             ,0.23173173173173173,0.23623623623623624,0.6341341341341341,0.5366002199943806,1.0,0.12762762762762764,0.5465465465465466,0.0,0.15148481815148482,0.05005005005005005,0.24274274274274274,0.26679164464845134
Thank You Lord - Live / Edit                                                                                                                                                      - Joyous Celebration                              ,0.7122122122122122,0.35835835835835833,0.27127127127127126,0.5257154926602599,1.0,0.2127127127127127,0.2733836034012514,0.30100317353178957,0.5540540540540541,0.05005005005005005,0.5235235235235235,0.4847216106246032
Beautiful Scars                                                                                                                                                                   - Merry Clayton                                   ,0.4344344344344344,0.32432432432432434,0.0,0.5495495495495496,0.0,0.3088088088088088,0.7997997997997998,0.0,0.8768768768768769,0.5385385385385385,0.2602602602602603,0.5053045780217752
Inhabit Our Praise                                                                                                                                                                - Cross Worship                                   ,0.41357619144710506,0.52002002002002,1.0,0.6337479580557756,1.0,0.30680680680680683,0.6056056056056056,0.0,0.35235235235235235,0.5385385385385385,0.5255255255255256,0.04109461772409984
Look No Further - Radio Version                                                                                                                                                   - Evvie McKinney                                  ,0.34534534534534533,0.4494494494494494,0.6341341341341341,0.7612549258118876,1.0,0.5360360360360361,0.5885885885885885,0.0,0.3963963963963964,0.5385385385385385,0.21371371371371373,0.028274817421823268
High Up                                                                                                                                                                           - Jonathan Traylor                                ,0.8063063063063063,0.23423423423423423,0.4664664664664665,0.5658982960506617,0.0,0.6051051051051052,0.6894715696907764,0.0,0.2782782782782783,0.5385385385385385,0.6326326326326326,0.8140669494394326
You Say                                                                                                                                                                           - WorshipMob                                      ,0.35535535535535534,0.3683683683683684,0.5445445445445445,0.4933369679104316,1.0,0.2057057057057057,0.38286091734367594,0.0,0.37887887887887883,0.5385385385385385,0.2922922922922923,0.8121699008131852
Faith That Conquers                                                                                                                                                               - Kelly Price                                     ,0.2782782782782783,0.2092092092092092,0.7217217217217218,0.6586586586586587,1.0,0.07607607607607608,0.8908908908908909,0.0,0.7197197197197197,0.5385385385385385,0.3793793793793794,0.7321866897953853
Gotta Believe                                                                                                                                                                     - Tasha Cobbs Leonard                             ,0.5995995995995996,0.33683683683683685,0.16616616616616617,0.6849203677063247,1.0,0.3228228228228228,0.6195769319870901,0.0,0.964410794834735,0.5385385385385385,0.8618618618618619,0.7557557557557557
Fear Is Not Welcome                                                                                                                                                               - Brian Courtney Wilson                           ,0.47097097097097096,0.23746841529751458,0.8883883883883883,0.39948338325965027,1.0,0.24524524524524524,0.5195195195195195,0.0,0.6266266266266266,0.5385385385385385,0.3319870759289177,0.7017261892337558
We Gon’ Be Alright                                                                                                                                                                - Tye Tribbett                                    ,0.9434434434434434,0.28128128128128127,0.7217217217217218,0.7115698172399204,0.0,0.7832832832832832,0.6501501501501501,0.0,0.2937937937937938,0.5385385385385385,0.34934934934934936,0.4066227053726402
Touch The Hem Of His Garment                                                                                                                                                      - Merry Clayton                                   ,0.4274274274274274,0.3133133133133133,0.0,0.6682384190527513,1.0,0.8473473473473474,0.8524810013410818,0.0,0.8808808808808809,0.5385385385385385,0.5865865865865866,0.30205200731657655
I Trust You - Radio Edit                                                                                                                                                          - Jonathan Traylor                                ,0.5255255255255256,0.2962962962962963,0.8883883883883883,0.38317328023210373,0.0,0.5375375375375375,0.6996996996996997,0.3356311058174412,0.3868868868868869,0.005005005005005005,0.35735735735735735,0.45475053349507055
Dance Party                                                                                                                                                                       - Kelly Price                                     ,0.7457457457457457,0.7002002002002001,0.4664664664664665,0.9427907145442188,0.0,0.6256256256256256,0.35935935935935936,0.0,0.14564564564564564,0.5385385385385385,0.8014146743428512,0.6698126698126704
Do It Again                                                                                                                                                                       - Evvie McKinney                                  ,0.36290525052740047,0.25125125125125125,0.3918918918918919,0.8738880976891634,1.0,0.11561561561561562,0.6977750309023484,0.44747580887986976,0.4824824824824825,0.05005005005005005,0.2652652652652653,0.5591768576843203
Same God                                                                                                                                                                          - Cross Worship                                   ,0.44144144144144143,0.34634634634634637,0.5445445445445445,0.587707276396684,1.0,0.38538538538538536,0.5734959336067371,0.0,0.25125125125125125,0.5385385385385385,0.2097097097097097,0.8463078342518525
For Your Glory - 1 Mic 1 Take                                                                                                                                                     - Tasha Cobbs Leonard                             ,0.36036036036036034,0.19986653319986653,0.7217217217217218,0.6094637656287228,1.0,0.3288288288288288,0.8598598598598598,0.0,0.4629629629629629,0.05005005005005005,0.4724724724724725,0.578574339508019
Man On Fire                                                                                                                                                                       - Idahams                                         ,0.8812006829718,0.43843843843843844,0.27127127127127126,0.49317132272242425,0.0,0.8928928928928929,0.42542542542542544,0.31098217210238177,0.026963495575221243,0.5385385385385385,0.8558558558558559,0.24634573721794778
His Love                                                                                                                                                                          - The Clark Sisters                               ,0.7887887887887888,0.7477477477477478,0.16616616616616617,0.7594925690687937,1.0,0.9579579579579579,0.6496496496496497,0.0,0.0571652009152009,0.5385385385385385,0.8258258258258259,0.1509142631613345
Deliverance                                                                                                                                                                       - Merry Clayton                                   ,0.4694694694694695,0.3663663663663664,0.0,0.744472938894596,1.0,0.37287287287287285,0.7610877718791388,0.0,0.7317317317317317,0.05005005005005005,0.36436436436436437,0.7930075689857722
The Victory Song - Live                                                                                                                                                           - Joyous Celebration                              ,0.8033033033033032,0.32432432432432434,0.16616616616616617,0.23728374350935214,1.0,0.640983200272501,0.24321133412042503,0.2800821696847389,0.21621621621621623,0.5385385385385385,0.6866866866866866,0.710271546635179
Evidence                                                                                                                                                                          - Cross Worship                                   ,0.13063063063063063,0.3103103103103103,0.16616616616616617,0.47240284288522616,1.0,0.13863863863863862,0.2532165173530076,0.0,0.3278278278278278,0.5385385385385385,0.16816816816816815,0.8338338338338338
He Did It - Live                                                                                                                                                                  - The Brown Boyz                                  ,0.44344344344344344,0.7632632632632632,0.16616616616616617,0.7907908726588697,1.0,0.9189189189189189,0.22622622622622623,0.0,0.8883883883883883,0.5385385385385385,0.8173173173173174,0.4065533536379801
If He Did It Before....Same God - Live                                                                                                                                            - Tye Tribbett                                    ,0.6081081081081081,0.5785785785785785,0.3383383383383384,0.7317420733879586,0.0,0.9009009009009009,0.40682870370370366,0.29259235871385403,0.051745978083712604,0.5385385385385385,0.7527527527527528,0.9004065754065754
This Is A Move - Live                                                                                                                                                             - Tasha Cobbs Leonard                             ,0.15865865865865864,0.4824824824824825,0.7217217217217218,0.7886990624541095,1.0,0.5585585585585585,0.7019386106623587,0.2935435435435435,0.7702702702702702,0.5385385385385385,0.43993993993993996,0.19875630837804914
Victory                                                                                                                                                                           - The Clark Sisters                               ,0.3133133133133133,0.47097097097097096,0.27127127127127126,0.6446107616320383,1.0,0.7507507507507507,0.6866501854140916,0.0,0.8593593593593594,0.05005005005005005,0.49149149149149146,0.5051814328952436
Royalty - Live                                                                                                                                                                    - Tasha Cobbs Leonard                             ,0.2272272272272272,0.28928928928928926,0.0,0.5673896118340563,1.0,0.44844844844844844,0.5845845845845846,0.0,0.4244244244244244,0.05005005005005005,0.2822822822822823,0.9327692933885832
Great Is Thy Faithfulness                                                                                                                                                         - Run51                                           ,0.08208208208208208,0.2502502502502503,0.6341341341341341,0.40540540540540543,1.0,0.3483483483483483,0.47614742086607836,0.0,0.5855855855855856,0.05005005005005005,0.1021021021021021,0.05021968440795405
Lifted                                                                                                                                                                            - Jonathan Traylor                                ,0.5890890890890891,0.6736736736736737,0.27127127127127126,0.49516039823008856,1.0,0.3563563563563564,0.31061575004567876,0.40543093270365993,0.7357357357357357,0.5385385385385385,0.5810810810810811,0.8457477779172013
Follow God                                                                                                                                                                        - Kanye West                                      ,0.48598598598598597,0.7602602602602602,0.16616616616616617,0.933933933933934,1.0,0.995995995995996,0.18118118118118118,0.33433433433433435,0.018018018018018018,0.5385385385385385,0.5175175175175175,0.97909961211521
Happy - Live/Remastered                                                                                                                                                           - Tasha Cobbs Leonard                             ,0.34300967634300966,0.7342342342342343,0.6341341341341341,0.6886886886886887,1.0,0.996996996996997,0.5740521085348672,0.0,0.30430430430430433,0.5385385385385385,0.5235235235235235,0.9464759662350025
Won't Let Me Down                                                                                                                                                                 - Jonathan Traylor                                ,0.7052052052052051,0.3388145288145288,0.3918918918918919,0.33229790402565273,1.0,0.15165165165165165,0.5025025025025025,0.25927444459629784,0.3278278278278278,0.5385385385385385,0.46196196196196193,0.7558452712531261
Increase My Faith                                                                                                                                                                 - Brian Courtney Wilson                           ,0.8788788788788788,0.43843843843843844,0.6341341341341341,0.6857119222547577,1.0,0.4994994994994995,0.2579922811455336,0.0,0.1061061061061061,0.5385385385385385,0.7397397397397397,0.7107540173053132
God's Gonna Do It - Live                                                                                                                                                          - Ricky Dillard                                   ,0.44744744744744747,0.9614614614614614,0.7217217217217218,0.7838850996745734,1.0,0.9733541072453207,0.23916714610625195,0.33483483483483484,0.1856111430579515,0.5385385385385385,0.34934934934934936,0.9010477429957856
God Has His Hands On You                                                                                                                                                          - The Brown Boyz                                  ,0.24924924924924924,0.4744744744744745,0.3918918918918919,0.8280070184015296,1.0,0.5205205205205206,0.6462035541195479,0.0,0.9019019019019019,0.05005005005005005,0.5190190190190189,0.37185249854289
I'm Getting Ready                                                                                                                                                                 - Tasha Cobbs Leonard                             ,0.3778243617578798,0.3793793793793794,0.7217217217217218,0.7727727727727728,1.0,0.25875875875875876,0.30724199916710154,0.0,0.5480480480480481,0.5385385385385385,0.33483483483483484,0.19531350626331795
What Can I Do - Live                                                                                                                                                              - Tye Tribbett                                    ,0.22822822822822822,0.3833833833833834,0.3918918918918919,0.6216216216216216,1.0,0.6091091091091091,0.43900832018797536,0.0,0.9369369369369369,0.5385385385385385,0.28928928928928926,0.10447286855504218
Since He Came - Live                                                                                                                                                              - Ricky Dillard                                   ,0.5165165165165165,0.6646646646646647,0.8883883883883883,0.6766766766766766,0.0,0.6481481481481481,0.34823505262919385,0.5905096660808435,0.9870046526552222,0.5385385385385385,0.47997997997998,0.1579680400313381
Every Hour                                                                                                                                                                        - Kanye West                                      ,0.5790790790790791,0.5825825825825826,0.6341341341341341,0.6270924839430178,1.0,0.6646646646646647,0.720643080753884,0.4654434997863034,0.9965786726204928,1.0,0.7637637637637638,0.05268502662442067
Holy Water - Church Sessions                                                                                                                                                      - We The Kingdom                                  ,0.4724724724724725,0.27427427427427425,0.6341341341341341,0.5056328364313154,1.0,0.3288288288288288,0.7922922922922924,0.0,0.6341341341341342,0.5385385385385385,0.35535535535535534,0.03599291252395569
Let There Be Peace On Earth - Live                                                                                                                                                - Ricky Dillard                                   ,0.08308308308308308,0.3858858858858859,1.0,0.5427022985008805,1.0,0.5165165165165165,0.684351017684351,0.0,0.9851387078669435,0.05005005005005005,0.32432432432432434,0.9152857698128193
Blessed & Highly Favored - Live                                                                                                                                                   - The Clark Sisters                               ,0.45145145145145144,0.5315315315315315,0.4664664664664665,0.8872162200844036,0.0,0.8253253253253253,0.6646646646646647,0.0,0.9998331664998332,0.5385385385385385,0.46196196196196193,0.3222949156376256
A Great Work                                                                                                                                                                      - Brian Courtney Wilson                           ,0.40040040040040037,0.34814479551321675,0.27127127127127126,0.5735735735735735,1.0,0.7156884245491841,0.5845845845845846,0.0,0.7827827827827828,0.5385385385385385,0.46846846846846846,0.8169744341786329
Let It Fall - Live                                                                                                                                                                - Tasha Cobbs Leonard                             ,0.44594594594594594,0.4494494494494494,0.7217217217217218,0.5572235748133326,1.0,0.7152015696319495,0.522022022022022,0.0,0.9281119354648762,0.5385385385385385,0.5190190190190189,0.34345839265428435
There Is More                                                                                                                                                                     - Lexi                                            ,0.5640640640640641,0.24624624624624625,1.0,0.40825291558616383,1.0,0.25625625625625625,0.7518940150971065,0.0,0.3963963963963964,0.5385385385385385,0.4934934934934935,0.502696358264534
Worth Fighting For - Live                                                                                                                                                         - Brian Courtney Wilson                           ,0.2177177177177177,0.26226226226226224,0.8883883883883883,0.4270473438090313,1.0,0.6856856856856857,0.5096930533117934,0.0,0.08408408408408408,0.5385385385385385,0.2810966068108926,0.9600361500419894
More Abundantly Medley - Live                                                                                                                                                     - Ricky Dillard                                   ,0.8063063063063063,0.8153153153153153,0.16616616616616617,0.5915915915915916,1.0,0.6686686686686687,0.2370518863234095,0.6780116623048558,0.9744029744029744,0.5385385385385385,0.7527527527527528,0.4674365707942898
You Brought The Sunshine - Live                                                                                                                                                   - The Clark Sisters                               ,0.45645645645645644,0.7797797797797797,0.8883883883883883,0.9598493023520339,0.0,0.955955955955956,0.5258481421647817,0.0,0.1390254805543138,0.5385385385385385,0.5860860860860861,0.5768642112392112
The Potter's House                                                                                                                                                                - Jerard & Jovaun                                 ,0.5995995995995996,0.3113113113113113,0.16616616616616617,0.49145681770375144,1.0,0.4229229229229229,0.5234145831826473,0.32879755586482523,0.5445445445445445,0.5385385385385385,0.7437437437437437,0.7303586381371489
In The Room                                                                                                                                                                       - Lexi                                            ,0.5215215215215215,0.3963963963963964,0.5445445445445445,0.9223849414294863,0.0,0.6976976976976977,0.7589385169456344,0.0,0.6791791791791792,0.5385385385385385,0.22022022022022023,0.3438467812730594
Just As Sure                                                                                                                                                                      - Tori Kelly                                      ,0.5615615615615616,0.3133133133133133,0.8883883883883883,0.4193560016378102,1.0,0.7187187187187187,0.7677677677677678,0.0,0.4169169169169169,0.5385385385385385,0.5945945945945946,0.7673229940944575
Put A Praise On It - Live                                                                                                                                                         - Tasha Cobbs Leonard                             ,0.43793793793793795,0.8913913913913913,0.8883883883883883,0.9242695261357781,1.0,0.8583583583583583,0.2968121160771023,0.3666147727912895,0.973973973973974,0.5385385385385385,0.4224224224224224,0.8657183944697082
Talkin' 'Bout Jesus                                                                                                                                                               - Gloria Gaynor                                   ,0.7157157157157157,0.6126126126126126,0.27127127127127126,0.8370374806716466,1.0,0.6456456456456456,0.3932015652713907,0.0,0.23623623623623624,0.5385385385385385,0.8028028028028028,0.2619994319795513
Ask For Rain                                                                                                                                                                      - Gene Moore                                      ,0.26726726726726724,0.25475475475475473,0.6341341341341341,0.38946963543854735,1.0,0.2057057057057057,0.7709785406771127,0.0,0.8883883883883883,0.5385385385385385,0.32982982982982983,0.5370431031441659
Confidence - Live                                                                                                                                                                 - Tasha Cobbs Leonard                             ,0.35535535535535534,0.5415415415415415,0.4664664664664665,0.842185708826901,1.0,0.6056056056056056,0.44702339726138945,0.0,0.967582092724115,0.05005005005005005,0.4294294294294294,0.7006833787505963
"Symphony No. 3 in A Minor, Op. 56, MWV N 18 ""Scottish"": 4. Allegro vivacissimo - Allegro maestoso assai                                                                       - Felix Mendelssohn                               ",0.27127127127127126,0.15912485420394032,0.8058058058058057,0.1874264388081169,0.0,0.23673673673673673,0.8745412078745413,0.9384384384384384,0.5025025025025025,0.5385385385385385,0.27127127127127126,0.5274588313804002
Das Rheingold: Einzug der Götter in Walhall                                                                                                                                       - Richard Wagner                                  ,0.04604604604604605,0.04014054332191043,0.16616616616616617,0.06507568959404526,1.0,0.15565565565565564,0.9284284284284283,0.822426782499378,0.22322322322322322,1.0,0.04640991374073625,0.04414610949752749
"Symphony No. 39 in E-Flat Major, K. 543: IV. Finale. Allegro                                                                                                                    - Berliner Philharmoniker                         ",0.2912912912912913,0.14914914914914915,0.3383383383383384,0.08641620884963026,1.0,0.21671671671671672,0.9429429429429429,0.8663663663663663,0.936173578158311,0.5385385385385385,0.4411057764351178,0.7876715617765738
"Symphony No.8 In B Minor, D.759 - ""Unfinished"": 1. Allegro moderato                                                                                                           - Franz Schubert                                  ",0.10560560560560561,0.02410336603884991,1.0,0.10732796915861148,0.0,0.2817817817817818,0.9039039039039038,0.8613613613613613,0.4629629629629629,0.05005005005005005,0.0970970970970971,0.49399880222785797
Concierto de Aranjuez for Guitar and Orchestra: 2. Adagio                                                                                                                         - Joaquín Rodrigo                                 ,0.17117117117117117,0.03803803803803804,1.0,0.05828643375303514,0.0,0.39289289289289286,0.9029029029029029,0.9484484484484484,0.2752752752752753,0.5385385385385385,0.0900178220368567,0.019184137460590212
Equus                                                                                                                                                                             - Eric Whitacre                                   ,0.3073073073073073,0.17617617617617617,0.4664664664664665,0.16316355915811964,0.0,0.2877877877877878,0.8753753753753755,0.8250492273272496,0.07357357357357358,0.5385385385385385,0.16466466466466467,0.38937041470405964
"Three Pieces for Orchestra, Op. 6 (1929 Revision): I. Präludium                                                                                                                 - Alban Berg                                      ",0.004378732480740831,0.08808808808808809,0.4664664664664665,0.0740560548769905,0.0,0.17267267267267267,0.8868868868868869,0.9294294294294294,0.9139139139139139,0.05005005005005005,0.015015015015015015,0.03454034269108358
"Symphony No. 9 in E Minor, Op. 95, B. 178, ""From the New World"": IV. Allegro con fuoco                                                                                        - Antonín Dvořák                                  ",0.13063063063063063,0.08950392361881225,0.3918918918918919,0.11244203517970262,0.0,0.16466466466466467,0.8798798798798799,0.9234234234234233,0.5855855855855856,0.5385385385385385,0.12962962962962965,0.8130969222205219
"Symphonie fantastique, Op. 14: Symphonie fantastique, Op. 14: IV. Marche au supplice                                                                                            - Hector Berlioz                                  ",0.3038038038038038,0.12462462462462463,0.8883883883883883,0.1006719279503894,1.0,0.24724724724724725,0.9105154977041098,0.9214214214214214,0.16316316316316315,0.5385385385385385,0.4034034034034034,0.8453284128771212
"Symphony in G Minor, Op. 6, No. 6, W. C12: I. Allegro                                                                                                                           - Johann Christian Bach                           ",0.41491491491491495,0.061940432701598006,0.5445445445445445,0.08639926773693803,0.0,0.08208208208208209,0.8578578578578578,0.7977977977977978,0.5405405405405406,0.5385385385385385,0.43243243243243246,0.13132609122412775
"Concerto for Orchestra, BB 123: I. Introduzione: Andante non troppo - Allegro vivace                                                                                            - Béla Bartók                                     ",0.04454454454454454,0.020558958311585638,0.16616616616616617,0.03405265378203543,1.0,0.33183183183183185,0.9019019019019019,0.7669421487603305,0.3433433433433434,0.5385385385385385,0.02002002002002002,0.14541585324034262
"Symphony No. 8 in C Minor, WAB 108 (1890 edition, ed. L. Nowak): IV. Finale: Feierlich, nicht schnell                                                                           - Anton Bruckner                                  ",0.08708708708708708,0.06377518697262333,0.4664664664664665,0.08121798405020887,0.0,0.2527527527527528,0.9219219219219219,0.8478478478478478,0.978978978978979,0.5385385385385385,0.02825979825979828,0.4299980759486163
"Beethoven: Symphony No. 7 in A Major, Op. 92: I. Poco sostenuto - Vivace                                                                                                        - Ludwig van Beethoven                            ",0.22822822822822822,0.09045136176639067,0.8058058058058057,0.09422586687117135,1.0,0.24874874874874875,0.8918918918918919,0.7862862862862863,0.8593593593593594,0.5385385385385385,0.10470892757125462,0.32449190700888664
Symphony No. 9 in D Major: I. Andante comodo                                                                                                                                      - Gustav Mahler                                   ,0.062062062062062065,0.050050050050050046,0.27127127127127126,0.06285050583727658,1.0,0.2182182182182182,0.9139139139139139,0.7676505312868949,0.5825825825825826,0.05005005005005005,0.04604200323101776,0.7296220679287237
"La Mer, L.109: 1. From Dawn Till Noon On The Sea (De l'aube à midi sur la mer)                                                                                                  - Claude Debussy                                  ",0.003487508763007004,0.02846441448839215,0.8058058058058057,0.02217530733049072,1.0,0.25625625625625625,0.8668668668668669,0.9364364364364364,0.0970970970970971,0.5385385385385385,0.022022022022022022,0.052501371895311316
"Symphony No. 6 in B Minor, Op. 74, TH 30 ""Pathétique"": IV. Finale: Adagio lamentoso                                                                                           - Pyotr Ilyich Tchaikovsky                        ",0.0018803961535239105,0.03122410232973324,1.0,0.06455678512985105,0.0,0.30230230230230226,0.8788788788788788,0.914914914914915,0.8593593593593594,0.05005005005005005,0.020520520520520537,0.03996873837680027
"Symphony No.38 In D, K.504 ""Prague"": 1. Adagio - Allegro - Live                                                                                                               - Wolfgang Amadeus Mozart                         ",0.3253253253253253,0.06992682382512891,0.27127127127127126,0.11467360929634376,1.0,0.2952952952952953,0.9284284284284283,0.8385130572841577,0.04504504504504504,0.5385385385385385,0.18018018018018017,0.03408850876007123
"Symphony No.1 in C minor, Op.68: 1. Un poco sostenuto - Allegro - Meno allegro                                                                                                  - Johannes Brahms                                 ",0.17717717717717718,0.08638483989607586,0.0,0.12539787314147835,0.0,0.16466466466466467,0.9109109109109109,0.9029029029029029,0.6146146146146146,0.5385385385385385,0.05923807683872422,0.3312771479126534
"Symphony No. 1 in D major, Wq. 183/1: Symphony No. 1 in D major, Wq. 183/1: I. Allegro di molto                                                                                 - Carl Philipp Emanuel Bach                       ",0.22972972972972971,0.10435435435435436,0.16616616616616617,0.10024247268754935,1.0,0.14464464464464466,0.8808808808808809,0.5948239906573239,0.6561561561561562,0.5385385385385385,0.34934934934934936,0.859124739169835
"Tod und Verklärung Op.24, TrV 158                                                                                                                                               - Richard Strauss                                 ",0.005561315863889148,0.12012012012012012,0.0,0.13500993429211613,1.0,0.27627627627627627,0.8932719679497542,0.9484484484484484,0.9169169169169169,0.5385385385385385,0.008499131449951139,0.10072320215558062
The Rite of Spring: Part Two: The Sacrifice: Sacrificial Dance (The Chosen One)                                                                                                   - Igor Stravinsky                                 ,0.4289289289289289,0.23423423423423423,0.27127127127127126,0.15290132900195796,0.0,0.7707707707707707,0.8578578578578578,0.8416748691978051,0.6001001001001001,0.5385385385385385,0.4294294294294294,0.7628731115672828
"Symphony in D, H.I No.6 - ""Le Matin"": 1. Adagio - Allegro                                                                                                                     - Franz Joseph Haydn                              ",0.3213213213213213,0.14214214214214213,0.27127127127127126,0.15690041389567863,1.0,0.16016016016016016,0.9239239239239239,0.8743743743743744,0.6306306306306306,0.05005005005005005,0.2977977977977978,0.746513354532906
"Symphony No. 7 in C Major, Op. 105                                                                                                                                              - Jean Sibelius                                   ",0.002615743597478761,0.03803803803803804,0.0,0.025414189071783617,1.0,0.3153153153153153,0.9194194194194194,0.8408408408408409,0.24424424424424424,0.5385385385385385,0.012345679012345671,0.029493305995116664
Symphony No. 3 - 'Pastoral Symphony': I. Molto moderato                                                                                                                           - Ralph Vaughan Williams                          ,0.016984539018437324,0.03560096599145835,0.8058058058058057,0.04328968938234223,0.0,0.2327327327327327,0.9219219219219219,0.8633633633633633,0.35235235235235235,0.5385385385385385,0.01778330054192121,0.08978580049806714
Choros No. 8                                                                                                                                                                      - Heitor Villa-Lobos                              ,0.04204204204204204,0.13634331694233348,0.27127127127127126,0.05127606768983129,1.0,0.3868868868868869,0.8753753753753755,0.8238238238238238,0.1856111430579515,0.5385385385385385,0.12962962962962965,0.010565636927250488
"A Dante Symphony, S.109: 1. Inferno                                                                                                                                             - Franz Liszt                                     ",0.13463463463463465,0.0845127167458929,0.16616616616616617,0.07603855453834849,1.0,0.3138138138138138,0.8745412078745413,0.7666872682323856,0.1961961961961962,0.5385385385385385,0.026026026026026026,0.03903279339918762
Copland: Appalachian Spring: VII. Doppio movimento (Variations on a Shaker Hymn - Simple Gifts)                                                                                   - Aaron Copland                                   ,0.10010010010010009,0.07157157157157157,0.16616616616616617,0.10748768573428814,1.0,0.23873873873873874,0.934934934934935,0.7323414198781054,0.3433433433433434,0.5385385385385385,0.37237237237237236,0.09878117290350702
"Symphony No. 4 - ""The Inextinguishable"": I. Allegro                                                                                                                           - Carl Nielsen                                    ",0.023023023023023025,0.06606606606606606,0.27127127127127126,0.05904698309695206,1.0,0.16016016016016016,0.8694680375502905,0.7321457634507919,0.15915915915915915,0.5385385385385385,0.062062062062062065,0.07191761077903905
"Má vlast (My Country): No. 2, Vltava [Moldau]                                                                                                                                   - Bedřich Smetana                                 ",0.025043707754906153,0.07778274474742959,0.6341341341341341,0.06242553318505374,1.0,0.15765765765765766,0.8948948948948949,0.9119119119119119,0.019058733644069663,0.5385385385385385,0.03403403403403403,0.8523395328185965
"Symphony No. 15 in A Major, Op. 141: I. Allegretto                                                                                                                              - Dmitri Shostakovich                             ",0.36036036036036034,0.12112112112112113,0.8883883883883883,0.047831744491594524,1.0,0.3228228228228228,0.8588588588588588,0.7591804328047213,0.08840974126300215,0.5385385385385385,0.34934934934934936,0.6359698009377773
"Symphony No.1 in D, Op.25 ""Classical Symphony"": 1. Allegro                                                                                                                    - Sergei Prokofiev                                ",0.4144144144144144,0.04488330341113105,0.3918918918918919,0.046510854810780065,0.0,0.0895895895895896,0.8820678513731828,0.6833172043286873,0.5480480480480481,0.5385385385385385,0.5855855855855856,0.251035199581288
"Rachmaninoff: Symphony No. 3 in A Minor, Op. 44: I. Lento - Allegro moderato - Allegro                                                                                          - Sergei Rachmaninoff                             ",0.019669199821189084,0.05765213414658911,0.8058058058058057,0.05911635448518107,0.0,0.28378378378378377,0.9039039039039038,0.8968968968968969,0.20020020020020018,0.5385385385385385,0.04854030156117304,0.11870386184853912
"Overture to A Midsummer Night's Dream, Op.21                                                                                                                                    - Felix Mendelssohn                               ",0.1831831831831832,0.06827181319798532,0.3918918918918919,0.04604419554304266,1.0,0.4134134134134134,0.8648648648648649,0.8108108108108109,0.9864218424439258,0.5385385385385385,0.12812812812812813,0.8068490822803291
Turangalila-symphonie: I. Introduction                                                                                                                                            - Olivier Messiaen                                ,0.24724724724724725,0.2012012012012012,1.0,0.08000898777693267,1.0,0.6006006006006006,0.9119623425707076,0.7727727727727728,0.3963963963963964,0.05005005005005005,0.04054054054054054,0.8065163918897414
"Symphony No. 1 in A Flat Major, Op. 55: 1. Andante. Nobilmente e semplice - Allegro                                                                                             - Edward Elgar                                    ",0.009118541033434648,0.07907907907907907,0.7217217217217218,0.07341589919112775,1.0,0.24074074074074076,0.9183001070377305,0.8538538538538538,0.47047047047047047,1.0,0.06463195038614034,0.08477270482055205
"Romeo & Juliet: Act I, Scene XIII, Dance of the Knights                                                                                                                         - Sergei Prokofiev                                ",0.060560560560560556,0.03303303303303303,0.0,0.029933715105946265,1.0,0.24074074074074076,0.8470145145145146,0.5861275175731212,0.9683909716167778,0.05005005005005005,0.2272272272272272,0.10287862328591262
"Cantus arcticus, Op. 61, ""Concerto for Birds and Orchestra"": I. The Bog                                                                                                       - Einojuhani Rautavaara                           ",0.0035788593819074477,0.03893975129322289,0.3383383383383384,0.009659943420941024,0.0,0.2727727727727728,0.8726226226226226,0.6536011428977789,0.6226226226226226,1.0,0.023023023023023025,0.05889121206394498
"Symphony No.102 In B Flat Major, Hob.I:102: 1. Largo - Vivace                                                                                                                   - Franz Joseph Haydn                              ",0.4159159159159159,0.12312312312312312,0.4664664664664665,0.0957064940813141,1.0,0.22572572572572575,0.8948948948948949,0.7845547410764802,0.14014014014014015,0.5385385385385385,0.24274274274274274,0.6235630401468292
"Symphony No. 3, Op. 36: I. Lento - Sostenuto Tranquillo Ma Cantabile                                                                                                            - Henryk Górecki                                  ",0.006437113470752615,0.08258258258258258,0.3918918918918919,0.08003708161033628,0.0,0.23473473473473472,0.7453453453453454,0.7865365365365365,0.6946946946946947,0.5385385385385385,0.007007007007007007,0.11567972313210233
The Four Sections - IV. Full Orchestra                                                                                                                                            - Steve Reich                                     ,0.3733733733733734,0.18974042027194063,0.16616616616616617,0.1582293968668633,0.0,0.14164164164164164,0.8458458458458459,0.7338842975206611,0.25125125125125125,1.0,0.2172172172172172,0.9714502733547379
"Symphony in D Minor, M. 48: II. Allegretto                                                                                                                                      - César Franck                                    ",0.03003003003003003,0.017370254754332796,0.8883883883883883,0.018438631294190957,1.0,0.24524524524524524,0.8848848848848849,0.8038038038038038,0.24233662492955324,0.005005005005005005,0.03903903903903904,0.8132813305004536
"Symphony No. 3 in G Minor, Op. 36: I. Adagio - Allegro                                                                                                                          - Louise Farrenc                                  ",0.28928928928928926,0.08808808808808809,0.6341341341341341,0.089859249831549,0.0,0.13863863863863862,0.9204204204204205,0.8055431381314259,0.3013013013013013,0.5385385385385385,0.24274274274274274,0.25689672195169877
Jonchaies                                                                                                                                                                         - Iannis Xenakis                                  ,0.2017017017017017,0.45795795795795796,1.0,0.2104810935788557,0.0,0.9709506826211631,0.7695195195195195,0.8743743743743744,0.6626626626626626,0.5385385385385385,0.025043707754906153,0.4929574040162903
An American in Paris                                                                                                                                                              - George Gershwin                                 ,0.07107107107107107,0.13513513513513514,0.4664664664664665,0.089859249831549,1.0,0.37037037037037035,0.8936510430066155,0.8458458458458459,0.7377377377377378,0.5385385385385385,0.14114114114114115,0.11442985175137416
"Sinfonia da Requiem, Op. 20: I. Lacrymosa                                                                                                                                       - Benjamin Britten                                ",0.005985484022999337,0.034181792714215925,0.27127127127127126,0.062110738627851644,1.0,0.23873873873873874,0.8768768768768769,0.7757757757757757,0.4074074074074074,0.5385385385385385,0.009638400942748765,0.9461719810635476
"Symphony No. 41 in C Major, K. 551 - “Jupiter”: Symphony No. 41 in C Major, K. 551 - “Jupiter”: IV. Molto Allegro                                                               - Wolfgang Amadeus Mozart                         ",0.3772153025508731,0.14514514514514515,0.0,0.1171328598542509,1.0,0.34434434434434436,0.8515869468037549,0.8198198198198198,0.8258258258258259,0.5385385385385385,0.25425425425425424,0.7342413283693376
"Symphony No.3 in C Minor, Op.78, R.176 - ""Organ Symphony"": 3. Maestoso - Allegro                                                                                              - Camille Saint-Saëns                             ",0.1831831831831832,0.1931931931931932,0.0,0.19303167650592717,1.0,0.12762762762762764,0.8363880196692,0.8278278278278278,0.36036036036036034,0.5385385385385385,0.24274274274274274,0.3853809476991638
"Beethoven: Symphony No. 3 in E-Flat Major, Op. 55 ""Eroica"": I. Allegro con brio                                                                                               - Ludwig van Beethoven                            ",0.16516516516516516,0.048508430609597926,0.3383383383383384,0.07841776264906879,1.0,0.24524524524524524,0.9105154977041098,0.8028028028028028,0.8063063063063063,0.05005005005005005,0.19119119119119118,0.08119227581784275
Symphony No. 3                                                                                                                                                                    - Polish National Radio Symphony Orchestra        ,0.07507507507507508,0.05105105105105105,0.16616616616616617,0.04354264856868592,1.0,0.33183183183183185,0.9089089089089089,0.7383799984956054,0.7022022022022022,0.05005005005005005,0.02235568902235568,0.3190539852506716
"Water Music, Suite No. 2, HWV 349: Water Music, Suite No. 2, HWV 349: XII. [Alla Hornpipe]                                                                                      - George Frideric Handel                          ",0.4769874476987445,0.1395667456447273,0.16616616616616617,0.12114569608146539,1.0,0.19569569569569567,0.8898898898898899,0.6840312679728738,0.2972972972972973,0.05005005005005005,0.7607607607607607,0.7334209095850696
"Symphony No.4 In E Minor, Op.98: 1. Allegro non troppo                                                                                                                          - Johannes Brahms                                 ",0.0516962843295638,0.07407407407407407,0.3918918918918919,0.10010826791791186,0.0,0.24274274274274274,0.934934934934935,0.9169169169169169,0.9145152368243167,0.5385385385385385,0.08408408408408408,0.035701285243732075
"Scheherazade, Op.35: The Sea and Sinbad's Ship                                                                                                                                  - Nikolai Rimsky-Korsakov                         ",0.038538538538538544,0.11086276262852034,0.3918918918918919,0.2212668854536365,1.0,0.24724724724724725,0.8957893492777214,0.8288288288288288,0.7287287287287287,0.5385385385385385,0.017017017017017015,0.2543061601944551
"Symphony No. 8: I. Tempo giusto - Poco allegro, molto distinto                                                                                                                  - Per Nørgård                                     ",0.07007007007007007,0.04308814287932177,0.5445445445445445,0.02902336207272465,1.0,0.2952952952952953,0.8684710041766738,0.7937937937937938,0.6116116116116116,0.5385385385385385,0.049155885914170014,0.06861897342374433
"Symphony No. 6 in A Minor, ""Tragic"": I. Allegro energico, ma non troppo. Heftig, aber markig                                                                                  - Gustav Mahler                                   ",0.16366366366366364,0.1031031031031031,0.8883883883883883,0.0866872666527068,1.0,0.23023023023023023,0.8898898898898899,0.7937937937937938,0.15965965965965967,0.5385385385385385,0.09585209736610191,0.5775416587916588
"Daphnis et Chloé, M. 57 - Ballet en 3 parties (complete) / Première partie: Introduction et danse religieuse                                                                    - Maurice Ravel                                   ",0.001000621020347549,0.0920920920920921,1.0,0.05814656260932627,0.0,0.34234234234234234,0.8348348348348348,0.8278278278278278,0.6646646646646647,0.5385385385385385,0.024024024024024024,0.018002681691935987
Sinfonietta: Andante con moto. Allegretto                                                                                                                                         - Leoš Janáček                                    ,0.13463463463463465,0.0912777598445351,0.3383383383383384,0.08576109365886264,0.0,0.23473473473473472,0.8403403403403403,0.8583583583583583,0.09309309309309309,0.5385385385385385,0.06314136921731858,0.41673914625128844
Symphony No. 3: I. Molto moderato - with simple expression                                                                                                                        - Aaron Copland                                   ,0.03953953953953954,0.05457834167824469,0.8058058058058057,0.07908189127461493,1.0,0.2057057057057057,0.829061780674684,0.8158158158158159,0.4824824824824825,0.5385385385385385,0.023023023023023025,0.12677422492387547
"Finlandia, Op.26                                                                                                                                                                - Jean Sibelius                                   ",0.14914914914914915,0.14714714714714713,0.7217217217217218,0.11281898589967848,1.0,0.25875875875875876,0.8848848848848849,0.8724910669183115,0.47047047047047047,0.5385385385385385,0.06522323837122358,0.025975466726836417
"Peer Gynt, Act IV: Peer Gynt in Africa: Morning Mood (Prelude to Act IV)                                                                                                        - Edvard Grieg                                    ",0.04804804804804805,0.0260132247576298,0.3918918918918919,0.041764464776773216,1.0,0.22322322322322322,0.9324324324324325,0.9259259259259259,0.6671671671671671,0.05005005005005005,0.016016016016016016,0.021407756465605197
"Six Pieces For Orchestra, Op.6 - Original Version (1909): 1. Etwas bewegt                                                                                                       - Anton Webern                                    ",0.06406406406406406,0.011824212008589519,0.3918918918918919,0.012002446509265411,1.0,0.24874874874874875,0.8578578578578578,0.5959576957766457,0.1111111111111111,0.05005005005005005,0.07283640328226315,0.11054586645137822
"Adagio for Strings, Op. 11                                                                                                                                                      - Samuel Barber                                   ",0.018018018018018018,0.02002002002002002,0.8883883883883883,0.02291044186010965,0.0,0.4069069069069069,0.8988988988988988,0.7717717717717718,0.8538538538538538,0.5385385385385385,0.0017229412971429253,0.07280900379592711
Amériques                                                                                                                                                                         - Edgard Varèse                                   ,0.13063063063063063,0.1502526785545654,0.16616616616616617,0.06883399189538364,1.0,0.582082082082082,0.6857231149567368,0.7133472304792101,0.8563563563563563,0.5385385385385385,0.06557516517044935,0.7440452604947234
The Unanswered Question                                                                                                                                                           - Charles Ives                                    ,0.019222172552525698,0.001095580884624777,0.0,0.000989049612474764,1.0,0.25425425425425424,0.7807807807807807,0.6647108598095232,0.496996996996997,0.05005005005005005,0.03303303303303303,0.06281035124109575
Harmonielehre: Part I                                                                                                                                                             - John Adams                                      ,0.15865865865865864,0.1413913913913914,0.27127127127127126,0.10250552339210448,0.0,0.32732732732732733,0.8308308308308309,0.8958958958958959,0.16082749416082748,0.05005005005005005,0.016016016016016016,0.5518054925949663
"Symphony No. 3, Op. 18: Andante misterioso - Fantastico                                                                                                                         - Oliver Knussen                                  ",0.2062062062062062,0.13813813813813813,0.6341341341341341,0.04774734808817973,1.0,0.5751211631663973,0.8151566200346687,0.7782918053188322,0.9818494459304546,0.05005005005005005,0.14414414414414414,0.8080179400897977
Métaboles: I. Incantatoire                                                                                                                                                        - Henri Dutilleux                                 ,0.2072072072072072,0.08258258258258258,0.8058058058058057,0.052514690724388184,1.0,0.2082082082082082,0.9169169169169169,0.9169169169169169,0.8393393393393394,0.5385385385385385,0.011714835191803979,0.0049678831548519925
"The Planets - Suite for large orchestra, Op.32: I. Mars, the Bringer of War (Allegro)                                                                                           - Gustav Holst                                    ",0.08858858858858859,0.16316316316316315,0.0,0.07496686585547525,1.0,0.31931931931931934,0.8158158158158159,0.914914914914915,0.9089089089089089,1.0,0.0868362831858407,0.877918034980856
Symphonia: Sum Fluxae Pretium Spei: 2. Adagio tenebroso                                                                                                                           - Elliott Carter                                  ,0.07507507507507508,0.04718507202298637,0.27127127127127126,0.051304563807235325,1.0,0.27477477477477474,0.8578578578578578,0.7447447447447447,0.1809488196882509,0.05005005005005005,0.0075242038003868915,0.7656599311948218
"Symphony ""Mathis der Maler"": I. Engelkonzert (Angelic Concert)                                                                                                                - Paul Hindemith                                  ",0.0960960960960961,0.041941223784490896,0.6341341341341341,0.04108561539219477,1.0,0.3103103103103103,0.9119623425707076,0.8061389337641355,0.17417417417417416,0.5385385385385385,0.03203203203203203,0.2873586329674592
"Promethée - Le Poème du Feu, Op.60                                                                                                                                              - Alexander Scriabin                              ",0.0076434049943983695,0.07507507507507508,0.8883883883883883,0.05755511928209918,0.0,0.24874874874874875,0.8568568568568569,0.9214214214214214,0.6401401401401401,0.05005005005005005,0.022022022022022022,0.008041665100970877
"Egmont, Op. 84: Overture in F Minor                                                                                                                                             - Ludwig van Beethoven                            ",0.12862862862862862,0.050050050050050046,0.4664664664664665,0.08374966627581892,0.0,0.4194194194194194,0.8694680375502905,0.7646159724875812,0.23323323323323322,0.05005005005005005,0.07747290819824752,0.9826455382968342
"Adès: Tevot, Op. 24                                                                                                                                                             - Thomas Adès                                     ",0.04104104104104104,0.09309309309309309,0.27127127127127126,0.08628067994809202,1.0,0.18159255954067272,0.8699150648189538,0.7593912698277026,0.6561561561561562,0.5385385385385385,0.003708281829419037,0.16023068642561228
Stravinsky: Symphony in C: I. Moderato alla breve                                                                                                                                 - Igor Stravinsky                                 ,0.3073073073073073,0.0260132247576298,0.0,0.03420796185351537,1.0,0.31731731731731727,0.9219219219219219,0.7811144477811144,0.35235235235235235,0.5385385385385385,0.36736736736736736,0.8489233066830757
Concerto for Orchestra (1994 Digital Remaster): I Intrada (Allegro maestoso)                                                                                                      - Witold Lutosławski                              ,0.1931931931931932,0.13679034421099687,0.3918918918918919,0.10326618005798896,0.0,0.3138138138138138,0.9053265316301239,0.7796705742603484,0.2092092092092092,0.005005005005005005,0.11723100345854837,0.5238182145609032
"Mussorgsky, Ravel: Pictures at an Exhibition, M. A 24: IV. Bydlo                                                                                                                - Modest Mussorgsky                               ",0.13463463463463465,0.01255244681901505,0.8058058058058057,0.04844557123968888,1.0,0.06556556556556556,0.943943943943944,0.9947834676782044,0.44994994994994997,0.5385385385385385,0.04841824614801547,0.21318687397873545
Du cristal                                                                                                                                                                        - Kaija Saariaho                                  ,0.04747792262045398,0.12212212212212212,0.16616616616616617,0.04215093363282671,1.0,0.41491491491491495,0.6486223065170433,0.8508508508508509,0.04504504504504504,0.05005005005005005,0.02702702702702703,0.734674952290924
Symphony No. 1 in B flat minor: Allegro Assai - Allegro Assai                                                                                                                     - William Walton                                  ,0.11811811811811812,0.10013410818059897,0.3383383383383384,0.08481972250803531,0.0,0.1366366366366366,0.8783783783783783,0.8713713713713713,0.14564564564564564,0.5385385385385385,0.03657657657657656,0.3834097956852796
"Symphony, Op. 21: I. Ruhig schreitend                                                                                                                                           - Anton Webern                                    ",0.05905905905905906,0.007025516640901256,0.7217217217217218,0.01829891754162164,1.0,0.3688688688688689,0.9272444009286117,0.6231537932544801,0.9657940759737167,0.005005005005005005,0.012012012012012012,0.25611943314094193
"The Nutcracker, Op.71, TH.14 / Act 1: No. 2 March                                                                                                                               - Pyotr Ilyich Tchaikovsky                        ",0.5790790790790791,0.13718010019983579,0.3918918918918919,0.09508788458712164,0.0,0.21671671671671672,0.9019019019019019,0.9734734734734735,0.8688688688688688,0.5385385385385385,0.6236236236236237,0.06578934726296161
Sinfonia: III. In ruhig fliessender Bewegung                                                                                                                                      - Luciano Berio                                   ,0.19569569569569567,0.14449915031310379,0.6341341341341341,0.0876799462801095,1.0,0.5977460836795877,0.8529886914378031,0.6548675565069008,0.9109109109109109,0.05005005005005005,0.22022022022022023,0.10626582641508016
Lontano                                                                                                                                                                           - György Ligeti                                   ,0.014787409218963746,0.04184924438787573,0.16616616616616617,0.03046997211814197,1.0,0.3208208208208208,0.8798798798798799,0.9769769769769769,0.47047047047047047,0.5385385385385385,0.0007583407813231498,0.14216901127297363
EXPO                                                                                                                                                                              - Magnus Lindberg                                 ,0.003045980771654864,0.12462462462462463,0.6341341341341341,0.05553695866316478,1.0,0.42542542542542544,0.8694680375502905,0.9504504504504505,0.9902048636577988,0.5385385385385385,0.02825979825979828,0.001987761748824639
"Symphony No. 10 in F Minor, Op. 30: Un poco sostenuto - Allegro tumultuoso...                                                                                                   - Nikolai Myaskovsky                              ",0.012012012012012012,0.11001236093943138,0.16616616616616617,0.05824272402062613,1.0,0.37287287287287285,0.8458458458458459,0.8069545654869889,0.35235235235235235,0.5385385385385385,0.07232684914213577,0.030579986290914046
Symphony No. 1: I. Presto                                                                                                                                                         - Peter Maxwell Davies                            ,0.008971888470979565,0.05490165237982889,0.16616616616616617,0.03709546495055536,1.0,0.17267267267267267,0.8928928928928929,0.7467467467467468,0.08441775108441771,0.5385385385385385,0.015015015015015015,0.12478522154584422
"Elgar: Enigma Variations, Op. 36: XV. EDU (Finale)                                                                                                                              - Edward Elgar                                    ",0.03303303303303303,0.14343670056360788,0.6341341341341341,0.09352033607969147,1.0,0.26626626626626626,0.8678678678678678,0.8923923923923924,0.2872872872872873,0.5385385385385385,0.17067067067067065,0.08150964087998856
Gruppen für drei Orchester - Werk Nr. 6                                                                                                                                           - Karlheinz Stockhausen                           ,0.26226226226226224,0.08108108108108109,0.0,0.04700348238433445,1.0,0.5655655655655656,0.8658658658658659,0.5785250286587696,0.487987987987988,0.05005005005005005,0.14714714714714713,0.33031165060062107
"Jeux, poème dansé, L.126                                                                                                                                                        - Claude Debussy                                  ",0.08708708708708708,0.04924126899863469,1.0,0.02591167057169034,1.0,0.35485485485485485,0.9259259259259259,0.7937937937937938,0.6706706706706707,0.5385385385385385,0.01077075554063,0.41135597683292346
"Symphony No. 6 in A Major, WAB 106 (ed. L. Nowak): I. Maestoso                                                                                                                  - Anton Bruckner                                  ",0.07557557557557558,0.053641142582066155,0.3918918918918919,0.06462731631786074,0.0,0.2677677677677678,0.8503097256833747,0.8118004199152148,0.36036036036036034,0.5385385385385385,0.05763180059855252,0.384269713184924
"Also sprach Zarathustra, Op.30, TrV 176: Prelude (Sonnenaufgang)                                                                                                                - Richard Strauss                                 ",0.014014014014014014,0.16437030021935686,0.0,0.1826286726167666,1.0,0.36186186186186187,0.7742907476692569,0.9634634634634635,0.6001001001001001,0.5385385385385385,0.04713377596095062,0.05534105789800799
Symphony No. 6                                                                                                                                                                    - Allan Pettersson                                ,0.006754838559119905,0.047915598915507604,0.8883883883883883,0.028582301109640836,0.0,0.36686686686686687,0.8408408408408409,0.79915129136919,0.5405405405405406,0.05005005005005005,0.03403403403403403,0.05957707930167299
"Symphony No. 3 - ""Chant de la nuit"", Op. 27: Largo...                                                                                                                         - Karol Szymanowski                               ",0.011095421727869025,0.1347880334343368,0.6341341341341341,0.09010070377325043,1.0,0.4574574574574575,0.7851373182552503,0.6133931983186856,0.6091091091091092,0.5385385385385385,0.011417658371595946,0.16668465455133363
"Pines Of Rome, P. 141: 3. The Pines Of The Janiculum                                                                                                                            - Ottorino Respighi                               ",0.015600906011864915,0.027487239561542965,0.3918918918918919,0.014109506475569276,1.0,0.31731731731731727,0.8998998998998999,0.8373373373373374,0.16616616616616617,0.5385385385385385,0.014014014014014014,0.23523139171974242
"Don Giovanni, K.527: Overture                                                                                                                                                   - Wolfgang Amadeus Mozart                         ",0.33433433433433435,0.10810810810810811,0.27127127127127126,0.15255192299217463,1.0,0.21671671671671672,0.8578578578578578,0.8514793863631072,0.4169169169169169,0.5385385385385385,0.3763763763763764,0.6950142906405592
"Music for Strings, Percussion and Celesta, BB 114: II. Allegro                                                                                                                  - Béla Bartók                                     ",0.33183183183183185,0.08258258258258258,1.0,0.04657030986276078,0.0,0.34684684684684686,0.9059059059059059,0.9279279279279279,0.1931931931931932,0.5385385385385385,0.3923923923923924,0.8179868307381793
A Flock Descends Into The Pentagonal Garden                                                                                                                                       - Toru Takemitsu                                  ,0.000983149859674814,0.06026422254596763,0.3918918918918919,0.03237065578723197,0.0,0.36686686686686687,0.8978978978978979,0.7520061138708445,0.19792819134924391,0.5385385385385385,0.001052040501007314,0.004024997630825229
"1812 Festival Overture, Op. 49: 1812 Overture, Op. 49                                                                                                                           - Pyotr Ilyich Tchaikovsky                        ",0.0940940940940941,0.050300300300300305,0.3383383383383384,0.04409752590543896,1.0,0.40290290290290287,0.8838838838838838,0.7685414091470952,0.1809488196882509,0.5385385385385385,0.07807807807807808,0.13684197964153366
"Winter Fragments pour ensemble instrumental, sons de synthèse et dispositif électronique                                                                                        - Tristan Murail                                  ",0.07607607607607608,0.07107107107107107,0.5445445445445445,0.05498884892951138,1.0,0.34984984984984985,0.8507696015168997,0.7102148284385884,0.10710710710710711,0.5385385385385385,0.015015015015015015,0.1061353598667032
"Schoenberg: 5 Orchestral Pieces, Op. 16: No. 3 Farben (Colours)                                                                                                                 - Arnold Schoenberg                               ",0.0009466192509954591,0.0009237921169739351,0.8058058058058057,0.0009513119854480132,1.0,0.3358358358358358,0.9109109109109109,0.9981356896464809,0.14814814814814814,0.05005005005005005,0.01001001001001001,0.025272796929462698
"Serenade For Strings In E, Op.22, B. 52: 1. Moderato                                                                                                                            - Antonín Dvořák                                  ",0.022446654146942333,0.018902073847633642,0.3918918918918919,0.017523242396884495,1.0,0.3088088088088088,0.8668668668668669,0.7252865224775338,0.4074074074074074,0.5385385385385385,0.07007007007007007,0.011735215549279927
"Ravel: Boléro, M. 81                                                                                                                                                            - Maurice Ravel                                   ",0.3023023023023023,0.036888205558273345,0.4664664664664665,0.03682005010232567,1.0,0.1046046046046046,0.8218218218218218,0.7207207207207207,0.8018018018018018,0.05005005005005005,0.31431431431431434,0.006845295081905232
